Crime ID,Month,Reported by,Falls within,Longitude,Latitude,Location,LSOA code,LSOA name,Crime type,Last outcome category,Context
bfd6f271da1b11af8603b30534e5f0b5d8b01b5a2b86d4342800eed85d8426ba,2020-02,Norfolk Constabulary,Norfolk Constabulary,0.956674,52.051992,On or near Durrant Road,E01029893,Babergh 004B,Violence and sexual offences,Unable to prosecute suspect,
032a921a6809b69a50b041570de784ef7cb78b05d26ab31af740e958706b3111,2020-02,Norfolk Constabulary,Norfolk Constabulary,-1.926346,52.500374,On or near Scholars Road,E01009358,Birmingham 047B,Violence and sexual offences,Status update unavailable,
190076d3c5a1b574d426a208be5400f05647f7f9eb85370e1e4bc41912b01a0c,2020-02,Norfolk Constabulary,Norfolk Constabulary,-1.230602,52.635148,On or near Garfit Road,E01025639,Blaby 003C,Violence and sexual offences,Court result unavailable,
,2020-02,Norfolk Constabulary,Norfolk Constabulary,1.027885,52.743394,On or near Fakenham Road,E01026436,Breckland 001A,Anti-social behaviour,,
,2020-02,Norfolk Constabulary,Norfolk Constabulary,1.061248,52.719407,On or near Soanes Court,E01026436,Breckland 001A,Anti-social behaviour,,
43757c76a549dccfc81e09fb51b85abc51e8db228d9a64d53a9d5523ec6e8f10,2020-02,Norfolk Constabulary,Norfolk Constabulary,1.028115,52.745645,On or near Folland Court,E01026436,Breckland 001A,Criminal damage and arson,Court result unavailable,
5ca421e8d74967c3893f29ad2bb0897e48f39ba36813411d6c46beb286ecb85c,2020-02,Norfolk Constabulary,Norfolk Constabulary,1.017646,52.753476,On or near Chapel Road,E01026436,Breckland 001A,Criminal damage and arson,Investigation complete; no suspect identified,
c219938595ec5fb90fed6e4bc91d1a298ff52062a15b9688ac59992e80b93afb,2020-02,Norfolk Constabulary,Norfolk Constabulary,1.062192,52.717242,On or near Back Lane,E01026436,Breckland 001A,Drugs,Status update unavailable,
5c26076e303f4c0daded1a53772fbf505d43ed30700929f1de475da513d5fbb9,2020-02,Norfolk Constabulary,Norfolk Constabulary,1.031887,52.747033,On or near Old Reepham Road,E01026436,Breckland 001A,Other theft,Investigation complete; no suspect identified,
3db87fe5089f328cc85ef5a4f9e0ddfe13f7d2f0ef72b53abf9a992f9918d460,2020-02,Norfolk Constabulary,Norfolk Constabulary,1.031887,52.747033,On or near Old Reepham Road,E01026436,Breckland 001A,Other theft,Offender given a caution,
5be90643359f4d5057d2bbbe0d9d37a9d1bf54147265825c102429a3705da179,2020-02,Norfolk Constabulary,Norfolk Constabulary,1.028115,52.745645,On or near Folland Court,E01026436,Breckland 001A,Public order,Court result unavailable,
f3679359a5cd17b79b94a11bb8581ee7fab79c7fc3c6a8332de601ed761627d1,2020-02,Norfolk Constabulary,Norfolk Constabulary,1.029146,52.745556,On or near Blackhorse Close,E01026436,Breckland 001A,Violence and sexual offences,Unable to prosecute suspect,
02005fa237a7f274d935a38ce2e237b5bf8a0ec1a51bee5abec0cf0adc5e3312,2020-02,Norfolk Constabulary,Norfolk Constabulary,1.028115,52.745645,On or near Folland Court,E01026436,Breckland 001A,Violence and sexual offences,Court result unavailable,
4dcf8cdfc1978879b4bafd8ce56afdf303bbf421206f804f0ed63b0890ea49d5,2020-02,Norfolk Constabulary,Norfolk Constabulary,1.082968,52.729600,On or near Nowhere Lane,E01026436,Breckland 001A,Violence and sexual offences,Investigation complete; no suspect identified,
bbe0efd95c1628709503b830bea634a613b94dd4fb96c175bd60b1f88f341b87,2020-02,Norfolk Constabulary,Norfolk Constabulary,1.059429,52.719445,On or near The Common,E01026436,Breckland 001A,Violence and sexual offences,Unable to prosecute suspect,
7ec995567d34c0b74d690820b40ac64d6b04c467e6efd3db8120948f02bb6662,2020-02,Norfolk Constabulary,Norfolk Constabulary,1.041658,52.722016,On or near Park/Open Space,E01026461,Breckland 001C,Burglary,Unable to prosecute suspect,
a23813425f388a0b93400f2c05e56950ff2015d7dc362d3a2ca9fed42ffcf2d5,2020-02,Norfolk Constabulary,Norfolk Constabulary,0.979171,52.706598,On or near Ainsworth Close,E01026461,Breckland 001C,Criminal damage and arson,Court result unavailable,
44462c6d19d80956e765fecd364104741a728c4e713e600b985aeeab8faef125,2020-02,Norfolk Constabulary,Norfolk Constabulary,0.979171,52.706598,On or near Ainsworth Close,E01026461,Breckland 001C,Violence and sexual offences,Unable to prosecute suspect,
03c49b83a23c2a49611add5d85936e974e9efffb159e78aadb2fbfac75b360a1,2020-02,Norfolk Constabulary,Norfolk Constabulary,0.988156,52.714789,On or near Town Street,E01026461,Breckland 001C,Violence and sexual offences,Unable to prosecute suspect,
6d3c2156b40dc539688346ab1ee6b6ff15655c9011a80861671d864cd5dd06e9,2020-02,Norfolk Constabulary,Norfolk Constabulary,0.988156,52.714789,On or near Town Street,E01026461,Breckland 001C,Violence and sexual offences,Unable to prosecute suspect,
86ce3d312318ac9c4c8207e6a094a8bdfda7349502d424641456bc697fa8fb55,2020-02,Norfolk Constabulary,Norfolk Constabulary,0.959318,52.788570,On or near Bridge Road,E01026483,Breckland 001E,Violence and sexual offences,Unable to prosecute suspect,
f6dac71ea0111ba6545c5936fccd1bb6401a6055c0a3d2a206d7cd951e63a6ca,2020-02,Norfolk Constabulary,Norfolk Constabulary,0.940370,52.748898,On or near Spencers Close,E01026483,Breckland 001E,Violence and sexual offences,Unable to prosecute suspect,
94b5ce51f6e930c3aeb28e4cfeecfe14eb4bc12373f67d3a72ec9d4560bd0d63,2020-02,Norfolk Constabulary,Norfolk Constabulary,0.959318,52.788570,On or near Bridge Road,E01026483,Breckland 001E,Violence and sexual offences,Unable to prosecute suspect,
3351032ff107188c0ed4a7829719d068d456b019309893cada6e9e282dc0fd76,2020-02,Norfolk Constabulary,Norfolk Constabulary,0.992964,52.774803,On or near Sports/Recreation Area,E01033042,Breckland 001F,Criminal damage and arson,Investigation complete; no suspect identified,
ab12f71f178b8d542d0b2e80b950fb7bb2210e1c3b5e1324749f3bb0174dfb7e,2020-02,Norfolk Constabulary,Norfolk Constabulary,0.989309,52.726460,On or near Mill Street,E01033042,Breckland 001F,Other theft,Investigation complete; no suspect identified,
8ea87ae332bc52f1a07f27cb62d3c4631d99213003f7a5bf505a7f5794e46e1d,2020-02,Norfolk Constabulary,Norfolk Constabulary,0.989309,52.726460,On or near Mill Street,E01033042,Breckland 001F,Other theft,Investigation complete; no suspect identified,
fc24a7958321d7913456c3ecb1b1854979b49f292a16dfd1731dccb410d955f3,2020-02,Norfolk Constabulary,Norfolk Constabulary,0.980136,52.718786,On or near Hannah Road,E01033042,Breckland 001F,Violence and sexual offences,Unable to prosecute suspect,
d161bcc835e1ec08977318e9d67b11836768d21edc5752dd7258a1c08645318f,2020-02,Norfolk Constabulary,Norfolk Constabulary,0.980136,52.718786,On or near Hannah Road,E01033042,Breckland 001F,Violence and sexual offences,Unable to prosecute suspect,
f1031c7f057041cc0304d27eb73dadc427b41f41c9966b04836c8d182e88cfc0,2020-02,Norfolk Constabulary,Norfolk Constabulary,0.843848,52.800028,On or near School Road,E01026442,Breckland 002A,Criminal damage and arson,Investigation complete; no suspect identified,
4e6ec77671daf9f2fc14f511eeb24d342050da05e26359e77ab1c19134e8c1df,2020-02,Norfolk Constabulary,Norfolk Constabulary,0.862494,52.774221,On or near Thumb Lane,E01026442,Breckland 002A,Other theft,Investigation complete; no suspect identified,
185a1130f9f1fef3600351df922c73cbc2354ffa6f8065bf9e61c39f6e668a78,2020-02,Norfolk Constabulary,Norfolk Constabulary,0.867311,52.755930,On or near Back Lane,E01026442,Breckland 002A,Violence and sexual offences,Unable to prosecute suspect,
9546a2d4bb8e9859d259d7b5d6ce9075b5320c92d1bc1f6dcc2fc6fc9f11d81f,2020-02,Norfolk Constabulary,Norfolk Constabulary,0.867311,52.755930,On or near Back Lane,E01026442,Breckland 002A,Violence and sexual offences,Unable to prosecute suspect,
4f1e50f071bb8be2242dd7344b7a8162135c736b1e4547320a83a3c91296c72c,2020-02,Norfolk Constabulary,Norfolk Constabulary,0.866632,52.749202,On or near Church Lane,E01026442,Breckland 002A,Violence and sexual offences,Unable to prosecute suspect,
2ed4b144fcab6d52d2ef1e5e51b13649b70dafcf83c77141f2891e4e8f102911,2020-02,Norfolk Constabulary,Norfolk Constabulary,0.867311,52.755930,On or near Back Lane,E01026442,Breckland 002A,Violence and sexual offences,Unable to prosecute suspect,
3e7a42ae869a91eac378429cd752bf20839799976c8ab46c7f0a916c63e7ee91,2020-02,Norfolk Constabulary,Norfolk Constabulary,0.866632,52.749202,On or near Church Lane,E01026442,Breckland 002A,Violence and sexual offences,Status update unavailable,
bdb3c9bc3be4cabae1a01f2761d2110c2863d67f78eb146689cc56dae94a8138,2020-02,Norfolk Constabulary,Norfolk Constabulary,0.866632,52.749202,On or near Church Lane,E01026442,Breckland 002A,Violence and sexual offences,Unable to prosecute suspect,
edd7b0553e086e314b7103d70c38df3745a87e25cc33d5ec12c2d5a7ebb7b1e5,2020-02,Norfolk Constabulary,Norfolk Constabulary,0.867311,52.755930,On or near Back Lane,E01026442,Breckland 002A,Violence and sexual offences,Unable to prosecute suspect,
610ca850b7c472e557d4227a40b37e5e19c6e19e435d44fed87326b663b1a978,2020-02,Norfolk Constabulary,Norfolk Constabulary,0.867311,52.755930,On or near Back Lane,E01026442,Breckland 002A,Violence and sexual offences,Unable to prosecute suspect,
e0ea6a54800734a429076b4e96a13fe1cfc36fa33bf7888233e981fe451323f2,2020-02,Norfolk Constabulary,Norfolk Constabulary,0.761183,52.680396,On or near The Street,E01026443,Breckland 002B,Drugs,Offender given a caution,
3b6fb79e8314ffd7af41a25a01c76ba32b07864d1e01ca81f4925162bcf52710,2020-02,Norfolk Constabulary,Norfolk Constabulary,0.790804,52.723055,On or near Manor Drive,E01026443,Breckland 002B,Public order,Unable to prosecute suspect,
6a72be84f1cd718504ab8c3420cab6fc75e5757d6dcbc44f431039261a4e68e2,2020-02,Norfolk Constabulary,Norfolk Constabulary,0.793281,52.722888,On or near Church Street,E01026443,Breckland 002B,Public order,Unable to prosecute suspect,
33d1bdfb3b21efe847022a23c7402d73efc93c047aeff768475cc21140494b40,2020-02,Norfolk Constabulary,Norfolk Constabulary,0.793281,52.722888,On or near Church Street,E01026443,Breckland 002B,Violence and sexual offences,Unable to prosecute suspect,
9d0050828c3c194f8ff804e0283ce578ca76b6f6243e2628dd7d27b17e1ac6c7,2020-02,Norfolk Constabulary,Norfolk Constabulary,0.817727,52.707175,On or near Mill Drift,E01026443,Breckland 002B,Violence and sexual offences,Unable to prosecute suspect,
7f4ca58b1760890506b01d21de12f3d8dd73b9b2a0aa4eea7a1208d53e10e5e1,2020-02,Norfolk Constabulary,Norfolk Constabulary,0.712597,52.752027,On or near Holly Close,E01026443,Breckland 002B,Violence and sexual offences,Court result unavailable,
08014edebff33360e080438499726ce2860b07205a03961f088a1eb2c8c6d797,2020-02,Norfolk Constabulary,Norfolk Constabulary,0.793281,52.722888,On or near Church Street,E01026443,Breckland 002B,Other crime,Further investigation is not in the public interest,
,2020-02,Norfolk Constabulary,Norfolk Constabulary,0.733781,52.665232,On or near Hill'S Close,E01026445,Breckland 002C,Anti-social behaviour,,
5c82d3da65c27c4088b3a4d0138e490dfd48ca21cf12c4797b8073af72fc3e6a,2020-02,Norfolk Constabulary,Norfolk Constabulary,0.585081,52.681321,On or near Westfields,E01026445,Breckland 002C,Burglary,Status update unavailable,
edc1109165d838d9604b29b64189e418e27402ef49323fa736c8fac7af11942e,2020-02,Norfolk Constabulary,Norfolk Constabulary,0.589144,52.680477,On or near Sports/Recreation Area,E01026445,Breckland 002C,Burglary,Investigation complete; no suspect identified,
44fcf02e902dc23d917120484ffc5536b18ba0e751fa3e9a8858d1ea917b6bac,2020-02,Norfolk Constabulary,Norfolk Constabulary,0.733781,52.665232,On or near Hill'S Close,E01026445,Breckland 002C,Criminal damage and arson,Local resolution,
47a53401c7e5283ec7ecfd06023979cb6f470f40e43125635ee3d2258ca17706,2020-02,Norfolk Constabulary,Norfolk Constabulary,0.591024,52.682495,On or near Swaffham Road,E01026445,Breckland 002C,Drugs,Court result unavailable,
c2f299d5e12aa1681fd31b01b94ef9934078e3afddd2a70231b1b2b9a7f3dd7f,2020-02,Norfolk Constabulary,Norfolk Constabulary,0.733781,52.665232,On or near Hill'S Close,E01026445,Breckland 002C,Public order,Unable to prosecute suspect,
84e644d8ca06ac681bb10bb5924862d2a7e8431c2c56964257f540cf32476c1f,2020-02,Norfolk Constabulary,Norfolk Constabulary,0.733997,52.667268,On or near Priory Place,E01026445,Breckland 002C,Public order,Unable to prosecute suspect,
5dc4eb7c8a7389284090d37edde81fd14c208ee5ee701402073464b24349e0e0,2020-02,Norfolk Constabulary,Norfolk Constabulary,0.733781,52.665232,On or near Hill'S Close,E01026445,Breckland 002C,Violence and sexual offences,Unable to prosecute suspect,
c820131a59b245cd2b5e9938448dce602801db4df8721cba576e5d9b56c5e726,2020-02,Norfolk Constabulary,Norfolk Constabulary,0.589144,52.680477,On or near Sports/Recreation Area,E01026445,Breckland 002C,Violence and sexual offences,Unable to prosecute suspect,
3ace6fef745cc32c9c39301c452bc52380c16c1c9c9c93a5f6e95adfa5159dfb,2020-02,Norfolk Constabulary,Norfolk Constabulary,0.589144,52.680477,On or near Sports/Recreation Area,E01026445,Breckland 002C,Violence and sexual offences,Unable to prosecute suspect,
bac03250424fa565510cd4b582937ef49d07a343c71192673f1f6030dc6229ed,2020-02,Norfolk Constabulary,Norfolk Constabulary,0.589444,52.682053,On or near Eastfields,E01026445,Breckland 002C,Violence and sexual offences,Unable to prosecute suspect,
8bd2364007bd253532e3fbc6b2c94fd2396f329b0d541cbe768a6bb0c84204e0,2020-02,Norfolk Constabulary,Norfolk Constabulary,0.733781,52.665232,On or near Hill'S Close,E01026445,Breckland 002C,Violence and sexual offences,Unable to prosecute suspect,
3172613fec7670b62e60b0060c798da6e87140bd14c91305ee1297dc7ac83b18,2020-02,Norfolk Constabulary,Norfolk Constabulary,0.733781,52.665232,On or near Hill'S Close,E01026445,Breckland 002C,Other crime,Investigation complete; no suspect identified,
b3f551ea51352b71280ffc7936c172732d841788aeae9a29d5a7013f49a14c46,2020-02,Norfolk Constabulary,Norfolk Constabulary,0.733781,52.665232,On or near Hill'S Close,E01026445,Breckland 002C,Other crime,Investigation complete; no suspect identified,
920c91df75401c43f489d3058dcd4bbbba30cd1525210ab40f44b72370598783,2020-02,Norfolk Constabulary,Norfolk Constabulary,0.733781,52.665232,On or near Hill'S Close,E01026445,Breckland 002C,Other crime,Investigation complete; no suspect identified,
4e519af9f0212e5a0181ea1eed948ad7adb343a751797f38c0bdbb8874674228,2020-02,Norfolk Constabulary,Norfolk Constabulary,0.916983,52.721823,On or near Sports/Recreation Area,E01026462,Breckland 002D,Burglary,Investigation complete; no suspect identified,
1771dd0c22614ec54d5a3f3a209a3e54926d6fb5d0019faf50161659b35997af,2020-02,Norfolk Constabulary,Norfolk Constabulary,0.849162,52.741737,On or near Stanfield Road,E01026462,Breckland 002D,Violence and sexual offences,Further investigation is not in the public interest,
aa208d6758e991c9af57694528dba3753a4d40a2b9e0de98795e03ed58f63b5a,2020-02,Norfolk Constabulary,Norfolk Constabulary,0.849162,52.741737,On or near Stanfield Road,E01026462,Breckland 002D,Violence and sexual offences,Unable to prosecute suspect,
a1c5dc4b1cca252ab54fe28d6fc9ce2f1506d52edc378f3dba7af687cd5bf534,2020-02,Norfolk Constabulary,Norfolk Constabulary,0.849162,52.741737,On or near Stanfield Road,E01026462,Breckland 002D,Violence and sexual offences,Further investigation is not in the public interest,
f1878fce3087511177beeb9868f2be600b21cdf42ec4cf95b9d4251094ee7f8b,2020-02,Norfolk Constabulary,Norfolk Constabulary,0.849162,52.741737,On or near Stanfield Road,E01026462,Breckland 002D,Violence and sexual offences,Further investigation is not in the public interest,
,2020-02,Norfolk Constabulary,Norfolk Constabulary,0.938039,52.686951,On or near Chase Court,E01026428,Breckland 003A,Anti-social behaviour,,
,2020-02,Norfolk Constabulary,Norfolk Constabulary,0.927045,52.684759,On or near Wallace Close,E01026428,Breckland 003A,Anti-social behaviour,,
e00e711e6a1fba73e1a89b73964559aa96d4e289bb30b728a4563f986c84a6df,2020-02,Norfolk Constabulary,Norfolk Constabulary,0.935743,52.683617,On or near Dairy Crescent,E01026428,Breckland 003A,Criminal damage and arson,Unable to prosecute suspect,
01699a4e4500fc56e550f6cb221fc9982f952da5aaf66fefc34f81dbf2c139fc,2020-02,Norfolk Constabulary,Norfolk Constabulary,0.939794,52.682681,On or near Quebec Road,E01026428,Breckland 003A,Public order,Unable to prosecute suspect,
7a7cebe41eeb15eaee706375c8e10bf877dcab3ad530680a3ceffc45d2bb71ce,2020-02,Norfolk Constabulary,Norfolk Constabulary,0.941174,52.685164,On or near Tudor Court,E01026428,Breckland 003A,Vehicle crime,Suspect charged as part of another case,
555573c8caa73de9227ec4b0d7ba6d02d2e4e20f0a9a77b7c276b4546f3e7cbf,2020-02,Norfolk Constabulary,Norfolk Constabulary,0.935743,52.683617,On or near Dairy Crescent,E01026428,Breckland 003A,Violence and sexual offences,Court result unavailable,
c84afcb37fdbd508961af9502e5d6eaf955fe3e25f3960d042f5edb5eef90f3d,2020-02,Norfolk Constabulary,Norfolk Constabulary,0.931616,52.686948,On or near Girling Road,E01026428,Breckland 003A,Violence and sexual offences,Unable to prosecute suspect,
d69206bb7f7dc346fb7ced0133ab334c6cede5ee09836ba7e310c7a6cd0724f2,2020-02,Norfolk Constabulary,Norfolk Constabulary,0.931357,52.689715,On or near Keats Close,E01026428,Breckland 003A,Violence and sexual offences,Unable to prosecute suspect,
f96fee38f8299be9e11089e3a2f4578cd5f45cc1820f40e267e70c825a9e655c,2020-02,Norfolk Constabulary,Norfolk Constabulary,0.938039,52.686951,On or near Chase Court,E01026428,Breckland 003A,Violence and sexual offences,Unable to prosecute suspect,
9e54933e92b75b8a268041533706f774c5173f09ed97b38402990658143378e0,2020-02,Norfolk Constabulary,Norfolk Constabulary,0.931081,52.687798,On or near Humbletoft Road,E01026428,Breckland 003A,Violence and sexual offences,Unable to prosecute suspect,
5a21f87a1fd36bb1ef6b26bbca985b81de64f104560e9aa616a393709c46526d,2020-02,Norfolk Constabulary,Norfolk Constabulary,0.931616,52.686948,On or near Girling Road,E01026428,Breckland 003A,Other crime,Further investigation is not in the public interest,
,2020-02,Norfolk Constabulary,Norfolk Constabulary,0.942709,52.683777,On or near Theatre Street,E01026429,Breckland 003B,Anti-social behaviour,,
,2020-02,Norfolk Constabulary,Norfolk Constabulary,0.948106,52.680424,On or near Ramillies Close,E01026429,Breckland 003B,Anti-social behaviour,,
efb31aaf022e179de3895d7c88c0b29152a1c79bf6359f5f56d6b346adb5a5fb,2020-02,Norfolk Constabulary,Norfolk Constabulary,0.941109,52.683529,On or near Parking Area,E01026429,Breckland 003B,Criminal damage and arson,Investigation complete; no suspect identified,
69d35c430186329cd3f634f90b6bcbd9f2be4c6ba5af1c14744248b4e24fe5a0,2020-02,Norfolk Constabulary,Norfolk Constabulary,0.948106,52.680424,On or near Ramillies Close,E01026429,Breckland 003B,Criminal damage and arson,Unable to prosecute suspect,
6fa73760654b73dd5d3bf002ce2ec8b2c05b9ef1747d48458f979b1392233fcc,2020-02,Norfolk Constabulary,Norfolk Constabulary,0.948106,52.680424,On or near Ramillies Close,E01026429,Breckland 003B,Drugs,Court result unavailable,
946591d10bb26f2e70a142e2fb6e31c02683faee7d623963850951e9bb053ebb,2020-02,Norfolk Constabulary,Norfolk Constabulary,0.941109,52.683529,On or near Parking Area,E01026429,Breckland 003B,Drugs,Local resolution,
e604f4794aabe12d0c0b74d66e7ee689b3ff5db6a31bc3fe2237732953291d1d,2020-02,Norfolk Constabulary,Norfolk Constabulary,0.941109,52.683529,On or near Parking Area,E01026429,Breckland 003B,Drugs,Offender given a caution,
3dc32e19f6e987a95a6b77807a7304cfaed9a420a3dcf9c7b23b52b680a13d15,2020-02,Norfolk Constabulary,Norfolk Constabulary,0.942293,52.682870,On or near St Nicholas Street,E01026429,Breckland 003B,Other theft,Investigation complete; no suspect identified,
1725440393225e9aed7d3c03799cf44e27bbb0d7a3beb4099b9b3145296e04f8,2020-02,Norfolk Constabulary,Norfolk Constabulary,0.945900,52.683266,On or near King'S Park,E01026429,Breckland 003B,Public order,Unable to prosecute suspect,
c14c56093af28233593edf9931eb7a4dc49d28beaf0ddc2ca41845711715b280,2020-02,Norfolk Constabulary,Norfolk Constabulary,0.945900,52.683266,On or near King'S Park,E01026429,Breckland 003B,Vehicle crime,Suspect charged as part of another case,
2fbc1abc0b55281f8b321c2156f208a2d330b479057e0444405cfb342fcf595c,2020-02,Norfolk Constabulary,Norfolk Constabulary,0.948106,52.680424,On or near Ramillies Close,E01026429,Breckland 003B,Violence and sexual offences,Unable to prosecute suspect,
5e067b863191161062bd7ddbb2ae838416dcd8b0d8b07d5a2b1eb342bf00719b,2020-02,Norfolk Constabulary,Norfolk Constabulary,0.941109,52.683529,On or near Parking Area,E01026429,Breckland 003B,Violence and sexual offences,Unable to prosecute suspect,
,2020-02,Norfolk Constabulary,Norfolk Constabulary,0.967305,52.677912,On or near Foxglove Drive,E01026430,Breckland 003C,Anti-social behaviour,,
d4770936eaa5383315aaa528c188e5b492a737f356940a0dde733b2074f4ce2b,2020-02,Norfolk Constabulary,Norfolk Constabulary,0.949060,52.685130,On or near Swanton Drive,E01026430,Breckland 003C,Criminal damage and arson,Investigation complete; no suspect identified,
de8bf584dfdfcb6ec06880bbf4f90d7b97a55f459ac15c41a9f6ed75f74e9171,2020-02,Norfolk Constabulary,Norfolk Constabulary,0.969492,52.680060,On or near Paget Adams Drive,E01026430,Breckland 003C,Vehicle crime,Investigation complete; no suspect identified,
46927ba9f2dcc2e0b185924e37f9726c3947a4b049cbceb15bd09293221587d6,2020-02,Norfolk Constabulary,Norfolk Constabulary,0.954042,52.682650,On or near Neatherd Moor,E01026430,Breckland 003C,Vehicle crime,Suspect charged as part of another case,
5bb81a88e2c1b80e2d19f45b74c4b6921780297a1c77705291a71bd21673d10d,2020-02,Norfolk Constabulary,Norfolk Constabulary,0.969492,52.680060,On or near Paget Adams Drive,E01026430,Breckland 003C,Violence and sexual offences,Local resolution,
0c025bae03dd43327ef8b0c8119ee565a92cbcddbec748de51efd936061fc069,2020-02,Norfolk Constabulary,Norfolk Constabulary,0.955749,52.680107,On or near Keepers Close,E01026430,Breckland 003C,Violence and sexual offences,Unable to prosecute suspect,
c7c677f8a0228f111b80029e94ae680b4aa9f75c1bc4721fae955e59334aebde,2020-02,Norfolk Constabulary,Norfolk Constabulary,0.940272,52.687147,On or near Sports/Recreation Area,E01026431,Breckland 003D,Criminal damage and arson,Awaiting court outcome,
92129a01b80dd1e416bcb03213c3d04c9eaa2d25705f1a051f7d84dc0b56be1b,2020-02,Norfolk Constabulary,Norfolk Constabulary,0.942933,52.685346,On or near Emelson Close,E01026431,Breckland 003D,Drugs,Action to be taken by another organisation,
dd0fec694d23fa1108583aa34b6855761d271908a03ba7d4c765d98ef2f1fafe,2020-02,Norfolk Constabulary,Norfolk Constabulary,0.944250,52.689081,On or near Northgate,E01026431,Breckland 003D,Public order,Unable to prosecute suspect,
5a4cf06a45250d1dc6fd455bdc3bdee0a317b9dfe774d3995534d7bc49dc3780,2020-02,Norfolk Constabulary,Norfolk Constabulary,0.939802,52.690279,On or near De-Narde Road,E01026431,Breckland 003D,Public order,Unable to prosecute suspect,
e12ebf993a5adabb892d08d5f0b9c606d00d1330a11acd3214565fd7bb5ef442,2020-02,Norfolk Constabulary,Norfolk Constabulary,0.782656,52.652763,On or near Larwood Close,E01026446,Breckland 004A,Other theft,Offender given a caution,
26e7bcfc76596b15d5632f7dcdc70041da1f316b685fc2f50507f0b1222ce7db,2020-02,Norfolk Constabulary,Norfolk Constabulary,0.784266,52.652042,On or near Ketts Hill,E01026446,Breckland 004A,Other theft,Court result unavailable,
e7c26e29909d56878f5d7d091fcb9dfa75d5c53536eed64aa8930e3b7669caf8,2020-02,Norfolk Constabulary,Norfolk Constabulary,0.784266,52.652042,On or near Ketts Hill,E01026446,Breckland 004A,Vehicle crime,Court result unavailable,
f44ddb28484f93630c68595585a34bbcfd9b6e6385b43463f472b5ca279dce98,2020-02,Norfolk Constabulary,Norfolk Constabulary,0.776185,52.655883,On or near St Andrews Way,E01026446,Breckland 004A,Vehicle crime,Court result unavailable,
c420ac683eea73124d4f681a5a8cb7fc5a9c424f2bea2a66e40f2d9b2ce50ef4,2020-02,Norfolk Constabulary,Norfolk Constabulary,0.784266,52.652042,On or near Ketts Hill,E01026446,Breckland 004A,Violence and sexual offences,Court result unavailable,
e3c893e2209b911baf5380c79610fd5fb1734a88a1669f5816f06b1bee543d8b,2020-02,Norfolk Constabulary,Norfolk Constabulary,0.776430,52.650194,On or near The Avenue,E01026446,Breckland 004A,Violence and sexual offences,Unable to prosecute suspect,
a80fb58d7cfa88f6f0364938701bfa078d7e784987769c5f45260e32ba7df09d,2020-02,Norfolk Constabulary,Norfolk Constabulary,0.903585,52.714338,On or near Park Road,E01026452,Breckland 004B,Burglary,Investigation complete; no suspect identified,
5258454b9c8d0c7e3152863a26dc72d911738285f2b6f9128a0a17efc032e092,2020-02,Norfolk Constabulary,Norfolk Constabulary,0.925927,52.678231,On or near Willow Road,E01026452,Breckland 004B,Criminal damage and arson,Unable to prosecute suspect,
42259222d681d81cdf6ebdd37905423d943d281aa087b980fd991d309091263a,2020-02,Norfolk Constabulary,Norfolk Constabulary,0.899462,52.698836,On or near Park/Open Space,E01026452,Breckland 004B,Other theft,Investigation complete; no suspect identified,
25afe7fc2c6ceea1cbc74f7e48c6b90dad38c09195b775897512645ac58ce0ff,2020-02,Norfolk Constabulary,Norfolk Constabulary,0.909439,52.708844,On or near Taylor'S Lane,E01026452,Breckland 004B,Violence and sexual offences,Unable to prosecute suspect,
154f74369caada0a620162c3afa261e77787d614b3919dab6b0fdfe1f9c54a26,2020-02,Norfolk Constabulary,Norfolk Constabulary,0.925927,52.678231,On or near Willow Road,E01026452,Breckland 004B,Violence and sexual offences,Unable to prosecute suspect,
40f307be7a526488b104f79704eb8233a6e28789ace776f8e32ce6fadd658847,2020-02,Norfolk Constabulary,Norfolk Constabulary,0.926212,52.677172,On or near Redfern Close,E01026452,Breckland 004B,Violence and sexual offences,Unable to prosecute suspect,
656079fa87791fff5ff224b3654677d00a19ed06fbc2e64f867bd25b478f36b8,2020-02,Norfolk Constabulary,Norfolk Constabulary,0.909608,52.711600,On or near Soken Drive,E01026452,Breckland 004B,Violence and sexual offences,Unable to prosecute suspect,
3fc7e2a5e59148b2864ec20b65e58401019c4230c746446a404e2e3f99e5cba8,2020-02,Norfolk Constabulary,Norfolk Constabulary,0.909439,52.708844,On or near Taylor'S Lane,E01026452,Breckland 004B,Violence and sexual offences,Unable to prosecute suspect,
894a3f1156bd6806509c182aec979d15bdbbc4c36317f12611d38a90a2203f99,2020-02,Norfolk Constabulary,Norfolk Constabulary,0.909439,52.708844,On or near Taylor'S Lane,E01026452,Breckland 004B,Violence and sexual offences,Unable to prosecute suspect,
9f1ca12b20d716ed887df65a7068889cbb98b84d02f46abd6fb5829dfcea5500,2020-02,Norfolk Constabulary,Norfolk Constabulary,0.909439,52.708844,On or near Taylor'S Lane,E01026452,Breckland 004B,Violence and sexual offences,Unable to prosecute suspect,
a674dc7c095e3b9460c67c32356f3c1a6aa242e6847f48cdcb2518a665105457,2020-02,Norfolk Constabulary,Norfolk Constabulary,0.903563,52.682351,On or near Podmore Lane,E01026452,Breckland 004B,Violence and sexual offences,Unable to prosecute suspect,
aba026fbecc120ca5d4ab94b12a3e24def9a0b8f5e38afe4a5971cbf11ce1942,2020-02,Norfolk Constabulary,Norfolk Constabulary,0.821442,52.668383,On or near Goggles Lane,E01026453,Breckland 004C,Public order,Investigation complete; no suspect identified,
e4045c8276f49d94fb934785a9b619aa138490b9c3bc14273baecf003a147439,2020-02,Norfolk Constabulary,Norfolk Constabulary,0.901962,52.675385,On or near A47,E01026453,Breckland 004C,Violence and sexual offences,Court result unavailable,
7e04d966a06350d2b2d22f349d5e3c713ecb4267b63a7e6623fc76306859fd03,2020-02,Norfolk Constabulary,Norfolk Constabulary,0.890425,52.671180,On or near Mayfair,E01026453,Breckland 004C,Violence and sexual offences,Unable to prosecute suspect,
efd53c048e8a87186da0bd6557bfbb7fa0b3249c2930322610aaef2f00dfcc3b,2020-02,Norfolk Constabulary,Norfolk Constabulary,0.921480,52.672567,On or near Park/Open Space,E01026453,Breckland 004C,Violence and sexual offences,Unable to prosecute suspect,
3cb33d7c20e3a66027bd0224e7227743c50b5f6c1bf2e1db88d9ef1242b4ebdf,2020-02,Norfolk Constabulary,Norfolk Constabulary,0.890425,52.671180,On or near Mayfair,E01026453,Breckland 004C,Violence and sexual offences,Action to be taken by another organisation,
29ad64c98d046a3357064a484a1e3cebb433572c33fd6639c26d2c898df6b67e,2020-02,Norfolk Constabulary,Norfolk Constabulary,0.901962,52.675385,On or near A47,E01026453,Breckland 004C,Violence and sexual offences,Unable to prosecute suspect,
1fb2a86b24729ade3a7d789736eba30f777df4296c7f58e6075af5518158b263,2020-02,Norfolk Constabulary,Norfolk Constabulary,0.890425,52.671180,On or near Mayfair,E01026453,Breckland 004C,Violence and sexual offences,Action to be taken by another organisation,
5841109e612f7bd448e58a10f69ef1ae40b5012ab2fd3acfb404970dec5684b7,2020-02,Norfolk Constabulary,Norfolk Constabulary,0.890425,52.671180,On or near Mayfair,E01026453,Breckland 004C,Other crime,Further investigation is not in the public interest,
,2020-02,Norfolk Constabulary,Norfolk Constabulary,0.930406,52.679487,On or near Chestnut Road,E01026454,Breckland 004D,Anti-social behaviour,,
c0dd7355b9f4c3351d87d573ebfd388985042bbc28b557c0dd14e9633a084dbb,2020-02,Norfolk Constabulary,Norfolk Constabulary,0.929965,52.680190,On or near Dereham Road,E01026454,Breckland 004D,Criminal damage and arson,Investigation complete; no suspect identified,
9fb282922793fde218d23961b2dc1b8276b3c77f8524b32be8f216486425d495,2020-02,Norfolk Constabulary,Norfolk Constabulary,0.927237,52.677686,On or near Harry Blunt Way,E01026454,Breckland 004D,Violence and sexual offences,Awaiting court outcome,
ae7466a797ab75793d98821722a3af6dd5be3bd2e1ee0b62670ba308978f6faa,2020-02,Norfolk Constabulary,Norfolk Constabulary,0.930406,52.679487,On or near Chestnut Road,E01026454,Breckland 004D,Other crime,Unable to prosecute suspect,
,2020-02,Norfolk Constabulary,Norfolk Constabulary,0.939676,52.680921,On or near Church Street,E01026425,Breckland 005A,Anti-social behaviour,,
,2020-02,Norfolk Constabulary,Norfolk Constabulary,0.939676,52.680921,On or near Church Street,E01026425,Breckland 005A,Anti-social behaviour,,
,2020-02,Norfolk Constabulary,Norfolk Constabulary,0.943018,52.676935,On or near London Road,E01026425,Breckland 005A,Anti-social behaviour,,
,2020-02,Norfolk Constabulary,Norfolk Constabulary,0.941427,52.671093,On or near Ascot Gardens,E01026425,Breckland 005A,Anti-social behaviour,,
,2020-02,Norfolk Constabulary,Norfolk Constabulary,0.941203,52.676791,On or near Howard Crescent,E01026425,Breckland 005A,Anti-social behaviour,,
,2020-02,Norfolk Constabulary,Norfolk Constabulary,0.939676,52.680921,On or near Church Street,E01026425,Breckland 005A,Anti-social behaviour,,
,2020-02,Norfolk Constabulary,Norfolk Constabulary,0.932673,52.672480,On or near Johnson Close,E01026425,Breckland 005A,Anti-social behaviour,,
,2020-02,Norfolk Constabulary,Norfolk Constabulary,0.939676,52.680921,On or near Church Street,E01026425,Breckland 005A,Anti-social behaviour,,
,2020-02,Norfolk Constabulary,Norfolk Constabulary,0.939676,52.680921,On or near Church Street,E01026425,Breckland 005A,Anti-social behaviour,,
c041f3b98727be98e56918e9dfe4607cf6b53ec8b371c2d1dc16451a3b755b9b,2020-02,Norfolk Constabulary,Norfolk Constabulary,0.938444,52.676896,On or near Carlton Close,E01026425,Breckland 005A,Criminal damage and arson,Investigation complete; no suspect identified,
a15f5dfdd4d4bcec2c9780e1983487cc641e4073b539b8b070fd1d3c03722808,2020-02,Norfolk Constabulary,Norfolk Constabulary,0.935507,52.671717,On or near Reeder Close,E01026425,Breckland 005A,Criminal damage and arson,Status update unavailable,
513b876e83991b12101baade890e86b79dbfe10ddb5db8f30739fce586f1e1dd,2020-02,Norfolk Constabulary,Norfolk Constabulary,0.941427,52.671093,On or near Ascot Gardens,E01026425,Breckland 005A,Criminal damage and arson,Investigation complete; no suspect identified,
0980b58a953eed6099fbefb1c474ea10552fe927faaa5625499bd2d20fb3b7b8,2020-02,Norfolk Constabulary,Norfolk Constabulary,0.938158,52.673081,On or near Moorgate Road,E01026425,Breckland 005A,Drugs,Court result unavailable,
b2dcc429b3e72652c4e8f927ce5b8bac5334fbe644550052b47cb3ad34f3e6cc,2020-02,Norfolk Constabulary,Norfolk Constabulary,0.940934,52.677401,On or near Baxter Row,E01026425,Breckland 005A,Public order,Unable to prosecute suspect,
dabfa2dc54f8ed8eef475261aa4c080f88af9aa1f4551801f35d7a1c0ba65aef,2020-02,Norfolk Constabulary,Norfolk Constabulary,0.933547,52.672710,On or near Mallard Way,E01026425,Breckland 005A,Public order,Unable to prosecute suspect,
160aa8c47f0191f549d539b1d8055c78ed1d53bd4bd823b295a87db13cb00fbd,2020-02,Norfolk Constabulary,Norfolk Constabulary,0.939676,52.680921,On or near Church Street,E01026425,Breckland 005A,Public order,Unable to prosecute suspect,
6fd80d52803e51e1ad89015a89e1410e9666d908e27b9661869fb7398a0c80dc,2020-02,Norfolk Constabulary,Norfolk Constabulary,0.939676,52.680921,On or near Church Street,E01026425,Breckland 005A,Violence and sexual offences,Investigation complete; no suspect identified,
c2e04454b001dba880baf0933d0147de6644fe615e7e82f286680937d950dcc6,2020-02,Norfolk Constabulary,Norfolk Constabulary,0.939676,52.680921,On or near Church Street,E01026425,Breckland 005A,Violence and sexual offences,Unable to prosecute suspect,
29f3d70c8053022e0d36fe9adfc82f0c39af2768590477d2d8956254ccfae054,2020-02,Norfolk Constabulary,Norfolk Constabulary,0.939676,52.680921,On or near Church Street,E01026425,Breckland 005A,Violence and sexual offences,Unable to prosecute suspect,
007c1cfb2c030e8c4ec54fe769649f38344d8035f6f8c1a1a23fca65d819955b,2020-02,Norfolk Constabulary,Norfolk Constabulary,0.943208,52.675357,On or near Swan Road,E01026425,Breckland 005A,Violence and sexual offences,Unable to prosecute suspect,
e4e1e705bde83ede8c7a2e948acb19525a209804703ff152d90f4d48eff8966f,2020-02,Norfolk Constabulary,Norfolk Constabulary,0.937944,52.671872,On or near Hyde Road,E01026425,Breckland 005A,Violence and sexual offences,Unable to prosecute suspect,
48a86598e7975536ca59be38aea4e573cb0c3e7e262ac1a158200e7eabf939f2,2020-02,Norfolk Constabulary,Norfolk Constabulary,0.937128,52.671182,On or near Howlett Close,E01026425,Breckland 005A,Violence and sexual offences,Unable to prosecute suspect,
aab4ed5231b46202fdfddbb0196af3174eb75ce6af0fb6b06382223ffcc317e4,2020-02,Norfolk Constabulary,Norfolk Constabulary,0.931752,52.671981,On or near Bayfield Avenue,E01026425,Breckland 005A,Violence and sexual offences,Unable to prosecute suspect,
a53e02ebc0b6e298c163c89d28f4f8b284c5696fd18a50a97725a85e8d0a5dad,2020-02,Norfolk Constabulary,Norfolk Constabulary,0.943018,52.676935,On or near London Road,E01026425,Breckland 005A,Violence and sexual offences,Unable to prosecute suspect,
1120dd75f8a832c4c0d6b8f38d3972aa97068dab2ccdfe94c27eb4b936e80d62,2020-02,Norfolk Constabulary,Norfolk Constabulary,0.935507,52.671717,On or near Reeder Close,E01026425,Breckland 005A,Violence and sexual offences,Investigation complete; no suspect identified,
d2f4ebf72f378be5bd23232ce660a4b11dc83e49e239b34da82127154fedf8bb,2020-02,Norfolk Constabulary,Norfolk Constabulary,0.935507,52.671717,On or near Reeder Close,E01026425,Breckland 005A,Violence and sexual offences,Unable to prosecute suspect,
,2020-02,Norfolk Constabulary,Norfolk Constabulary,0.940658,52.681229,On or near Red Lion Street,E01026426,Breckland 005B,Anti-social behaviour,,
,2020-02,Norfolk Constabulary,Norfolk Constabulary,0.943950,52.678477,On or near Commercial Road,E01026426,Breckland 005B,Anti-social behaviour,,
,2020-02,Norfolk Constabulary,Norfolk Constabulary,0.943950,52.678477,On or near Commercial Road,E01026426,Breckland 005B,Anti-social behaviour,,
,2020-02,Norfolk Constabulary,Norfolk Constabulary,0.943950,52.678477,On or near Commercial Road,E01026426,Breckland 005B,Anti-social behaviour,,
,2020-02,Norfolk Constabulary,Norfolk Constabulary,0.943950,52.678477,On or near Commercial Road,E01026426,Breckland 005B,Anti-social behaviour,,
,2020-02,Norfolk Constabulary,Norfolk Constabulary,0.943919,52.681301,On or near Cowper Road,E01026426,Breckland 005B,Anti-social behaviour,,
,2020-02,Norfolk Constabulary,Norfolk Constabulary,0.943950,52.678477,On or near Commercial Road,E01026426,Breckland 005B,Anti-social behaviour,,
,2020-02,Norfolk Constabulary,Norfolk Constabulary,0.946630,52.678932,On or near Petrol Station,E01026426,Breckland 005B,Anti-social behaviour,,
,2020-02,Norfolk Constabulary,Norfolk Constabulary,0.943950,52.678477,On or near Commercial Road,E01026426,Breckland 005B,Anti-social behaviour,,
,2020-02,Norfolk Constabulary,Norfolk Constabulary,0.943950,52.678477,On or near Commercial Road,E01026426,Breckland 005B,Anti-social behaviour,,
,2020-02,Norfolk Constabulary,Norfolk Constabulary,0.941805,52.678476,On or near Banyard Place,E01026426,Breckland 005B,Anti-social behaviour,,
,2020-02,Norfolk Constabulary,Norfolk Constabulary,0.943950,52.678477,On or near Commercial Road,E01026426,Breckland 005B,Anti-social behaviour,,
,2020-02,Norfolk Constabulary,Norfolk Constabulary,0.943950,52.678477,On or near Commercial Road,E01026426,Breckland 005B,Anti-social behaviour,,
,2020-02,Norfolk Constabulary,Norfolk Constabulary,0.943950,52.678477,On or near Commercial Road,E01026426,Breckland 005B,Anti-social behaviour,,
,2020-02,Norfolk Constabulary,Norfolk Constabulary,0.943950,52.678477,On or near Commercial Road,E01026426,Breckland 005B,Anti-social behaviour,,
,2020-02,Norfolk Constabulary,Norfolk Constabulary,0.941805,52.678476,On or near Banyard Place,E01026426,Breckland 005B,Anti-social behaviour,,
,2020-02,Norfolk Constabulary,Norfolk Constabulary,0.943950,52.678477,On or near Commercial Road,E01026426,Breckland 005B,Anti-social behaviour,,
,2020-02,Norfolk Constabulary,Norfolk Constabulary,0.943950,52.678477,On or near Commercial Road,E01026426,Breckland 005B,Anti-social behaviour,,
,2020-02,Norfolk Constabulary,Norfolk Constabulary,0.943950,52.678477,On or near Commercial Road,E01026426,Breckland 005B,Anti-social behaviour,,
,2020-02,Norfolk Constabulary,Norfolk Constabulary,0.940219,52.681951,On or near Ruthen Place,E01026426,Breckland 005B,Anti-social behaviour,,
022758ca5849f9e482dc6a3b254166fb7ce6c6337effd3f8ef95e34686808f4e,2020-02,Norfolk Constabulary,Norfolk Constabulary,0.946630,52.678932,On or near Petrol Station,E01026426,Breckland 005B,Bicycle theft,Unable to prosecute suspect,
707323c245ec2568bc45e384229d11d4927a1c81df20ee0b5e1dd5f7055fec94,2020-02,Norfolk Constabulary,Norfolk Constabulary,0.953611,52.677796,On or near Wisteria Close,E01026426,Breckland 005B,Burglary,Investigation complete; no suspect identified,
03219bd8c5d5a4c1d69b419b03012826be8e6f0ecd6d6abcce2f5908944b01b7,2020-02,Norfolk Constabulary,Norfolk Constabulary,0.941318,52.681357,On or near Supermarket,E01026426,Breckland 005B,Burglary,Investigation complete; no suspect identified,
51e146425decd2231b30b95656d4d79645578f7ccc9f0b5923aaff9c3ab6425a,2020-02,Norfolk Constabulary,Norfolk Constabulary,0.953611,52.677796,On or near Wisteria Close,E01026426,Breckland 005B,Burglary,Investigation complete; no suspect identified,
466098232804d8e317ffa514a3d02e4a3d5209ee7f3cd391cf3bfee23d02903f,2020-02,Norfolk Constabulary,Norfolk Constabulary,0.953611,52.677796,On or near Wisteria Close,E01026426,Breckland 005B,Burglary,Investigation complete; no suspect identified,
56de78bf67bd08aa8b8741c56efdb6b01cbb073e49d69a0c7a7ef374d974002e,2020-02,Norfolk Constabulary,Norfolk Constabulary,0.940021,52.678134,On or near Courtenay Close,E01026426,Breckland 005B,Criminal damage and arson,Investigation complete; no suspect identified,
895c0eec7c8f0b472b217aaa7582bcaffaa3e737fb38243a0cbd2ac43a8734cd,2020-02,Norfolk Constabulary,Norfolk Constabulary,0.941145,52.680327,On or near High Street,E01026426,Breckland 005B,Criminal damage and arson,Investigation complete; no suspect identified,
b9c32963edafc0a687170b7cbfe3729bb7db8df714a0202414d81a933f673505,2020-02,Norfolk Constabulary,Norfolk Constabulary,0.942319,52.680613,On or near Shopping Area,E01026426,Breckland 005B,Drugs,Offender given a caution,
85bd0c6e6243ad12f4481baed1d200ecef659603ba205e99dc23a841b10ae3b0,2020-02,Norfolk Constabulary,Norfolk Constabulary,0.941145,52.680327,On or near High Street,E01026426,Breckland 005B,Drugs,Unable to prosecute suspect,
ccbf2d358f7c48850815f3b68f1dc26d69fefc1b90ac2d92378b7fdc2f9f02ea,2020-02,Norfolk Constabulary,Norfolk Constabulary,0.940021,52.678134,On or near Courtenay Close,E01026426,Breckland 005B,Other theft,Unable to prosecute suspect,
94deb655fd10939fd3c3b8e42a118bcf93e99f970400bf748cbd561be45ca52a,2020-02,Norfolk Constabulary,Norfolk Constabulary,0.943919,52.681301,On or near Cowper Road,E01026426,Breckland 005B,Other theft,Unable to prosecute suspect,
84e09698febb3d0c956223aaf6d34e96edfa15a9888b433e49816d67cb3f5e63,2020-02,Norfolk Constabulary,Norfolk Constabulary,0.941318,52.681357,On or near Supermarket,E01026426,Breckland 005B,Other theft,Offender given a caution,
e3bed987f2ca479c85c95de8e9954ab50baea5e9dcc708a8cba2db2757e51351,2020-02,Norfolk Constabulary,Norfolk Constabulary,0.941805,52.678476,On or near Banyard Place,E01026426,Breckland 005B,Other theft,Unable to prosecute suspect,
86815db4b4e3ae3088f3840015b9113ede2189327e5b0945c3481c6bdf9407e9,2020-02,Norfolk Constabulary,Norfolk Constabulary,0.944205,52.680278,On or near Norwich Street,E01026426,Breckland 005B,Other theft,Investigation complete; no suspect identified,
d9b23ab9c5d008a01a111b89afad3e05ae0b33b8f299812f71c8274633d157d4,2020-02,Norfolk Constabulary,Norfolk Constabulary,0.943378,52.678986,On or near Cross Way,E01026426,Breckland 005B,Public order,Status update unavailable,
a8448affdb03f0d0711781f977455ee5d9c17f16aa6174c42372a4cbbd9b0158,2020-02,Norfolk Constabulary,Norfolk Constabulary,0.941145,52.680327,On or near High Street,E01026426,Breckland 005B,Public order,Unable to prosecute suspect,
4b1e26124a7c4b86aed26f05b51c0bd50f3b9481a7e089d97459e188c24569a3,2020-02,Norfolk Constabulary,Norfolk Constabulary,0.940658,52.681229,On or near Red Lion Street,E01026426,Breckland 005B,Shoplifting,Investigation complete; no suspect identified,
f9b7bc3b1e9b3de266471ed9d8dfe4f046975aafa3d9f0d74ac8d9516b8c0d91,2020-02,Norfolk Constabulary,Norfolk Constabulary,0.941145,52.680327,On or near High Street,E01026426,Breckland 005B,Shoplifting,Investigation complete; no suspect identified,
dbd3e8de11c856519e579649dfa198f30a2d796f040fec381b8dfb529faa152d,2020-02,Norfolk Constabulary,Norfolk Constabulary,0.952026,52.674265,On or near Ambassador Way,E01026426,Breckland 005B,Shoplifting,Awaiting court outcome,
3bdf02dbd97ba22207791f8fb969e007b49264e4a98a9219b801550b312a22f6,2020-02,Norfolk Constabulary,Norfolk Constabulary,0.942560,52.679366,On or near Wright'S Walk,E01026426,Breckland 005B,Shoplifting,Court result unavailable,
cf95d340939feaf7c3394dee64f458b90d2fb2a4bb78b317319d310ad8cb386b,2020-02,Norfolk Constabulary,Norfolk Constabulary,0.941805,52.678476,On or near Banyard Place,E01026426,Breckland 005B,Violence and sexual offences,Unable to prosecute suspect,
8faf0737bb59434f633d1c931cbcc8bcdaedf20b0abc3e727106e633fef04a4b,2020-02,Norfolk Constabulary,Norfolk Constabulary,0.942319,52.680613,On or near Shopping Area,E01026426,Breckland 005B,Violence and sexual offences,Unable to prosecute suspect,
7f65aaeec97d22d6504c2e5df267c0a6b03133020f25a683184978b1bb121eb2,2020-02,Norfolk Constabulary,Norfolk Constabulary,0.946754,52.680997,On or near Matsell Way,E01026426,Breckland 005B,Violence and sexual offences,Unable to prosecute suspect,
91e23d5a197b2e0f48287940c022b94813c7930071eda076ce8980421b045170,2020-02,Norfolk Constabulary,Norfolk Constabulary,0.957462,52.678958,On or near Galloway Close,E01026426,Breckland 005B,Violence and sexual offences,Unable to prosecute suspect,
50cb2304175c015d9e1fec08a683b6a3352d2307d67beb7d23e630bcc7d7cf0f,2020-02,Norfolk Constabulary,Norfolk Constabulary,0.946754,52.680997,On or near Matsell Way,E01026426,Breckland 005B,Violence and sexual offences,Unable to prosecute suspect,
7e326b619010068d1b01915f9cb2923a1c744cb7afd5984e9487824584424a70,2020-02,Norfolk Constabulary,Norfolk Constabulary,0.940658,52.681229,On or near Red Lion Street,E01026426,Breckland 005B,Violence and sexual offences,Unable to prosecute suspect,
973bd61c6f0c1aa9e33af568204be894df146457f6ee7859f717ff2c881af160,2020-02,Norfolk Constabulary,Norfolk Constabulary,0.944205,52.680278,On or near Norwich Street,E01026426,Breckland 005B,Violence and sexual offences,Unable to prosecute suspect,
ca1342b81a013f67a76b67364230951a082769d94eee6c66c87fbaed4f6f89e2,2020-02,Norfolk Constabulary,Norfolk Constabulary,0.956196,52.678837,On or near Dreibholz Court,E01026426,Breckland 005B,Violence and sexual offences,Court result unavailable,
4f66a760fed4c7894a411aba3f8555b6c1b5fd6d3f9a1ad48d4e8b02617c6d1f,2020-02,Norfolk Constabulary,Norfolk Constabulary,0.946739,52.681879,On or near Matsell Way,E01026426,Breckland 005B,Violence and sexual offences,Unable to prosecute suspect,
,2020-02,Norfolk Constabulary,Norfolk Constabulary,0.947386,52.673247,On or near Shopping Area,E01026427,Breckland 005C,Anti-social behaviour,,
,2020-02,Norfolk Constabulary,Norfolk Constabulary,0.957558,52.671843,On or near Hurn Road,E01026427,Breckland 005C,Anti-social behaviour,,
,2020-02,Norfolk Constabulary,Norfolk Constabulary,0.957558,52.671843,On or near Hurn Road,E01026427,Breckland 005C,Anti-social behaviour,,
,2020-02,Norfolk Constabulary,Norfolk Constabulary,0.957558,52.671843,On or near Hurn Road,E01026427,Breckland 005C,Anti-social behaviour,,
42de19f3e87fdce9fc35c53b2285dd19e81ea203b93c0860843ee32e77b42248,2020-02,Norfolk Constabulary,Norfolk Constabulary,0.957558,52.671843,On or near Hurn Road,E01026427,Breckland 005C,Criminal damage and arson,Status update unavailable,
8a8c49b9eb2c70520cb3d4c94232d24d66dfa3b2e40e678954f3ba3d2c4430ac,2020-02,Norfolk Constabulary,Norfolk Constabulary,0.942774,52.671986,On or near South Green Gardens,E01026427,Breckland 005C,Criminal damage and arson,Investigation complete; no suspect identified,
2a5463307bfe1c257c23714de583c820f56f1ac2d39c2a1929bd520d34f52427,2020-02,Norfolk Constabulary,Norfolk Constabulary,0.941780,52.673702,On or near Metamec Drive,E01026427,Breckland 005C,Drugs,Formal action is not in the public interest,
558d18438147c8019c20729c2f298de083029cc843fb64b1f3d6022559939367,2020-02,Norfolk Constabulary,Norfolk Constabulary,0.951775,52.664838,On or near Bertie Ward Way,E01026427,Breckland 005C,Drugs,Offender given a drugs possession warning,
8d5bff92a9a2c46d64c993654cecf52308e9521ceaf55cb5fc62878c0e1583ef,2020-02,Norfolk Constabulary,Norfolk Constabulary,0.951775,52.664838,On or near Bertie Ward Way,E01026427,Breckland 005C,Drugs,Offender given a drugs possession warning,
dba52f98fc45ddc9dc29c7c14eebbe218156477a3ac34aeed4f20695951cedde,2020-02,Norfolk Constabulary,Norfolk Constabulary,0.957558,52.671843,On or near Hurn Road,E01026427,Breckland 005C,Other theft,Unable to prosecute suspect,
51a70545bb4df5af11c327f95f2d6d5b69c8c473960cb5ae3deb935a2282c1ba,2020-02,Norfolk Constabulary,Norfolk Constabulary,0.952434,52.668688,On or near Stephen Beaumont Way,E01026427,Breckland 005C,Public order,Status update unavailable,
03a86c6ab11e3e5634f9195019c7b9b4f4f0ecb495e60d1a92f9a9b76e35ed52,2020-02,Norfolk Constabulary,Norfolk Constabulary,0.947386,52.673247,On or near Shopping Area,E01026427,Breckland 005C,Violence and sexual offences,Unable to prosecute suspect,
77b8a2bf7aef04d47dbeba4e931aa3a9624ddc140af62e87defeaa2993b511e6,2020-02,Norfolk Constabulary,Norfolk Constabulary,0.942021,52.668705,On or near Tipton Close,E01026432,Breckland 005D,Burglary,Unable to prosecute suspect,
211c7e2d7e767b4564f0b2def6acb09eed17fe78578f8f291004816eba460cde,2020-02,Norfolk Constabulary,Norfolk Constabulary,0.933284,52.664812,On or near Pond Road,E01026432,Breckland 005D,Criminal damage and arson,Unable to prosecute suspect,
42b9646171d0ff8e5b0ee7e2f967d406a8fc91268113804b0bd786c84aafd266,2020-02,Norfolk Constabulary,Norfolk Constabulary,0.935890,52.665511,On or near Willow Grove,E01026432,Breckland 005D,Other theft,Investigation complete; no suspect identified,
495b06a9056da8bc4dc41af2ffee7254b3f9e4617b42b47a1a21dce70d22a1b3,2020-02,Norfolk Constabulary,Norfolk Constabulary,0.934426,52.664415,On or near Regent Close,E01026432,Breckland 005D,Public order,Unable to prosecute suspect,
6140d429f4b540e0ab43aebb784972e444a7d517db49c6b98c971bc5ae685db4,2020-02,Norfolk Constabulary,Norfolk Constabulary,0.929083,52.663926,On or near Hill Fields,E01026433,Breckland 005E,Criminal damage and arson,Offender given a caution,
0d27ca7cbbfd59ef22b194544a68f1081f59651e61ca5fbd57a5834b09a9d12c,2020-02,Norfolk Constabulary,Norfolk Constabulary,0.929785,52.662704,On or near Charles Close,E01026433,Breckland 005E,Other theft,Unable to prosecute suspect,
274a4c4c6655d15c4bc4cb272ccd1a381a75bd22a7413fae8c68cfbb08d003b4,2020-02,Norfolk Constabulary,Norfolk Constabulary,0.932062,52.661802,On or near Parking Area,E01026433,Breckland 005E,Violence and sexual offences,Unable to prosecute suspect,
d42329fef916b968c91362a82dee2fe05a0d5ffbea1a6edbb6249615ac0be98b,2020-02,Norfolk Constabulary,Norfolk Constabulary,0.929785,52.662704,On or near Charles Close,E01026433,Breckland 005E,Violence and sexual offences,Unable to prosecute suspect,
899aa7b8346efbda504c7e57f9393c8474eb2be29b698077f0d4049c9f06b92f,2020-02,Norfolk Constabulary,Norfolk Constabulary,0.928923,52.666169,On or near Limassol Road,E01026433,Breckland 005E,Violence and sexual offences,Unable to prosecute suspect,
04c270f06e2312c0dcc74a597f252000d4214e9bd3722b42926e89dae3245135,2020-02,Norfolk Constabulary,Norfolk Constabulary,0.929785,52.662704,On or near Charles Close,E01026433,Breckland 005E,Violence and sexual offences,Unable to prosecute suspect,
,2020-02,Norfolk Constabulary,Norfolk Constabulary,0.936982,52.659531,On or near Nidus Gardens,E01026434,Breckland 005F,Anti-social behaviour,,
10793fe8692826f49cf2796a2e8e357e5faaa868f3c2b307763afca987c94844,2020-02,Norfolk Constabulary,Norfolk Constabulary,0.932242,52.663390,On or near Diana Close,E01026434,Breckland 005F,Violence and sexual offences,Unable to prosecute suspect,
2b24068b98c584e1b7d438cfe33a189da6b3866cb2ac71bbcef45c94dce642f5,2020-02,Norfolk Constabulary,Norfolk Constabulary,0.936054,52.662881,On or near Wright Avenue,E01026434,Breckland 005F,Violence and sexual offences,Unable to prosecute suspect,
5aedc4eedb10b51f97602bde7de832922a57cbec2c26bf9f8afc8a726d00f2d5,2020-02,Norfolk Constabulary,Norfolk Constabulary,0.932242,52.663390,On or near Diana Close,E01026434,Breckland 005F,Violence and sexual offences,Court result unavailable,
45f0a0dd7afe229b0731ec2ecaec79b5c0269047f2ec107d03c07fe796886de7,2020-02,Norfolk Constabulary,Norfolk Constabulary,1.003159,52.685084,On or near Parking Area,E01026479,Breckland 006A,Other crime,Unable to prosecute suspect,
66db3ab05c4066668c54285acf1b8fdd5327ca3bd37287936a5f991966b8312b,2020-02,Norfolk Constabulary,Norfolk Constabulary,1.034616,52.657924,On or near Church Plain,E01026480,Breckland 006B,Violence and sexual offences,Unable to prosecute suspect,
,2020-02,Norfolk Constabulary,Norfolk Constabulary,1.066805,52.674919,On or near St Michaels Close,E01026481,Breckland 006C,Anti-social behaviour,,
4062980afe0ebfa6c0d0646f6b594dee1645f560f6ea67beb182406c7ac5ff81,2020-02,Norfolk Constabulary,Norfolk Constabulary,1.092350,52.688859,On or near Ley'S Lane,E01026481,Breckland 006C,Criminal damage and arson,Investigation complete; no suspect identified,
e2ce2c484ec01e4875a1f800cb5ffdeac08b0ba362909fc81139dabe199f60e0,2020-02,Norfolk Constabulary,Norfolk Constabulary,1.072978,52.659165,On or near Mattishall Road,E01026481,Breckland 006C,Other theft,Unable to prosecute suspect,
3fc88b46d4616b20b12b634b1b079e89bf0c9a7f78007af42e350d44fd70d078,2020-02,Norfolk Constabulary,Norfolk Constabulary,1.092350,52.688859,On or near Ley'S Lane,E01026481,Breckland 006C,Other theft,Investigation complete; no suspect identified,
2e932511337b2465f6acb679461d914f7240b3d463b802101a7e69bb032d3cd2,2020-02,Norfolk Constabulary,Norfolk Constabulary,1.053784,52.677656,On or near Low Road,E01026481,Breckland 006C,Public order,Unable to prosecute suspect,
86d1e47b98d8555d93ad5db9b4ff8be0d88d31c1ad23e2412e1ce474a68a5e34,2020-02,Norfolk Constabulary,Norfolk Constabulary,1.053784,52.677656,On or near Low Road,E01026481,Breckland 006C,Violence and sexual offences,Unable to prosecute suspect,
66401659f12ebf6c66b5cbb8842fe25c1d045dfd4b0f9c059e786da3db2a5129,2020-02,Norfolk Constabulary,Norfolk Constabulary,1.083680,52.665380,On or near Church Lane,E01026481,Breckland 006C,Violence and sexual offences,Action to be taken by another organisation,
57e717d1d9298b5dd1e9c91baa749bef75a6d8d132d6ae6c3376d0b262e6d887,2020-02,Norfolk Constabulary,Norfolk Constabulary,1.067460,52.676673,On or near Manor Close,E01026481,Breckland 006C,Violence and sexual offences,Investigation complete; no suspect identified,
,2020-02,Norfolk Constabulary,Norfolk Constabulary,0.966812,52.656683,On or near Church Lane,E01026484,Breckland 006D,Anti-social behaviour,,
,2020-02,Norfolk Constabulary,Norfolk Constabulary,0.969500,52.655752,On or near St Peter'S Close,E01026484,Breckland 006D,Anti-social behaviour,,
b7462e09ee2598352d2f2ed15b68dcbb5a87eaf64a97bf2a7c0dd12d49828fa1,2020-02,Norfolk Constabulary,Norfolk Constabulary,0.969500,52.655752,On or near St Peter'S Close,E01026484,Breckland 006D,Other theft,Investigation complete; no suspect identified,
208b320472000e5d949a62eef12f612cf87f503b970e2262d09c8b6e4795e520,2020-02,Norfolk Constabulary,Norfolk Constabulary,0.922372,52.607240,On or near Sports/Recreation Area,E01026485,Breckland 006E,Burglary,Status update unavailable,
973936970ae98ef937b534b0a6522e76c1c0505784c285bd7cdb8fcd0a1a0453,2020-02,Norfolk Constabulary,Norfolk Constabulary,0.949082,52.599140,On or near River Lane,E01026485,Breckland 006E,Other crime,Further investigation is not in the public interest,
,2020-02,Norfolk Constabulary,Norfolk Constabulary,0.675555,52.651508,On or near Low Road,E01026455,Breckland 007A,Anti-social behaviour,,
,2020-02,Norfolk Constabulary,Norfolk Constabulary,0.683883,52.643605,On or near Copper Hall,E01026455,Breckland 007A,Anti-social behaviour,,
,2020-02,Norfolk Constabulary,Norfolk Constabulary,0.688825,52.648016,On or near Supermarket,E01026455,Breckland 007A,Anti-social behaviour,,
,2020-02,Norfolk Constabulary,Norfolk Constabulary,0.682858,52.645705,On or near Sports/Recreation Area,E01026455,Breckland 007A,Anti-social behaviour,,
,2020-02,Norfolk Constabulary,Norfolk Constabulary,0.683235,52.647504,On or near King Street,E01026455,Breckland 007A,Anti-social behaviour,,
76eb0ed263da4491b1d046c05956dab57cef10b5c550ffe7ce9d74c920daf1fc,2020-02,Norfolk Constabulary,Norfolk Constabulary,0.688825,52.648016,On or near Supermarket,E01026455,Breckland 007A,Criminal damage and arson,Investigation complete; no suspect identified,
12a2693b2e4aa0acad846660faf4a78202a9ce59b5eead35c3d1d9ce88f14f01,2020-02,Norfolk Constabulary,Norfolk Constabulary,0.684541,52.646863,On or near Queen Street,E01026455,Breckland 007A,Criminal damage and arson,Unable to prosecute suspect,
66bffc0fb692a2d001fde0d0c8b3516519c43e2c9dce46d6750dc77a73eaaf1b,2020-02,Norfolk Constabulary,Norfolk Constabulary,0.685794,52.647050,On or near Whitesands Mews,E01026455,Breckland 007A,Criminal damage and arson,Investigation complete; no suspect identified,
86e86ba25215ac31cc8131b3953021e590f4af2522fadb0a92a1b96739b541e1,2020-02,Norfolk Constabulary,Norfolk Constabulary,0.685239,52.648852,On or near Supermarket,E01026455,Breckland 007A,Criminal damage and arson,Unable to prosecute suspect,
840a4488c72b9bb8ded535293bc775f825d84894a3ba7e6a1effe13edd2b9f71,2020-02,Norfolk Constabulary,Norfolk Constabulary,0.685838,52.646078,On or near Orchard Place,E01026455,Breckland 007A,Other theft,Unable to prosecute suspect,
1ea480dc0966ee6a2146e1de711cf84fbbba35a3fbbd9476517ff3f7fb3f55bf,2020-02,Norfolk Constabulary,Norfolk Constabulary,0.683133,52.650195,On or near Petrol Station,E01026455,Breckland 007A,Public order,Unable to prosecute suspect,
139d9c65a8e290071b83c83ab7a33ebf6daa5c325d88f34d94d2b98f65b5a22e,2020-02,Norfolk Constabulary,Norfolk Constabulary,0.686408,52.661640,On or near Park/Open Space,E01026455,Breckland 007A,Public order,Unable to prosecute suspect,
ae1ac4344ed4fedf2f7a1564905dea7efe7a9c59475c6baa0a48c4111f6e0c7d,2020-02,Norfolk Constabulary,Norfolk Constabulary,0.685239,52.648852,On or near Supermarket,E01026455,Breckland 007A,Public order,Unable to prosecute suspect,
bcd4ed9ee9a3512e88cbb00f2138f9f95f2883b134464176c4881af5f093b563,2020-02,Norfolk Constabulary,Norfolk Constabulary,0.685239,52.648852,On or near Supermarket,E01026455,Breckland 007A,Shoplifting,Local resolution,
99734e88812591c71493430d2dc8dba88338f5e38e9729ec5e5766f396ef8bce,2020-02,Norfolk Constabulary,Norfolk Constabulary,0.685239,52.648852,On or near Supermarket,E01026455,Breckland 007A,Shoplifting,Unable to prosecute suspect,
6260dbd01578239c1d48b133926006b844179d35737a7983f14dae88ba908fda,2020-02,Norfolk Constabulary,Norfolk Constabulary,0.688825,52.648016,On or near Supermarket,E01026455,Breckland 007A,Shoplifting,Local resolution,
dd9d4b190b04e826cab4d8388845c99e0853435ab8d2edb25ad374635b72f0a0,2020-02,Norfolk Constabulary,Norfolk Constabulary,0.676298,52.651330,On or near Highfield Avenue,E01026455,Breckland 007A,Shoplifting,Investigation complete; no suspect identified,
3c6f12243b5a0cf2f80292a0b314060201708953b7c9bd21f32e1dfe3374c4bf,2020-02,Norfolk Constabulary,Norfolk Constabulary,0.700596,52.624539,On or near Park/Open Space,E01026455,Breckland 007A,Violence and sexual offences,Unable to prosecute suspect,
41ea1fd7df5e6ceac58a711866f8bd0be2031b6601db2f8384516530c2cd2aa8,2020-02,Norfolk Constabulary,Norfolk Constabulary,0.685838,52.646078,On or near Orchard Place,E01026455,Breckland 007A,Violence and sexual offences,Status update unavailable,
19b22c86278a207094b05fa2abadaaf42263df8c4167e699515194ee66d5b636,2020-02,Norfolk Constabulary,Norfolk Constabulary,0.685838,52.646078,On or near Orchard Place,E01026455,Breckland 007A,Violence and sexual offences,Awaiting court outcome,
229e932003a7d6a6bd408c414824b6e0730f3d5a292473eeac2fb183edd5f3b4,2020-02,Norfolk Constabulary,Norfolk Constabulary,0.689644,52.646900,On or near Pit Lane,E01026455,Breckland 007A,Violence and sexual offences,Unable to prosecute suspect,
8375c493a7901ea7dee8e3be4ee80b405d6c1d4543fe15fffcfe989e3e49ee8e,2020-02,Norfolk Constabulary,Norfolk Constabulary,0.685838,52.646078,On or near Orchard Place,E01026455,Breckland 007A,Violence and sexual offences,Status update unavailable,
67dadc66162d3182829cab2531c4a797d66cc16070bce29caa4e15780ecdee6f,2020-02,Norfolk Constabulary,Norfolk Constabulary,0.688555,52.648669,On or near A1065,E01026455,Breckland 007A,Other crime,Investigation complete; no suspect identified,
78566d3c937f70dcd27f6183ea9f67a4b5f690559f23731cb704e1d70f1ef503,2020-02,Norfolk Constabulary,Norfolk Constabulary,0.685838,52.646078,On or near Orchard Place,E01026455,Breckland 007A,Other crime,Action to be taken by another organisation,
91f370bf5fd8fb5524e31f5ca1e8bdc4f3a9f35a08d6d7b1e41344946695ad54,2020-02,Norfolk Constabulary,Norfolk Constabulary,0.691333,52.646718,On or near Camping Land,E01026456,Breckland 007B,Criminal damage and arson,Investigation complete; no suspect identified,
57031501f1d99c4533c283623bb42282da5c4efa349abc0f3f57c16e2e7702d8,2020-02,Norfolk Constabulary,Norfolk Constabulary,0.689551,52.646363,On or near The Pightle,E01026456,Breckland 007B,Other theft,Investigation complete; no suspect identified,
b8c3ba41f03d69e6e5b2c3bc00e4e53410674ddf55e16b35ebe64014ace0be29,2020-02,Norfolk Constabulary,Norfolk Constabulary,0.689551,52.646363,On or near The Pightle,E01026456,Breckland 007B,Shoplifting,Unable to prosecute suspect,
3d3bab5cd55788e99a689fc95f510fff198b003c0170d512c935572204aaa123,2020-02,Norfolk Constabulary,Norfolk Constabulary,0.689551,52.646363,On or near The Pightle,E01026456,Breckland 007B,Shoplifting,Unable to prosecute suspect,
0314de2df90f77471cff2a0ef4d6cf1df9103b99c42001586ca109afefb08ce0,2020-02,Norfolk Constabulary,Norfolk Constabulary,0.689551,52.646363,On or near The Pightle,E01026456,Breckland 007B,Vehicle crime,Investigation complete; no suspect identified,
840b634a59f638f60d0df0d4984c0b0064dc3be16425664b82ce6c23478b0d67,2020-02,Norfolk Constabulary,Norfolk Constabulary,0.696869,52.636979,On or near Iceni Drive,E01026456,Breckland 007B,Violence and sexual offences,Investigation complete; no suspect identified,
,2020-02,Norfolk Constabulary,Norfolk Constabulary,0.686345,52.643009,On or near Haspalls Road,E01026457,Breckland 007C,Anti-social behaviour,,
,2020-02,Norfolk Constabulary,Norfolk Constabulary,0.686345,52.643009,On or near Haspalls Road,E01026457,Breckland 007C,Anti-social behaviour,,
cecce72a4bacdf1ea5ce9b98f7a78f20dd7ec1293b75edba4ecef297269ef00f,2020-02,Norfolk Constabulary,Norfolk Constabulary,0.687963,52.644330,On or near Westfield Road,E01026457,Breckland 007C,Burglary,Investigation complete; no suspect identified,
db09622868a3a55faaa44c29be9cab1f015482dc98b049ec25e65f32151e0f4c,2020-02,Norfolk Constabulary,Norfolk Constabulary,0.682820,52.636867,On or near Wolferton Drive,E01026457,Breckland 007C,Other theft,Investigation complete; no suspect identified,
88c5d991bd03e8f55c75af81a9fafd0dc7504f369cd3c72fbf9f755d95bfa694,2020-02,Norfolk Constabulary,Norfolk Constabulary,0.683849,52.639910,On or near Southlands,E01026457,Breckland 007C,Other theft,Unable to prosecute suspect,
,2020-02,Norfolk Constabulary,Norfolk Constabulary,0.692658,52.638217,On or near Kestrel Close,E01026458,Breckland 007D,Anti-social behaviour,,
1faa1630300b6a3945364620e9b218883230ce74f63274b710e92797fc199b14,2020-02,Norfolk Constabulary,Norfolk Constabulary,0.692658,52.638217,On or near Kestrel Close,E01026458,Breckland 007D,Burglary,Investigation complete; no suspect identified,
7822ff44b41decbb786269396a2a23a3238a1262af5be23fcca44bf1ef464454,2020-02,Norfolk Constabulary,Norfolk Constabulary,0.690590,52.642814,On or near Pleasant Row,E01026458,Breckland 007D,Criminal damage and arson,Investigation complete; no suspect identified,
d636364443bb04979d7f4172a7d5c7dbe0517e7a1ae1de9093ac6c41bfccacaf,2020-02,Norfolk Constabulary,Norfolk Constabulary,0.691283,52.640370,On or near Brandon Close,E01026458,Breckland 007D,Other theft,Investigation complete; no suspect identified,
07742a1df592590b4034fce6e56ed8413ceb417a2b465790241bc2a684510e33,2020-02,Norfolk Constabulary,Norfolk Constabulary,0.692658,52.638217,On or near Kestrel Close,E01026458,Breckland 007D,Public order,Unable to prosecute suspect,
dc2c07b12c2a49297756f314e43652e0b4c4c8d8998557ee8dd4f1993109b6be,2020-02,Norfolk Constabulary,Norfolk Constabulary,0.686677,52.639027,On or near Mill Farm Nurseries,E01026458,Breckland 007D,Public order,Unable to prosecute suspect,
9f3ae0d281cf6106807a22a9d8485d3f4a170529a21a9dafa8fd15af0560bd97,2020-02,Norfolk Constabulary,Norfolk Constabulary,0.692658,52.638217,On or near Kestrel Close,E01026458,Breckland 007D,Vehicle crime,Investigation complete; no suspect identified,
1db2ff296d16f15d93426e4eecf189adb9f743a92c34d2c75ea4f322f79822b0,2020-02,Norfolk Constabulary,Norfolk Constabulary,0.686677,52.639027,On or near Mill Farm Nurseries,E01026458,Breckland 007D,Violence and sexual offences,Unable to prosecute suspect,
41eb4dbb33b6f8fbc7a8a8e3ff1ec01e37a08d221e5fc0d54819d685643513d1,2020-02,Norfolk Constabulary,Norfolk Constabulary,0.691140,52.645274,On or near Beech Close,E01026458,Breckland 007D,Violence and sexual offences,Status update unavailable,
1824ef8cd37f5c3c401e0ef2863b347739aa7739f6e352d23e2f0e09bdfb97be,2020-02,Norfolk Constabulary,Norfolk Constabulary,0.686677,52.639027,On or near Mill Farm Nurseries,E01026458,Breckland 007D,Other crime,Further investigation is not in the public interest,
9df179c07d01c6ec0e51d4a3c7b5fd5b0433e9f08a74a899a46fd7db5aac385e,2020-02,Norfolk Constabulary,Norfolk Constabulary,0.686677,52.639027,On or near Mill Farm Nurseries,E01026458,Breckland 007D,Other crime,Further investigation is not in the public interest,
1b12637ada38585f84a298e8f71b1ead937d0938a008cbae13a55ce7d5f5bba4,2020-02,Norfolk Constabulary,Norfolk Constabulary,0.686677,52.639027,On or near Mill Farm Nurseries,E01026458,Breckland 007D,Other crime,Further investigation is not in the public interest,
d2de643166dc75624cddb6289761dc126c22f67ebc143a627f13624e36ee305a,2020-02,Norfolk Constabulary,Norfolk Constabulary,0.684780,52.654870,On or near Turbine Way,E01026459,Breckland 007E,Criminal damage and arson,Investigation complete; no suspect identified,
cdfdf03634eff2852b90a8895af0d29c4245d49af5802e29bc39279768ed774a,2020-02,Norfolk Constabulary,Norfolk Constabulary,0.688630,52.650862,On or near Station Street,E01026459,Breckland 007E,Criminal damage and arson,Unable to prosecute suspect,
a3d58d4885465ed599a0e92c5c0dff9b66a4e209423b70c34db4cce6b28333bc,2020-02,Norfolk Constabulary,Norfolk Constabulary,0.694444,52.651881,On or near Manor Way,E01026459,Breckland 007E,Criminal damage and arson,Unable to prosecute suspect,
30083dd384cec073eda965c984799e1a73a66ecafa4a0b960103a6f153b102e2,2020-02,Norfolk Constabulary,Norfolk Constabulary,0.689620,52.656396,On or near St Guthlac Close,E01026459,Breckland 007E,Other theft,Status update unavailable,
62ef922ec2ee95e935194341cf453d70c7aabb436c697ff68d3635053f6ac594,2020-02,Norfolk Constabulary,Norfolk Constabulary,0.684048,52.655705,On or near Conference/Exhibition Centre,E01026459,Breckland 007E,Other theft,Investigation complete; no suspect identified,
bc5a4fb0e3cd60ae98de4e864cc520746bf4b599df45ffc80490daeba61d2fe1,2020-02,Norfolk Constabulary,Norfolk Constabulary,0.694444,52.651881,On or near Manor Way,E01026459,Breckland 007E,Public order,Unable to prosecute suspect,
eda1da1fd7c00bf6ca54b8d2342b916f896cc77c5cb0138a163492c88f74cef3,2020-02,Norfolk Constabulary,Norfolk Constabulary,0.689620,52.656396,On or near St Guthlac Close,E01026459,Breckland 007E,Vehicle crime,Unable to prosecute suspect,
fd6d2a1d8564ff44a119ad35c6b8d7aafd41b2905176f516d221fd77f844a24b,2020-02,Norfolk Constabulary,Norfolk Constabulary,0.686050,52.649535,On or near Ash Close,E01026459,Breckland 007E,Violence and sexual offences,Investigation complete; no suspect identified,
f6c81c549fb407b4281e2c76a928fd1c096bceb97883becf4e5b68fc8f2c346d,2020-02,Norfolk Constabulary,Norfolk Constabulary,0.689997,52.651694,On or near Northwell Place,E01026459,Breckland 007E,Violence and sexual offences,Unable to prosecute suspect,
8699624722e3e66eb9e82fd2390df1d18ba50b3015a4133be35480057e6a8d63,2020-02,Norfolk Constabulary,Norfolk Constabulary,0.690538,52.651592,On or near Northwell Pool Road,E01026459,Breckland 007E,Violence and sexual offences,Unable to prosecute suspect,
049df05ae83ec2443d7edf2d704c839e205c4442d160388f7a0a21f1de871447,2020-02,Norfolk Constabulary,Norfolk Constabulary,0.694444,52.651881,On or near Manor Way,E01026459,Breckland 007E,Violence and sexual offences,Offender given a caution,
92eaa6ea9c1fcbe6e8581def255a398a3148ce0797b0849e423cc8b7aae510e9,2020-02,Norfolk Constabulary,Norfolk Constabulary,0.694444,52.651881,On or near Manor Way,E01026459,Breckland 007E,Violence and sexual offences,Unable to prosecute suspect,
8160bcbae11b5f7a4afb6921372d6479d777c68e80ac3636e2a48952167c5da8,2020-02,Norfolk Constabulary,Norfolk Constabulary,0.689997,52.651694,On or near Northwell Place,E01026459,Breckland 007E,Violence and sexual offences,Unable to prosecute suspect,
65a66bfd0df33b1fb908364426a4034118eccaa5b755048267887b6a89d1dda2,2020-02,Norfolk Constabulary,Norfolk Constabulary,0.802489,52.584851,On or near Pound Hill,E01026437,Breckland 008A,Violence and sexual offences,Unable to prosecute suspect,
,2020-02,Norfolk Constabulary,Norfolk Constabulary,0.850220,52.609404,On or near Long Road,E01026438,Breckland 008B,Anti-social behaviour,,
ca0a74dc8084c36fd24f4ed004c9ceabcfaff8fdf7514683cbe8603e86b5c8bf,2020-02,Norfolk Constabulary,Norfolk Constabulary,0.808443,52.596913,On or near Coburg Lane,E01026438,Breckland 008B,Violence and sexual offences,Unable to prosecute suspect,
,2020-02,Norfolk Constabulary,Norfolk Constabulary,0.891404,52.628881,On or near New Road,E01026451,Breckland 008C,Anti-social behaviour,,
61aa57ee5d8434e9dd6a2cbc2bcc09a6f82e9bb9f92910a72dccf43af1539c04,2020-02,Norfolk Constabulary,Norfolk Constabulary,0.885724,52.626556,On or near Park Estate,E01026451,Breckland 008C,Criminal damage and arson,Investigation complete; no suspect identified,
0eddbfacbc6e93e2ce6256bf905e0b3d6aa8cc0885a0219194788945df8d1141,2020-02,Norfolk Constabulary,Norfolk Constabulary,0.892876,52.626552,On or near Fen Folgate,E01026451,Breckland 008C,Public order,Unable to prosecute suspect,
2bbe6727073a91318343ce6124fe16b1438ea5c380715e5230625c14c9776d24,2020-02,Norfolk Constabulary,Norfolk Constabulary,0.893854,52.627482,On or near Mill Close,E01026451,Breckland 008C,Violence and sexual offences,Unable to prosecute suspect,
cf8c91edee22106424381f2a2ba47b2e3efdcf6cf76521ff7e28cb79270038cc,2020-02,Norfolk Constabulary,Norfolk Constabulary,0.886809,52.627770,On or near White Horse Close,E01026451,Breckland 008C,Violence and sexual offences,Unable to prosecute suspect,
649d2fc408a9ad24de17ec6301c16eda1544a6b0607c2f601adea1f28c75aebf,2020-02,Norfolk Constabulary,Norfolk Constabulary,0.777142,52.628532,On or near Station Road,E01026495,Breckland 008D,Violence and sexual offences,Unable to prosecute suspect,
2c45844f79366824036da9e1e258f9d784dc4ab354a7994c7d057ce59a41c44c,2020-02,Norfolk Constabulary,Norfolk Constabulary,0.751125,52.627719,On or near Latimer Way,E01026495,Breckland 008D,Violence and sexual offences,Investigation complete; no suspect identified,
,2020-02,Norfolk Constabulary,Norfolk Constabulary,0.756742,52.624674,On or near Houghton Lane,E01026496,Breckland 008E,Anti-social behaviour,,
,2020-02,Norfolk Constabulary,Norfolk Constabulary,0.751979,52.626961,On or near The Street,E01026496,Breckland 008E,Anti-social behaviour,,
,2020-02,Norfolk Constabulary,Norfolk Constabulary,0.783059,52.603241,On or near Church Street,E01026496,Breckland 008E,Anti-social behaviour,,
,2020-02,Norfolk Constabulary,Norfolk Constabulary,0.783059,52.603241,On or near Church Street,E01026496,Breckland 008E,Anti-social behaviour,,
,2020-02,Norfolk Constabulary,Norfolk Constabulary,0.783059,52.603241,On or near Church Street,E01026496,Breckland 008E,Anti-social behaviour,,
4c6844dacd6ae1b8b9cfcbac399683fc64e7102286d75d76952d4aeca5be380e,2020-02,Norfolk Constabulary,Norfolk Constabulary,0.795408,52.612761,On or near Park/Open Space,E01026496,Breckland 008E,Burglary,Unable to prosecute suspect,
af40e9402fd9b61d62887f898628a049b909eace421a317dc3eafa2a4b7eb787,2020-02,Norfolk Constabulary,Norfolk Constabulary,0.795408,52.612761,On or near Park/Open Space,E01026496,Breckland 008E,Violence and sexual offences,Unable to prosecute suspect,
,2020-02,Norfolk Constabulary,Norfolk Constabulary,0.822818,52.574270,On or near Stevens Close,E01026486,Breckland 009A,Anti-social behaviour,,
,2020-02,Norfolk Constabulary,Norfolk Constabulary,0.827998,52.572428,On or near Dereham Road,E01026486,Breckland 009A,Anti-social behaviour,,
4888e194ff0013aca9cb6109a0bc523d868ac54430ab3242ae194d4a7f63b875,2020-02,Norfolk Constabulary,Norfolk Constabulary,0.829293,52.576948,On or near Dereham Road,E01026486,Breckland 009A,Other theft,Status update unavailable,
c99c965becf581ffc50deffc56a2d2f2485abf2c29ddcf7b8edef8dab9986807,2020-02,Norfolk Constabulary,Norfolk Constabulary,0.829293,52.576948,On or near Dereham Road,E01026486,Breckland 009A,Other theft,Investigation complete; no suspect identified,
071b8fb1bfce96cda14d483d57609ee4842966da9715cd95c19af5083c70bf67,2020-02,Norfolk Constabulary,Norfolk Constabulary,0.827998,52.572428,On or near Dereham Road,E01026486,Breckland 009A,Violence and sexual offences,Further action is not in the public interest,
7460fb2db7d72145d728ecba14293c9e26efac200de5ca2f35abd5475f1426c2,2020-02,Norfolk Constabulary,Norfolk Constabulary,0.836580,52.571153,On or near Hunters Oak,E01026486,Breckland 009A,Violence and sexual offences,Court result unavailable,
49b644808050200964d76b64296bd5014c78dc26aa27af37edd8c19e625d8ac3,2020-02,Norfolk Constabulary,Norfolk Constabulary,0.842301,52.570611,On or near Norwich Road,E01026486,Breckland 009A,Violence and sexual offences,Unable to prosecute suspect,
698c2a62cd46e49d2ef7a88c17d5c655a41e8331e288e76db9ef74456ff47261,2020-02,Norfolk Constabulary,Norfolk Constabulary,0.842301,52.570611,On or near Norwich Road,E01026486,Breckland 009A,Violence and sexual offences,Investigation complete; no suspect identified,
759fc68565648ed896443e71db0a18b4f359149b6f722306d094cf776ed02bcc,2020-02,Norfolk Constabulary,Norfolk Constabulary,0.842301,52.570611,On or near Norwich Road,E01026486,Breckland 009A,Violence and sexual offences,Investigation complete; no suspect identified,
8ecc804ba9738ce56979d3087987e6e1b55ec955b815fcc10197a0ce8a597f79,2020-02,Norfolk Constabulary,Norfolk Constabulary,0.825163,52.574699,On or near Sports/Recreation Area,E01026486,Breckland 009A,Violence and sexual offences,Unable to prosecute suspect,
3bf3561abe70a9536ea73953bc97fd3ab6aff3f8c760f88c1fd3befbfdce79c7,2020-02,Norfolk Constabulary,Norfolk Constabulary,0.842301,52.570611,On or near Norwich Road,E01026486,Breckland 009A,Violence and sexual offences,Unable to prosecute suspect,
842bf08b6bac72a572444533711948a6191220a85e448adf2105e32e6e55ef38,2020-02,Norfolk Constabulary,Norfolk Constabulary,0.829293,52.576948,On or near Dereham Road,E01026486,Breckland 009A,Other crime,Action to be taken by another organisation,
545832a5fdb2a1dea91473a900f50ed23d2b89f050a9c8c64241682da9f30145,2020-02,Norfolk Constabulary,Norfolk Constabulary,0.829293,52.576948,On or near Dereham Road,E01026486,Breckland 009A,Other crime,Action to be taken by another organisation,
,2020-02,Norfolk Constabulary,Norfolk Constabulary,0.841948,52.567436,On or near Burr Close,E01026487,Breckland 009B,Anti-social behaviour,,
,2020-02,Norfolk Constabulary,Norfolk Constabulary,0.838667,52.569655,On or near Garden Close,E01026487,Breckland 009B,Anti-social behaviour,,
,2020-02,Norfolk Constabulary,Norfolk Constabulary,0.850513,52.569793,On or near Trenchard Crescent,E01026487,Breckland 009B,Anti-social behaviour,,
,2020-02,Norfolk Constabulary,Norfolk Constabulary,0.859725,52.570964,On or near Petrol Station,E01026487,Breckland 009B,Anti-social behaviour,,
5d9dee283d2076e0e302ce678360e8ce67e33b907c851a314357c3cd79eff149,2020-02,Norfolk Constabulary,Norfolk Constabulary,0.848031,52.568396,On or near Henry'S Court,E01026487,Breckland 009B,Criminal damage and arson,Investigation complete; no suspect identified,
0350d32fea4b5957cdd9fad3d12b111205f57286b69837df9a1fdf88bd192561,2020-02,Norfolk Constabulary,Norfolk Constabulary,0.846363,52.569533,On or near Lovell Gardens,E01026487,Breckland 009B,Criminal damage and arson,Investigation complete; no suspect identified,
6f7a4a54db6b5a04cfba7e3cb4b1c6e116bb714e6a822ff7dffd8c23c01d8d7b,2020-02,Norfolk Constabulary,Norfolk Constabulary,0.845686,52.570916,On or near Petrol Station,E01026487,Breckland 009B,Public order,Unable to prosecute suspect,
c76d52dd05b0a03282d629e57a088a2435564857f2d95fc26be62064101aac92,2020-02,Norfolk Constabulary,Norfolk Constabulary,0.845686,52.570916,On or near Petrol Station,E01026487,Breckland 009B,Violence and sexual offences,Investigation complete; no suspect identified,
b6af809328c6f8faacbfbe4e47f87052977c0187825a9d5eb12a47cd22059695,2020-02,Norfolk Constabulary,Norfolk Constabulary,0.845984,52.566871,On or near Tedder Close,E01026487,Breckland 009B,Violence and sexual offences,Investigation complete; no suspect identified,
b75120b59be2af37fa1bb714208d7f73d8f0787d541824028ed3bddf4f5c99f7,2020-02,Norfolk Constabulary,Norfolk Constabulary,0.850513,52.569793,On or near Trenchard Crescent,E01026487,Breckland 009B,Violence and sexual offences,Unable to prosecute suspect,
482e67192494046c38525633edb504c2868215be2882f607c5e39f6f011d81a7,2020-02,Norfolk Constabulary,Norfolk Constabulary,0.850504,52.571475,On or near Akrotiri Square,E01026487,Breckland 009B,Violence and sexual offences,Unable to prosecute suspect,
0f8586e186b7dc246dd8cd818a8bbb68c5851b3259e99adae234d95ff2955d36,2020-02,Norfolk Constabulary,Norfolk Constabulary,0.850513,52.569793,On or near Trenchard Crescent,E01026487,Breckland 009B,Violence and sexual offences,Unable to prosecute suspect,
85124683b9673dbedd2392acd9fc74f1cf1579a27741ab64478d858d7ccdc486,2020-02,Norfolk Constabulary,Norfolk Constabulary,0.842445,52.573071,On or near Town Green Road,E01026487,Breckland 009B,Violence and sexual offences,Unable to prosecute suspect,
bc1480f749e0eac28a1822be900451042b8aa599e5dc06e399d0e09a429d1765,2020-02,Norfolk Constabulary,Norfolk Constabulary,0.827005,52.571211,On or near Supermarket,E01026488,Breckland 009C,Public order,Unable to prosecute suspect,
b7428c67ae87e3108a52e7ba8821e39fd5631a866f20f46243584e35eee60ed3,2020-02,Norfolk Constabulary,Norfolk Constabulary,0.827258,52.571475,On or near Gable Court,E01026488,Breckland 009C,Public order,Unable to prosecute suspect,
383cc7de698eaaa879247d2618415b80f8911cadd44a0967d3c2e062698fbce9,2020-02,Norfolk Constabulary,Norfolk Constabulary,0.823674,52.571066,On or near Beechwood Avenue,E01026488,Breckland 009C,Shoplifting,Investigation complete; no suspect identified,
5cfe703f9f4dc29881557bf01fb1d306f95e9f64629298e5e6ad078d3cf6bd8e,2020-02,Norfolk Constabulary,Norfolk Constabulary,0.823674,52.571066,On or near Beechwood Avenue,E01026488,Breckland 009C,Shoplifting,Unable to prosecute suspect,
e9efb83dcc49c8a5d0b998854034f5905776fb96a8a4571b5f56ac5ed2419631,2020-02,Norfolk Constabulary,Norfolk Constabulary,0.824054,52.569393,On or near East Road,E01026488,Breckland 009C,Vehicle crime,Investigation complete; no suspect identified,
8529ff42f7c780a9e685dfd647b9b53e3a8fa943cd44217c3aafa7e0d10b97ce,2020-02,Norfolk Constabulary,Norfolk Constabulary,0.809833,52.568796,On or near Bridle Road,E01026489,Breckland 009D,Other theft,Investigation complete; no suspect identified,
ffff958c08834489face39cce4fbbefcaaa7b9747128bb009072345b9daf9aea,2020-02,Norfolk Constabulary,Norfolk Constabulary,0.817380,52.570955,On or near Tom Milford Place,E01026489,Breckland 009D,Vehicle crime,Investigation complete; no suspect identified,
220ae3c45c0ec566bb2a4414d9e803229456eb29fa6073c27082713efcef88f1,2020-02,Norfolk Constabulary,Norfolk Constabulary,0.805081,52.570887,On or near Wissey Grove,E01026489,Breckland 009D,Vehicle crime,Investigation complete; no suspect identified,
231b104749f0cb5a8630f8412172dc5d89164117802eb8885521a890efb840ea,2020-02,Norfolk Constabulary,Norfolk Constabulary,0.807940,52.571278,On or near Ringmere Road,E01026489,Breckland 009D,Violence and sexual offences,Action to be taken by another organisation,
,2020-02,Norfolk Constabulary,Norfolk Constabulary,0.839055,52.567883,On or near Wild Cherry Close,E01026490,Breckland 009E,Anti-social behaviour,,
83307d56b337fabffdd70f58225f33e46de5ccb2542d528ddc0532b72f78f988,2020-02,Norfolk Constabulary,Norfolk Constabulary,0.840210,52.567945,On or near Griston Road,E01026490,Breckland 009E,Criminal damage and arson,Investigation complete; no suspect identified,
3c2b2e135588ceee81bb592167da13a24996e1fc89634d54c7bd460d948836ae,2020-02,Norfolk Constabulary,Norfolk Constabulary,0.839055,52.567883,On or near Wild Cherry Close,E01026490,Breckland 009E,Violence and sexual offences,Further action is not in the public interest,
e3744d41b7212229bf131b720e0e5fae8dabb9a0e3f3071aeb3d093f61713278,2020-02,Norfolk Constabulary,Norfolk Constabulary,0.825982,52.567701,On or near Churchill Close,E01026490,Breckland 009E,Violence and sexual offences,Unable to prosecute suspect,
180880f17709688069af6d24fd46bb36324883cd4710f70c5b2d775ed1de66eb,2020-02,Norfolk Constabulary,Norfolk Constabulary,0.975690,52.535649,On or near Home Close,E01026420,Breckland 010B,Criminal damage and arson,Investigation complete; no suspect identified,
33c19037c1e56a2d9e342b219447eba836e60ff160444cb263383f3b52630139,2020-02,Norfolk Constabulary,Norfolk Constabulary,0.972711,52.532603,On or near Glebe Meadow,E01026420,Breckland 010B,Other theft,Unable to prosecute suspect,
deed255cc44cf1023b6f2856d23ebadd33fba8d3a80c4b1075bb7bc37dcf0a54,2020-02,Norfolk Constabulary,Norfolk Constabulary,0.971179,52.538514,On or near Sports/Recreation Area,E01026420,Breckland 010B,Violence and sexual offences,Action to be taken by another organisation,
,2020-02,Norfolk Constabulary,Norfolk Constabulary,0.875614,52.580327,On or near Bridge Street,E01026464,Breckland 010D,Anti-social behaviour,,
79cca6e2409e3c343ce9928e657d92b9f2a6504e7bc45a951821da40ce7a2f5e,2020-02,Norfolk Constabulary,Norfolk Constabulary,0.877313,52.580808,On or near Muriel Way,E01026464,Breckland 010D,Other theft,Investigation complete; no suspect identified,
bca982800c64c6c065359fefc8bdc8789c3fa501d7af7d142625e39c602b6d3c,2020-02,Norfolk Constabulary,Norfolk Constabulary,0.877313,52.580808,On or near Muriel Way,E01026464,Breckland 010D,Violence and sexual offences,Status update unavailable,
bafca8e9edb58c54a150fec592f88e3dac445b0c4352daf07a4359f48cdea462,2020-02,Norfolk Constabulary,Norfolk Constabulary,0.877313,52.580808,On or near Muriel Way,E01026464,Breckland 010D,Violence and sexual offences,Unable to prosecute suspect,
bb36ceda6ae58b6db35b159ed5fbd2e1a7e67a3494ec54e3c387e63316e8186c,2020-02,Norfolk Constabulary,Norfolk Constabulary,0.842108,52.592728,On or near Dereham Road,E01026464,Breckland 010D,Violence and sexual offences,Unable to prosecute suspect,
6ede443005bb5310ed2f1a07c89b677a5d98ed794dea395dddbd15db504ca03e,2020-02,Norfolk Constabulary,Norfolk Constabulary,0.911076,52.502158,On or near Watton Road,E01026491,Breckland 010E,Burglary,Unable to prosecute suspect,
baf2e6c8ac7946746e1c4a45a611326543bdf6c9101062bee0957635a6f6bb37,2020-02,Norfolk Constabulary,Norfolk Constabulary,0.875740,52.495198,On or near School Square,E01026491,Breckland 010E,Criminal damage and arson,Offender given a caution,
5d04bdb69e586c7b6e0854a18aecfee12c387e33af7241a754240fb80d077505,2020-02,Norfolk Constabulary,Norfolk Constabulary,0.895020,52.518172,On or near Gravelpit Hill,E01026491,Breckland 010E,Drugs,Offender given a drugs possession warning,
b38ad3fae9e8f7cb61571dd650e54353e32a68992442aba40e4a4511dbaa4b63,2020-02,Norfolk Constabulary,Norfolk Constabulary,0.888151,52.502009,On or near Shropham Road,E01026491,Breckland 010E,Other theft,Investigation complete; no suspect identified,
1d6f6c48d635a0fa797c617ca8d6c86c107c0351c36cdd1d0078b321c4eedccd,2020-02,Norfolk Constabulary,Norfolk Constabulary,0.803673,52.459933,On or near Park/Open Space,E01026491,Breckland 010E,Other theft,Investigation complete; no suspect identified,
8ff86c7a92ea50339157adfa63a9ecac6f2c6713275510cb7a69a349890e5efb,2020-02,Norfolk Constabulary,Norfolk Constabulary,0.874157,52.529634,On or near Park/Open Space,E01026491,Breckland 010E,Other theft,Investigation complete; no suspect identified,
e421884a6911ee1dfaa38ba891a1067c88903b7158305fe174f1d82dd951d8a5,2020-02,Norfolk Constabulary,Norfolk Constabulary,0.871420,52.508478,On or near Low Road,E01026491,Breckland 010E,Other theft,Offender given a caution,
4636191083c30bcffe081bcdfd16d4d314b2c5f739ce8e85426b6e5ce90da7ed,2020-02,Norfolk Constabulary,Norfolk Constabulary,0.870958,52.497095,On or near Vicarage Road,E01026491,Breckland 010E,Violence and sexual offences,Unable to prosecute suspect,
52ad5970d0b953256cca246ca5d15f60dfb4dc86b8775a51f5fcbd49e7b569dc,2020-02,Norfolk Constabulary,Norfolk Constabulary,0.875740,52.495198,On or near School Square,E01026491,Breckland 010E,Violence and sexual offences,Investigation complete; no suspect identified,
471d82e0b02004e82cfd8cdda96fd6e6e46cfca6d2f1b762122a9fa17823234b,2020-02,Norfolk Constabulary,Norfolk Constabulary,0.895020,52.518172,On or near Gravelpit Hill,E01026491,Breckland 010E,Violence and sexual offences,Unable to prosecute suspect,
1d0618ffd6e26e1399322737bef1b5f95c1bd6eb810c7aa2865fc603d68b5b6b,2020-02,Norfolk Constabulary,Norfolk Constabulary,0.875010,52.496196,On or near Kingshill,E01026491,Breckland 010E,Violence and sexual offences,Unable to prosecute suspect,
7583f16f85802001918c4e6c6804b7b7f4f7848bd631319bf222965600589837,2020-02,Norfolk Constabulary,Norfolk Constabulary,0.895020,52.518172,On or near Gravelpit Hill,E01026491,Breckland 010E,Other crime,Unable to prosecute suspect,
,2020-02,Norfolk Constabulary,Norfolk Constabulary,0.855640,52.566018,On or near Liberator Close,E01033040,Breckland 010F,Anti-social behaviour,,
d84fba1c36292f9e455eff41861603c1f532927425b4bf948303ee0c38d317ca,2020-02,Norfolk Constabulary,Norfolk Constabulary,0.857219,52.567383,On or near Fortress Road,E01033040,Breckland 010F,Criminal damage and arson,Investigation complete; no suspect identified,
8105f580c0ed97f85400885130f28f389197e91e599002fd1093ed9dece536cb,2020-02,Norfolk Constabulary,Norfolk Constabulary,0.855246,52.565416,On or near Marauder Road,E01033040,Breckland 010F,Other theft,Status update unavailable,
2201be0cf2327b6068e901e831796aea8a0c6606b43486a68efa205eca075fd1,2020-02,Norfolk Constabulary,Norfolk Constabulary,0.857219,52.567383,On or near Fortress Road,E01033040,Breckland 010F,Public order,Unable to prosecute suspect,
1ec866aa5b3713ae7f53d6a9cea6824719982926770d9b0336b0c770f6e7597d,2020-02,Norfolk Constabulary,Norfolk Constabulary,0.854134,52.567610,On or near Sunderland Close,E01033040,Breckland 010F,Vehicle crime,Investigation complete; no suspect identified,
c1a9e571d923fc2cc7e09f09cb65d9b45db6489bc36e9720b857bce43d52a4f4,2020-02,Norfolk Constabulary,Norfolk Constabulary,0.862615,52.556659,On or near Church View Close,E01033040,Breckland 010F,Violence and sexual offences,Unable to prosecute suspect,
3d02dab5a156c7472b03f6af05cd8e94571af32c3dc5f7982eca10bcc4d1dda4,2020-02,Norfolk Constabulary,Norfolk Constabulary,0.857219,52.567383,On or near Fortress Road,E01033040,Breckland 010F,Violence and sexual offences,Unable to prosecute suspect,
4f6ea546e75821533ab6bb1f2d613dcd6bca7adaac14049f7bdb5251daa80444,2020-02,Norfolk Constabulary,Norfolk Constabulary,0.858740,52.554918,On or near Hmp Wayland,E01033040,Breckland 010F,Violence and sexual offences,Action to be taken by another organisation,
fac910ff62cb64c3277ea8b57f344d00bfc90ad4d92fddf215213b47d39d4cd4,2020-02,Norfolk Constabulary,Norfolk Constabulary,0.858740,52.554918,On or near Hmp Wayland,E01033040,Breckland 010F,Violence and sexual offences,Action to be taken by another organisation,
1e147f5584c7709ce51dd2c5184fdf57a4ed1bb9966dffc38aa70f6afb62b526,2020-02,Norfolk Constabulary,Norfolk Constabulary,0.858740,52.554918,On or near Hmp Wayland,E01033040,Breckland 010F,Violence and sexual offences,Court result unavailable,
8d7e76f29e16a713ee670ae9dc1b7ac6daae3bf0b5246e3fd7f9c87193f9b735,2020-02,Norfolk Constabulary,Norfolk Constabulary,0.855640,52.566018,On or near Liberator Close,E01033040,Breckland 010F,Violence and sexual offences,Unable to prosecute suspect,
b6b7491e515db2ae1aa8b661451893a4a498c4e22380199cf15c4b8eb8b1ae69,2020-02,Norfolk Constabulary,Norfolk Constabulary,0.858740,52.554918,On or near Hmp Wayland,E01033040,Breckland 010F,Violence and sexual offences,Action to be taken by another organisation,
a2b0a165f834369064421c0be3fbb45462bbbe76f954e1c817b05409fe5572a1,2020-02,Norfolk Constabulary,Norfolk Constabulary,0.862615,52.556659,On or near Church View Close,E01033040,Breckland 010F,Violence and sexual offences,Unable to prosecute suspect,
f6e40ae9e39ada12b7440db55a911f31b440bc0758a9d2dc01d4853ec7783a9c,2020-02,Norfolk Constabulary,Norfolk Constabulary,0.858740,52.554918,On or near Hmp Wayland,E01033040,Breckland 010F,Violence and sexual offences,Court result unavailable,
d2f230548d9c21c72111b31725a6aec4ed9e85744ef7a4e55de84d5780f0b238,2020-02,Norfolk Constabulary,Norfolk Constabulary,0.858740,52.554918,On or near Hmp Wayland,E01033040,Breckland 010F,Violence and sexual offences,Action to be taken by another organisation,
4d7c746b3cd943fbc6576a25c9b385e8325470f2d0e44e1459ca12c765c143ab,2020-02,Norfolk Constabulary,Norfolk Constabulary,0.858740,52.554918,On or near Hmp Wayland,E01033040,Breckland 010F,Violence and sexual offences,Action to be taken by another organisation,
a9641a9f7d167d6bfea0c8f64c10dcd7a379e2c3806f34f2287797e8c73ada60,2020-02,Norfolk Constabulary,Norfolk Constabulary,0.858740,52.554918,On or near Hmp Wayland,E01033040,Breckland 010F,Violence and sexual offences,Awaiting court outcome,
18fe56fe32d9df4f3c9839b02257e61f907f6abf14e648e096090f7120cd9d70,2020-02,Norfolk Constabulary,Norfolk Constabulary,0.858740,52.554918,On or near Hmp Wayland,E01033040,Breckland 010F,Violence and sexual offences,Court result unavailable,
945dcd797b07b8c336ec7ab5695e67abc69bf0b0453a3b2df3173e9b9d055c1e,2020-02,Norfolk Constabulary,Norfolk Constabulary,0.858740,52.554918,On or near Hmp Wayland,E01033040,Breckland 010F,Violence and sexual offences,Action to be taken by another organisation,
6157137bacc7b161395662ee14588ec70960be0318e33c2c07838d4e6826c7d4,2020-02,Norfolk Constabulary,Norfolk Constabulary,0.858740,52.554918,On or near Hmp Wayland,E01033040,Breckland 010F,Violence and sexual offences,Unable to prosecute suspect,
1066c1eb43f658c8be76a6f5e6dc627259ad5965a499d98488000da68f8b4535,2020-02,Norfolk Constabulary,Norfolk Constabulary,0.858740,52.554918,On or near Hmp Wayland,E01033040,Breckland 010F,Violence and sexual offences,Awaiting court outcome,
10464788020f070a1604be2d6436ba4d87aed9405b5bbc1e3018930305e5e3a8,2020-02,Norfolk Constabulary,Norfolk Constabulary,0.858740,52.554918,On or near Hmp Wayland,E01033040,Breckland 010F,Violence and sexual offences,Unable to prosecute suspect,
9a1532135349757058e53d1b999172503ea2830319d4de394450d6c46ef09f70,2020-02,Norfolk Constabulary,Norfolk Constabulary,0.858740,52.554918,On or near Hmp Wayland,E01033040,Breckland 010F,Other crime,Action to be taken by another organisation,
ad91f8f5f85bc150a77e503ec605ea5a304a050b4cc97276436fef67ceaac2b7,2020-02,Norfolk Constabulary,Norfolk Constabulary,0.858740,52.554918,On or near Hmp Wayland,E01033040,Breckland 010F,Other crime,Action to be taken by another organisation,
51e7fa96cd4532615c7ca77f7c0609eac8d121c0de54c5e5d2402a29e4ec2aeb,2020-02,Norfolk Constabulary,Norfolk Constabulary,0.858740,52.554918,On or near Hmp Wayland,E01033040,Breckland 010F,Other crime,Action to be taken by another organisation,
42fa56af9faab7c5826656b3046c107f808ad6499cdd37c07a5f572f2b980f00,2020-02,Norfolk Constabulary,Norfolk Constabulary,0.858740,52.554918,On or near Hmp Wayland,E01033040,Breckland 010F,Other crime,Action to be taken by another organisation,
97a1fc0d10ab60031eda672285ae7ae4eecb71f9efcda973cd4623ecbc9ff07f,2020-02,Norfolk Constabulary,Norfolk Constabulary,0.858740,52.554918,On or near Hmp Wayland,E01033040,Breckland 010F,Other crime,Court result unavailable,
6c2afeff43dcea5068fe1ae6a8f0e160882df8975ca273de799009461bf26f09,2020-02,Norfolk Constabulary,Norfolk Constabulary,0.861420,52.557335,On or near Manor Road,E01033041,Breckland 010G,Violence and sexual offences,Unable to prosecute suspect,
64305e7bd92d350f5ae2cfc941194d1dbb9fbec6b84ab2f0dbdfa830e95c4801,2020-02,Norfolk Constabulary,Norfolk Constabulary,0.863374,52.571245,On or near Dickson Road,E01033041,Breckland 010G,Violence and sexual offences,Unable to prosecute suspect,
e7556920c3d23887ccaf7a702a1f2cffcd3ae2faf3e20c00f760ff967a471bda,2020-02,Norfolk Constabulary,Norfolk Constabulary,0.864624,52.551934,On or near Longmeadow Close,E01033041,Breckland 010G,Violence and sexual offences,Local resolution,
b46b801e0787213eba2b1f316ab4b1da6bd10cd057f2a9ee0c2095fffcfdd84c,2020-02,Norfolk Constabulary,Norfolk Constabulary,0.859894,52.569935,On or near Halton Road,E01033041,Breckland 010G,Violence and sexual offences,Unable to prosecute suspect,
ea1b9dbf138935413c648335ce4b6e9bc00c039a59466d8b0962a4ba3bf6038a,2020-02,Norfolk Constabulary,Norfolk Constabulary,1.000885,52.508276,On or near Keeling Way,E01026422,Breckland 011A,Drugs,Further action is not in the public interest,
01ecdc201623f925eaf7e919ac9970faff332a894546232af60ea11b9f2ae490,2020-02,Norfolk Constabulary,Norfolk Constabulary,0.980979,52.496180,On or near London Road,E01026422,Breckland 011A,Other theft,Status update unavailable,
ff18f3c59aca7d97e98ca7fac0be845e206d759a498efbfa0cfb8830fad48236,2020-02,Norfolk Constabulary,Norfolk Constabulary,1.004836,52.507429,On or near Dodds Close,E01026422,Breckland 011A,Public order,Unable to prosecute suspect,
3d9a6684950cde605a2b4dd41122a4dd22599884af4994693652f5c7152339e1,2020-02,Norfolk Constabulary,Norfolk Constabulary,1.008197,52.507874,On or near Oaklands Close,E01026422,Breckland 011A,Violence and sexual offences,Unable to prosecute suspect,
b9d19ee4f61d904bf946622bbef634a304e6f016b97ae1d32526dfa3c082e515,2020-02,Norfolk Constabulary,Norfolk Constabulary,1.008850,52.508370,On or near Plantation Close,E01026422,Breckland 011A,Violence and sexual offences,Unable to prosecute suspect,
7dc64389a12d8e27fec313402c425f7ddda2f42e771c5979c17013f7e4d237f0,2020-02,Norfolk Constabulary,Norfolk Constabulary,1.012417,52.511814,On or near Granary Road,E01026422,Breckland 011A,Violence and sexual offences,Unable to prosecute suspect,
8ecf59d7197c9a62ce438658b3aec74bc33c392b5c718bd82b399aaf75fb430d,2020-02,Norfolk Constabulary,Norfolk Constabulary,1.012417,52.511814,On or near Granary Road,E01026422,Breckland 011A,Violence and sexual offences,Unable to prosecute suspect,
bd3319df8c07dfedc9804d2595784f8ecd52507340794575e591fd6cd9db50fc,2020-02,Norfolk Constabulary,Norfolk Constabulary,1.012417,52.511814,On or near Granary Road,E01026422,Breckland 011A,Other crime,Unable to prosecute suspect,
6e799614627d0efa450f355801819fdf9a132019d054f6cd135cb05beca85a5c,2020-02,Norfolk Constabulary,Norfolk Constabulary,0.980979,52.496180,On or near London Road,E01026422,Breckland 011A,Other crime,Court result unavailable,
b4c6fd7b8d798299668ca81d509bb2cd754619c31f843193dec228c716dbf16e,2020-02,Norfolk Constabulary,Norfolk Constabulary,1.017763,52.505292,On or near Leys Lane,E01026423,Breckland 011B,Criminal damage and arson,Unable to prosecute suspect,
b805609f40213ef40d6925c07241b845d5de27b79a5a86696a32cd79f6b452e0,2020-02,Norfolk Constabulary,Norfolk Constabulary,1.021681,52.510202,On or near Sports/Recreation Area,E01026423,Breckland 011B,Drugs,Further action is not in the public interest,
e435262821ab9f27cd0509893a141d71f21ea860ff4d3517a9ad186b205b1dff,2020-02,Norfolk Constabulary,Norfolk Constabulary,1.015519,52.512553,On or near Halford Road,E01026423,Breckland 011B,Violence and sexual offences,Action to be taken by another organisation,
889f0d5488adc44402a98974fd502e30b99899b461eca7c18453835ca275c6ff,2020-02,Norfolk Constabulary,Norfolk Constabulary,1.021900,52.514252,On or near Station Road,E01026423,Breckland 011B,Violence and sexual offences,Unable to prosecute suspect,
6a8fe20fd3be3e08703f2a45000bf71c306d88edb66d57c204507dab5eca566c,2020-02,Norfolk Constabulary,Norfolk Constabulary,1.021900,52.514252,On or near Station Road,E01026423,Breckland 011B,Violence and sexual offences,Unable to prosecute suspect,
d95753b30f1bcc9c702f7995e67121b04d08d4cadaa2bccad9281a14ec1ed840,2020-02,Norfolk Constabulary,Norfolk Constabulary,1.013898,52.514717,On or near Thorpe Drive,E01026423,Breckland 011B,Violence and sexual offences,Unable to prosecute suspect,
d475ceaa452444b7d1e8aaa3154c97a266224cbe7975ff482f649b994901c326,2020-02,Norfolk Constabulary,Norfolk Constabulary,1.024967,52.510190,On or near Worcester Way,E01026423,Breckland 011B,Violence and sexual offences,Unable to prosecute suspect,
,2020-02,Norfolk Constabulary,Norfolk Constabulary,1.010874,52.517276,On or near Yew Tree Road,E01026447,Breckland 011C,Anti-social behaviour,,
acf0a12498257f4fd8971c3e19ce31dfa3052ce5cd3f8ca46313d5546c5b5a91,2020-02,Norfolk Constabulary,Norfolk Constabulary,1.007903,52.519528,On or near Norfolk Drive,E01026447,Breckland 011C,Other theft,Unable to prosecute suspect,
99f42b3c4bcf8de16d8df26c055e5a32cca7ca952c96c94ae025e8d8580ae054,2020-02,Norfolk Constabulary,Norfolk Constabulary,1.010894,52.515837,On or near Millers Square,E01026447,Breckland 011C,Violence and sexual offences,Unable to prosecute suspect,
6cb1fca8d8244b271e47fefc2cbdfe527198aeb9a3981054fae6563b8f3e3fdb,2020-02,Norfolk Constabulary,Norfolk Constabulary,1.009643,52.520185,On or near Alexandra Way,E01026447,Breckland 011C,Violence and sexual offences,Unable to prosecute suspect,
32378f060e67c73120f2b32ca0752b5554c12a8939545839502ec3b15c092e90,2020-02,Norfolk Constabulary,Norfolk Constabulary,1.013504,52.517794,On or near Wayland Close,E01026447,Breckland 011C,Violence and sexual offences,Court result unavailable,
e747976b8b69f7d968ca29bdc40916bf9dbf65bb02e9f3dcf07b35b0b449e8c8,2020-02,Norfolk Constabulary,Norfolk Constabulary,1.013504,52.517794,On or near Wayland Close,E01026447,Breckland 011C,Other crime,Investigation complete; no suspect identified,
,2020-02,Norfolk Constabulary,Norfolk Constabulary,1.012570,52.516630,On or near Supermarket,E01026449,Breckland 011D,Anti-social behaviour,,
,2020-02,Norfolk Constabulary,Norfolk Constabulary,1.012570,52.516630,On or near Supermarket,E01026449,Breckland 011D,Anti-social behaviour,,
,2020-02,Norfolk Constabulary,Norfolk Constabulary,1.012570,52.516630,On or near Supermarket,E01026449,Breckland 011D,Anti-social behaviour,,
41258d329caae806a1a04a4eb6329bd849ce9e84cb9f686c53966fd36f8ba680,2020-02,Norfolk Constabulary,Norfolk Constabulary,1.014245,52.519996,On or near Queen'S Court,E01026449,Breckland 011D,Bicycle theft,Investigation complete; no suspect identified,
793f25f0e4407d489c60442fc02f305d0ad5852d1ae5f4c4bc643a951e4b05a5,2020-02,Norfolk Constabulary,Norfolk Constabulary,1.017155,52.517503,On or near Hospital,E01026449,Breckland 011D,Burglary,Investigation complete; no suspect identified,
6289750fbee1cf4a1909492e3368bb941b22a404243ce4f5e27dc31862dea6cb,2020-02,Norfolk Constabulary,Norfolk Constabulary,1.017155,52.517503,On or near Hospital,E01026449,Breckland 011D,Burglary,Investigation complete; no suspect identified,
bf495a0b7aa5f907181f2ae0738d8edbc563f7d9653b13295e5e883bb07c4813,2020-02,Norfolk Constabulary,Norfolk Constabulary,1.012570,52.516630,On or near Supermarket,E01026449,Breckland 011D,Other theft,Status update unavailable,
3dd94c90d57fe9621da2fe9459be6241cd060830ddc7629747b4d48a4977df50,2020-02,Norfolk Constabulary,Norfolk Constabulary,1.014437,52.516340,On or near Connaught Plain,E01026449,Breckland 011D,Other theft,Investigation complete; no suspect identified,
b7f39a315588501d19b6108a0c37f16a231861cd787db8148745a53a78dd94fd,2020-02,Norfolk Constabulary,Norfolk Constabulary,1.014508,52.516302,On or near Connaught Road,E01026449,Breckland 011D,Other theft,Investigation complete; no suspect identified,
54d27bbb4024e44d53b99e764a84a951cf2c6265a3016112a6383f442e73866d,2020-02,Norfolk Constabulary,Norfolk Constabulary,1.016535,52.518139,On or near Queen'S Square,E01026449,Breckland 011D,Public order,Unable to prosecute suspect,
76b7a0cb7140c203c6805e412f48c258b6f0e41530cc69cbdb073473f3b6d99c,2020-02,Norfolk Constabulary,Norfolk Constabulary,1.016535,52.518139,On or near Queen'S Square,E01026449,Breckland 011D,Public order,Unable to prosecute suspect,
e642b9f3f044c2123f6763b428f41a57cadd3bdfb3f11b543b39c06a66004a2a,2020-02,Norfolk Constabulary,Norfolk Constabulary,1.012570,52.516630,On or near Supermarket,E01026449,Breckland 011D,Shoplifting,Investigation complete; no suspect identified,
a8cd956c999d73e7d8d35ed4cea3c8e9996b4d9f76c16a7be49b78067e367637,2020-02,Norfolk Constabulary,Norfolk Constabulary,1.016535,52.518139,On or near Queen'S Square,E01026449,Breckland 011D,Violence and sexual offences,Investigation complete; no suspect identified,
cb364a20b0362753e8806bef6bdd754c4b37c13cfa1db512c405f07dcfed1e66,2020-02,Norfolk Constabulary,Norfolk Constabulary,0.979338,52.514612,On or near Long Street,E01026449,Breckland 011D,Violence and sexual offences,Unable to prosecute suspect,
794e332cca9f9ea03441e8c8ff8e9a9d3c010d784ebc57fc691147a14529159e,2020-02,Norfolk Constabulary,Norfolk Constabulary,1.014090,52.519451,On or near Queen'S Road,E01026449,Breckland 011D,Violence and sexual offences,Unable to prosecute suspect,
9dec8e465fe1b27859379d4adebce06374d11c0497f6bdb70c95319d331c5734,2020-02,Norfolk Constabulary,Norfolk Constabulary,1.017271,52.518111,On or near Church Street,E01026449,Breckland 011D,Violence and sexual offences,Unable to prosecute suspect,
2a6782137d9157d1a97509d545fe4bea8bacf62d4c35980cbe4b2bf8e720aab6,2020-02,Norfolk Constabulary,Norfolk Constabulary,1.017271,52.518111,On or near Church Street,E01026449,Breckland 011D,Violence and sexual offences,Unable to prosecute suspect,
972afe459a92c58c9d350719f238edf42597d1f3f815913939c63ee2384f54f8,2020-02,Norfolk Constabulary,Norfolk Constabulary,0.979338,52.514612,On or near Long Street,E01026449,Breckland 011D,Other crime,Action to be taken by another organisation,
68932c6404eb41a1245f82d62eeb9c57c4056dd149af658a00579385793ddb03,2020-02,Norfolk Constabulary,Norfolk Constabulary,0.979338,52.514612,On or near Long Street,E01026449,Breckland 011D,Other crime,Action to be taken by another organisation,
,2020-02,Norfolk Constabulary,Norfolk Constabulary,1.004562,52.511834,On or near Police Station,E01026450,Breckland 011E,Anti-social behaviour,,
,2020-02,Norfolk Constabulary,Norfolk Constabulary,1.003527,52.514594,On or near Campion Way,E01026450,Breckland 011E,Anti-social behaviour,,
,2020-02,Norfolk Constabulary,Norfolk Constabulary,1.004306,52.511319,On or near Constable Close,E01026450,Breckland 011E,Anti-social behaviour,,
,2020-02,Norfolk Constabulary,Norfolk Constabulary,1.003527,52.514594,On or near Campion Way,E01026450,Breckland 011E,Anti-social behaviour,,
937a05b2f88cfff8d9ce29c12de3cffd31ce934205999a75dc4bffc91df2be82,2020-02,Norfolk Constabulary,Norfolk Constabulary,1.004562,52.511834,On or near Police Station,E01026450,Breckland 011E,Violence and sexual offences,Unable to prosecute suspect,
1fe7a49bc83acc62ba2d043d9fb6d021082d51780f81adc452990d0da219016e,2020-02,Norfolk Constabulary,Norfolk Constabulary,1.004562,52.511834,On or near Police Station,E01026450,Breckland 011E,Violence and sexual offences,Unable to prosecute suspect,
5b0ebb02ad277c4e6fcc721055c5dfb7620f5c7b85278c9d1884f372d61431c8,2020-02,Norfolk Constabulary,Norfolk Constabulary,1.004562,52.511834,On or near Police Station,E01026450,Breckland 011E,Violence and sexual offences,Unable to prosecute suspect,
8da72c956908ce44cf4e5bcc823a92844ab6285bb1808e0df32787e617c66208,2020-02,Norfolk Constabulary,Norfolk Constabulary,1.004562,52.511834,On or near Police Station,E01026450,Breckland 011E,Violence and sexual offences,Unable to prosecute suspect,
1a41584a7e6df990bbc2ec69c9cfd733a4beb058b57c550ff13aa9d17935db2c,2020-02,Norfolk Constabulary,Norfolk Constabulary,0.999553,52.512743,On or near The Brecks,E01026450,Breckland 011E,Violence and sexual offences,Court result unavailable,
c5ef1ca04945f3337bfb38178a3c82903f710ec23f2a01548cdb0a2ff89e74ad,2020-02,Norfolk Constabulary,Norfolk Constabulary,0.999553,52.512743,On or near The Brecks,E01026450,Breckland 011E,Other crime,Action to be taken by another organisation,
1a60b5244932d31c5d8e9125188e374f7bd539761c27d4a7abab7dedceec631e,2020-02,Norfolk Constabulary,Norfolk Constabulary,1.007632,52.516864,On or near Lushers Meadow,E01026450,Breckland 011E,Other crime,Unable to prosecute suspect,
,2020-02,Norfolk Constabulary,Norfolk Constabulary,0.656879,52.514355,On or near Malsters Close,E01026424,Breckland 012A,Anti-social behaviour,,
87d2f9ed9632835ac2f93f38fcf0b68cd9d50017d5aa0243048304cfdc7ce5a9,2020-02,Norfolk Constabulary,Norfolk Constabulary,0.652983,52.512815,On or near Billy Emms Court,E01026424,Breckland 012A,Criminal damage and arson,Unable to prosecute suspect,
6055b35a8e281d15a64104d89ecebe7568c1ebea5c53b6d5d89d7914f858506d,2020-02,Norfolk Constabulary,Norfolk Constabulary,0.653975,52.507991,On or near Brecklands,E01026424,Breckland 012A,Public order,Unable to prosecute suspect,
14efb60fb433d8879d66c6e195cddbffb7825c18e5a8714b63af7c98a6ce0be1,2020-02,Norfolk Constabulary,Norfolk Constabulary,0.624844,52.521176,On or near Cranwich Road,E01026424,Breckland 012A,Violence and sexual offences,Unable to prosecute suspect,
543c2032dea27e76a17dca59ceeada463aca0ea8b1a21fa8e189d489edcc0544,2020-02,Norfolk Constabulary,Norfolk Constabulary,0.615334,52.535298,On or near Park/Open Space,E01026424,Breckland 012A,Violence and sexual offences,Court result unavailable,
4f3dadb3efc8606bf6219dd0dd4271ef0146d5439be64a35f0e0f94e337edbc6,2020-02,Norfolk Constabulary,Norfolk Constabulary,0.653579,52.510473,On or near Sports/Recreation Area,E01026424,Breckland 012A,Violence and sexual offences,Unable to prosecute suspect,
c49f592fc1592e1a0e3ebbfe7593de18b350320efd8263c8e8215cff7c91d141,2020-02,Norfolk Constabulary,Norfolk Constabulary,0.612303,52.525483,On or near A134,E01026424,Breckland 012A,Violence and sexual offences,Unable to prosecute suspect,
1e4990a263425007c9f6b579a70d149f75e6a6a4dba93c92bf3ad09065c59e1a,2020-02,Norfolk Constabulary,Norfolk Constabulary,0.612303,52.525483,On or near A134,E01026424,Breckland 012A,Violence and sexual offences,Unable to prosecute suspect,
3b50e8d329f8f49eaf0e76d400a957b426aa2d4df36d91ea22a71ad2f1cc22be,2020-02,Norfolk Constabulary,Norfolk Constabulary,0.612303,52.525483,On or near A134,E01026424,Breckland 012A,Violence and sexual offences,Unable to prosecute suspect,
2a4996d4c7fd78f462c625386c085fdd3dc56c8b726b4a2e7ae2a7b0a750dbd6,2020-02,Norfolk Constabulary,Norfolk Constabulary,0.652939,52.508895,On or near Fir Close,E01026424,Breckland 012A,Other crime,Status update unavailable,
,2020-02,Norfolk Constabulary,Norfolk Constabulary,0.728801,52.581484,On or near The Street,E01026444,Breckland 012B,Anti-social behaviour,,
,2020-02,Norfolk Constabulary,Norfolk Constabulary,0.571375,52.584226,On or near St John'S Close,E01026444,Breckland 012B,Anti-social behaviour,,
,2020-02,Norfolk Constabulary,Norfolk Constabulary,0.732993,52.581000,On or near The Buttlands,E01026444,Breckland 012B,Anti-social behaviour,,
,2020-02,Norfolk Constabulary,Norfolk Constabulary,0.571375,52.584226,On or near St John'S Close,E01026444,Breckland 012B,Anti-social behaviour,,
73204758b2c44d781a4f67cc86d24ab0c51931d360cb62756a8ebe4a21853cc9,2020-02,Norfolk Constabulary,Norfolk Constabulary,0.597448,52.586750,On or near Sports/Recreation Area,E01026444,Breckland 012B,Burglary,Investigation complete; no suspect identified,
ab9b48123406775463f4df489bcc55e11fd94de0cecbb49b2d6048b6daf44bb6,2020-02,Norfolk Constabulary,Norfolk Constabulary,0.571375,52.584226,On or near St John'S Close,E01026444,Breckland 012B,Criminal damage and arson,Investigation complete; no suspect identified,
159fb32228e98b6b701b055a9b2c2458ace83d9fde2eaebbb6ff732a85110409,2020-02,Norfolk Constabulary,Norfolk Constabulary,0.570126,52.589127,On or near Eastmoor Road,E01026444,Breckland 012B,Criminal damage and arson,Unable to prosecute suspect,
14eebd0f4719dbc174dac9155d66765d2b9557a3521c49d5b613c32bf22f8ce4,2020-02,Norfolk Constabulary,Norfolk Constabulary,0.600474,52.588239,On or near The Street,E01026444,Breckland 012B,Other theft,Investigation complete; no suspect identified,
5566f0f4a14cd69c30cf0abed5b1f57ee5106893a1c047dfa4f0e3072076b90f,2020-02,Norfolk Constabulary,Norfolk Constabulary,0.762877,52.566296,On or near Pilgrims Way,E01026444,Breckland 012B,Violence and sexual offences,Investigation complete; no suspect identified,
330d93efd11f7f2a1f3b32d8c76e87f5078bbdcc49fd6d037662676a703fca39,2020-02,Norfolk Constabulary,Norfolk Constabulary,0.607687,52.470938,On or near Oliver Court,E01026492,Breckland 012C,Burglary,Unable to prosecute suspect,
9f3eb6a7a396694adf42d6306a573cc022ce221810013bad184b19d45a6dbe24,2020-02,Norfolk Constabulary,Norfolk Constabulary,0.610092,52.468295,On or near Saxon Place,E01026492,Breckland 012C,Other theft,Unable to prosecute suspect,
8082ed22fe9aa8ec05a6ebf32983dfd6535d99e9b264eb3d530d1a53b00b93c7,2020-02,Norfolk Constabulary,Norfolk Constabulary,0.614268,52.463473,On or near Glebe Road,E01026492,Breckland 012C,Public order,Unable to prosecute suspect,
c57514e107d8b0fb99e87c77ad4741f92fa32f9b9b15312b30f66ed88122bc9e,2020-02,Norfolk Constabulary,Norfolk Constabulary,0.613345,52.468763,On or near Castle Close,E01026492,Breckland 012C,Other crime,Awaiting court outcome,
,2020-02,Norfolk Constabulary,Norfolk Constabulary,0.692092,52.476501,On or near A134,E01026493,Breckland 012D,Anti-social behaviour,,
b9303a91978903d17bbe131b87105d300dd12ec8b10dae099baa9c6ade575a46,2020-02,Norfolk Constabulary,Norfolk Constabulary,0.754939,52.447842,On or near Earl Warren,E01026493,Breckland 012D,Burglary,Investigation complete; no suspect identified,
69fa88858b33441a32f5ef3c4ea46a02dcaa97d28e4ce889a45b7fc0174e1738,2020-02,Norfolk Constabulary,Norfolk Constabulary,0.611469,52.473399,On or near Angerstein Close,E01026493,Breckland 012D,Burglary,Investigation complete; no suspect identified,
d149434a881e9e461566a2023e14a595c8a9a388ff42c91b914bf0796f822334,2020-02,Norfolk Constabulary,Norfolk Constabulary,0.611469,52.473399,On or near Angerstein Close,E01026493,Breckland 012D,Burglary,Investigation complete; no suspect identified,
ade107463b418f8778c130868e7d95cdb243d3b58d4612f256d39e7be4ee873b,2020-02,Norfolk Constabulary,Norfolk Constabulary,0.624647,52.454062,On or near Parking Area,E01026493,Breckland 012D,Criminal damage and arson,Unable to prosecute suspect,
5378e58e5c771cf496f1a55b44dac5f19a09decbed958840b28e84ca8ae18dd7,2020-02,Norfolk Constabulary,Norfolk Constabulary,0.754939,52.447842,On or near Earl Warren,E01026493,Breckland 012D,Drugs,Offender given a drugs possession warning,
9c192de79669e19a6645d905348cfc4a301560ebf24b56129b90b4c62e557c5f,2020-02,Norfolk Constabulary,Norfolk Constabulary,0.681118,52.520040,On or near Park/Open Space,E01026493,Breckland 012D,Other theft,Investigation complete; no suspect identified,
299d8583d112ae30ad236959e5139a8f265468e01591e215575b673f6df889dd,2020-02,Norfolk Constabulary,Norfolk Constabulary,0.679548,52.511929,On or near Park/Open Space,E01026493,Breckland 012D,Other theft,Investigation complete; no suspect identified,
d28b3a4037e5b9fb3ff863bf6b507d6a52063804fe6203d6f3dee11c880f9fb3,2020-02,Norfolk Constabulary,Norfolk Constabulary,0.755766,52.446240,On or near Church Avenue,E01026493,Breckland 012D,Violence and sexual offences,Unable to prosecute suspect,
118d2645d3552a8b180852ac16c3c39ec01d2027551eaa1647d0b1753ad63827,2020-02,Norfolk Constabulary,Norfolk Constabulary,0.670309,52.493496,On or near Parking Area,E01026493,Breckland 012D,Other crime,Unable to prosecute suspect,
dea0f420a317304501d2b4b1f3d5e65e9c91538d5bab26149b080635fca505eb,2020-02,Norfolk Constabulary,Norfolk Constabulary,1.036087,52.472016,On or near Park/Open Space,E01026421,Breckland 013A,Criminal damage and arson,Investigation complete; no suspect identified,
ad8d52f94c85cb83311b3da071255376dd824b35da88d2a9743a2fa8d0176879,2020-02,Norfolk Constabulary,Norfolk Constabulary,1.042430,52.481988,On or near Barbers Yard,E01026421,Breckland 013A,Violence and sexual offences,Unable to prosecute suspect,
df7db9fac4b7cffe272174e3bcb3c07b104972f1c8cd789eab33fc7799246733,2020-02,Norfolk Constabulary,Norfolk Constabulary,1.042430,52.481988,On or near Barbers Yard,E01026421,Breckland 013A,Violence and sexual offences,Unable to prosecute suspect,
fdd4559a9e629ce3c35663f7ccc512a1ee251e4860e920096a61380843542900,2020-02,Norfolk Constabulary,Norfolk Constabulary,1.034062,52.489020,On or near Attleborough Road,E01026421,Breckland 013A,Violence and sexual offences,Investigation complete; no suspect identified,
,2020-02,Norfolk Constabulary,Norfolk Constabulary,1.040130,52.453773,On or near Gaymer Close,E01026435,Breckland 013B,Anti-social behaviour,,
feead70fcb352ec42e43e17845490918bdced4cc628bf9ed333f884da98f7b00,2020-02,Norfolk Constabulary,Norfolk Constabulary,0.974606,52.467914,On or near Wilby Road,E01026435,Breckland 013B,Burglary,Investigation complete; no suspect identified,
0c69f2ff54e9aaed17267265ae0d713338d2424e0b1d2e364a62e0c84430fbd5,2020-02,Norfolk Constabulary,Norfolk Constabulary,0.953011,52.474606,On or near London Road,E01026435,Breckland 013B,Criminal damage and arson,Investigation complete; no suspect identified,
6429abc78ab9f44e27abf6f2eecf0d6ecf2e200bbd54d60e3f288ca664dda784,2020-02,Norfolk Constabulary,Norfolk Constabulary,0.974081,52.463835,On or near Quidenham Road,E01026435,Breckland 013B,Criminal damage and arson,Investigation complete; no suspect identified,
7918c1c0a0d3a0f04bf6bd1646e4c53091b13d6eb2a95a6223b15daa68c0a18b,2020-02,Norfolk Constabulary,Norfolk Constabulary,1.046868,52.453276,On or near Sports/Recreation Area,E01026435,Breckland 013B,Drugs,Offender given a caution,
8be11b35eb2b744758535af9b4fd73d1635929d3060acda82c5667e03acfe514,2020-02,Norfolk Constabulary,Norfolk Constabulary,0.953011,52.474606,On or near London Road,E01026435,Breckland 013B,Other theft,Awaiting court outcome,
91499c38e65e27946834020f39342a09259a13a858cd5e607631b834e0d309b3,2020-02,Norfolk Constabulary,Norfolk Constabulary,1.018311,52.444898,On or near Park Common Lane,E01026435,Breckland 013B,Public order,Unable to prosecute suspect,
17bea754b1559263f56b086bd79428a03129df218c2712b19fb7221fb72c73d9,2020-02,Norfolk Constabulary,Norfolk Constabulary,0.953011,52.474606,On or near London Road,E01026435,Breckland 013B,Shoplifting,Unable to prosecute suspect,
bb85b6003f17cfba1066869ea442588cc5793ad8a24837b52c5751f206bc6313,2020-02,Norfolk Constabulary,Norfolk Constabulary,1.040456,52.454232,On or near Wayland Way,E01026435,Breckland 013B,Violence and sexual offences,Unable to prosecute suspect,
7037cf883aef5e96a8a12696a2b6980b9f95fe9c27d729671f24ae731b939e34,2020-02,Norfolk Constabulary,Norfolk Constabulary,1.046145,52.457737,On or near Andrew'S Furlong,E01026435,Breckland 013B,Violence and sexual offences,Unable to prosecute suspect,
996b82b70aff8aa36cd41030480c89e3e3e92cf6faa990fecb2cd11d561bf31d,2020-02,Norfolk Constabulary,Norfolk Constabulary,1.037603,52.451698,On or near Orchard Way,E01026435,Breckland 013B,Violence and sexual offences,Action to be taken by another organisation,
453a5d7628289e9c8d0f335e324566630f697889762121da60a59cf6afca7f8d,2020-02,Norfolk Constabulary,Norfolk Constabulary,1.040456,52.454232,On or near Wayland Way,E01026435,Breckland 013B,Violence and sexual offences,Unable to prosecute suspect,
b6c0601a7cb8ed476e7ed0531c597d9e66b507c2ae47bf7aef06a26e1d0b92aa,2020-02,Norfolk Constabulary,Norfolk Constabulary,1.046145,52.457737,On or near Andrew'S Furlong,E01026435,Breckland 013B,Other crime,Status update unavailable,
,2020-02,Norfolk Constabulary,Norfolk Constabulary,1.027175,52.519576,On or near Sunart Close,E01026448,Breckland 013C,Anti-social behaviour,,
cad4402abf37756ba849a6b37d580b8b238dea40e56b0535d484f7fc64221b92,2020-02,Norfolk Constabulary,Norfolk Constabulary,1.053016,52.532716,On or near A11,E01026448,Breckland 013C,Criminal damage and arson,Offender given a caution,
15093fe16398b08923ff8421592f6c64236e0c5b54580235f8927cc70dabc872,2020-02,Norfolk Constabulary,Norfolk Constabulary,1.034013,52.524248,On or near Mill Lane,E01026448,Breckland 013C,Public order,Unable to prosecute suspect,
fc96fa1241adbb864f8891bcbe17270c5528a15fb1832691cb33c8a4073b6418,2020-02,Norfolk Constabulary,Norfolk Constabulary,1.053016,52.532716,On or near A11,E01026448,Breckland 013C,Other crime,Court result unavailable,
7c430e3e2d2349e2f6cc1a079dea1afd076ca140172b60c9d9e08434dff91a8b,2020-02,Norfolk Constabulary,Norfolk Constabulary,1.033062,52.521565,On or near Atling Way,E01026448,Breckland 013C,Other crime,Unable to prosecute suspect,
c58546b8c936b3aa4b3a36b85287db52f71c472f6f376c9ebcce3b720497a7d8,2020-02,Norfolk Constabulary,Norfolk Constabulary,0.931766,52.440152,On or near Market Street,E01026439,Breckland 014A,Criminal damage and arson,Investigation complete; no suspect identified,
4c8f6cefb56a4d57261edebb1dd74bb2b6ad284e823767400efc8c04070f2219,2020-02,Norfolk Constabulary,Norfolk Constabulary,0.929777,52.439680,On or near School Lane,E01026439,Breckland 014A,Violence and sexual offences,Unable to prosecute suspect,
aca3b62e6a6d3fe9498e69508d69b54a49badcfcc45d3aaa42eb788084208f55,2020-02,Norfolk Constabulary,Norfolk Constabulary,0.931977,52.439122,On or near Market Street,E01026439,Breckland 014A,Violence and sexual offences,Unable to prosecute suspect,
92b51ad33d627ed04d27df5fbe22e5f008d16c44e02ea29d677297b6d12b778a,2020-02,Norfolk Constabulary,Norfolk Constabulary,0.939210,52.440786,On or near Drakes Close,E01026439,Breckland 014A,Other crime,Unable to prosecute suspect,
,2020-02,Norfolk Constabulary,Norfolk Constabulary,0.878423,52.436347,On or near Sports/Recreation Area,E01026440,Breckland 014B,Anti-social behaviour,,
342df73102f3db59bfa2e19d5e3ef9032c814d9ee60cec30b743e4a05b1347c5,2020-02,Norfolk Constabulary,Norfolk Constabulary,0.911316,52.452726,On or near B1111,E01026440,Breckland 014B,Violence and sexual offences,Unable to prosecute suspect,
1cac222ab601ec058029fc586b6fabb7e55269915d6464ffa23f866aac55e9e3,2020-02,Norfolk Constabulary,Norfolk Constabulary,0.881765,52.437497,On or near Risley Close,E01026440,Breckland 014B,Violence and sexual offences,Action to be taken by another organisation,
2ac2cd906de4c3120ae08703560c7d301ef24babbff1881c72f700ece3885193,2020-02,Norfolk Constabulary,Norfolk Constabulary,0.881765,52.437497,On or near Risley Close,E01026440,Breckland 014B,Violence and sexual offences,Awaiting court outcome,
f4ead20ff1240bd6f22a2af31d96d3194f3dac62da01a4da573af803f421ef44,2020-02,Norfolk Constabulary,Norfolk Constabulary,0.928466,52.438112,On or near Park Court,E01026441,Breckland 014C,Other theft,Unable to prosecute suspect,
b29fedce1c8062a47e53df8b97bf06f97818a05c62f91d786488de1723c32d56,2020-02,Norfolk Constabulary,Norfolk Constabulary,0.927964,52.439410,On or near Grigsons Wood,E01026441,Breckland 014C,Other theft,Investigation complete; no suspect identified,
4edd7d8b73f44944c96b347f0b9f4f1e32b9582713d33ea511e4967dd8f2ef13,2020-02,Norfolk Constabulary,Norfolk Constabulary,0.945909,52.394080,On or near The Street,E01026441,Breckland 014C,Public order,Unable to prosecute suspect,
f5fb459e8412b99e5d6cf51987c4ab993626fd8fb4ee03e440a0eb7f0cc5d8bf,2020-02,Norfolk Constabulary,Norfolk Constabulary,0.860005,52.421641,On or near Park/Open Space,E01026441,Breckland 014C,Violence and sexual offences,Unable to prosecute suspect,
b4109d72dec511b145fe138968e9cef90c7b0a1b110134d4257d019004f1b263,2020-02,Norfolk Constabulary,Norfolk Constabulary,0.954926,52.377451,On or near Church Lane,E01026494,Breckland 014D,Criminal damage and arson,Investigation complete; no suspect identified,
6e9584cff803ff1111e190ccd808ffa33a1afa50924bf7dbd78925f57c9ad5f2,2020-02,Norfolk Constabulary,Norfolk Constabulary,0.971158,52.379760,On or near Self'S Lane,E01026494,Breckland 014D,Criminal damage and arson,Investigation complete; no suspect identified,
beb3cc3f67ca918f0cbca5be50da3885999339ef33d17a89262c7aac8fac0456,2020-02,Norfolk Constabulary,Norfolk Constabulary,0.999453,52.434227,On or near West Church Street,E01026494,Breckland 014D,Vehicle crime,Investigation complete; no suspect identified,
a8b51bddb6e37e4a02971b77f39fd7612d7ecc9a2cd0140e7153a6fb851c98b6,2020-02,Norfolk Constabulary,Norfolk Constabulary,0.999348,52.392816,On or near The Street,E01026494,Breckland 014D,Violence and sexual offences,Status update unavailable,
5225a27c85d62057c0b9133467f34e93aea3a5972913bd5ac77bc74cd39bf962,2020-02,Norfolk Constabulary,Norfolk Constabulary,0.997539,52.435939,On or near The Beck,E01026494,Breckland 014D,Violence and sexual offences,Unable to prosecute suspect,
,2020-02,Norfolk Constabulary,Norfolk Constabulary,0.736674,52.418167,On or near Winchester Way,E01026465,Breckland 015A,Anti-social behaviour,,
146728c693cb159bd68215a2998688ec3d7c8530069fe71ccfe409b63dc393cc,2020-02,Norfolk Constabulary,Norfolk Constabulary,0.738448,52.419017,On or near St Albans Way,E01026465,Breckland 015A,Criminal damage and arson,Unable to prosecute suspect,
bedf91f631562b34aed860e770e71c4f647e1e1361cdae2543762b853cc593ee,2020-02,Norfolk Constabulary,Norfolk Constabulary,0.737224,52.419441,On or near Ripon Way,E01026465,Breckland 015A,Drugs,Offender given a caution,
f3c4a48547e9a6fefda3ee1be5c54bafc61791475c2e27988e2f6aa79fb496ff,2020-02,Norfolk Constabulary,Norfolk Constabulary,0.736674,52.418167,On or near Winchester Way,E01026465,Breckland 015A,Other theft,Unable to prosecute suspect,
e47d7ac4e9ac1405cc84faaf6296696cefa03bdd681cff3fa41d77a01871f3a5,2020-02,Norfolk Constabulary,Norfolk Constabulary,0.738343,52.418273,On or near Canterbury Way,E01026465,Breckland 015A,Possession of weapons,Court result unavailable,
3aae31cd9bd135e2c754864caf0774c9a5fb4052ed82a6ce23eb4bc4e3a91438,2020-02,Norfolk Constabulary,Norfolk Constabulary,0.738448,52.419017,On or near St Albans Way,E01026465,Breckland 015A,Public order,Unable to prosecute suspect,
65dd136e47873e17eb259ea06bbb42effb3c9ddb2df918568e17fa7a504ee9ca,2020-02,Norfolk Constabulary,Norfolk Constabulary,0.738448,52.419017,On or near St Albans Way,E01026465,Breckland 015A,Public order,Unable to prosecute suspect,
c59ada5859917e76701989888abe740b88202f00dabb52f68672ebb6a397a83c,2020-02,Norfolk Constabulary,Norfolk Constabulary,0.738343,52.418273,On or near Canterbury Way,E01026465,Breckland 015A,Public order,Court result unavailable,
6e14b519e01d5734122d733894b13c78282d3fd7e7ab8f9d0e4886d1d99ce7a7,2020-02,Norfolk Constabulary,Norfolk Constabulary,0.740294,52.418200,On or near Monksgate,E01026465,Breckland 015A,Public order,Unable to prosecute suspect,
962bd4f37a132dab2757a520dc45c2ceb1989004b7f992bf65921b63ff607955,2020-02,Norfolk Constabulary,Norfolk Constabulary,0.748218,52.418367,On or near Ben Culey Drive,E01026465,Breckland 015A,Violence and sexual offences,Unable to prosecute suspect,
42e9ad959cdeeedad36c21ce5628d4c1bc41fa1efe1f863db606496aeee68acb,2020-02,Norfolk Constabulary,Norfolk Constabulary,0.738448,52.419017,On or near St Albans Way,E01026465,Breckland 015A,Violence and sexual offences,Awaiting court outcome,
d6d43195653666a75c9a6114462ebd5ed07c48098488303bddc81ecbe0f19ae0,2020-02,Norfolk Constabulary,Norfolk Constabulary,0.748030,52.416537,On or near Claxton Close,E01026465,Breckland 015A,Violence and sexual offences,Investigation complete; no suspect identified,
14175b8515e67dade34f8c9bb200d01587bf6de100d7d7042f699bb6d3dc3543,2020-02,Norfolk Constabulary,Norfolk Constabulary,0.738448,52.419017,On or near St Albans Way,E01026465,Breckland 015A,Violence and sexual offences,Awaiting court outcome,
dab42e49f87a5d7ac419c7092cab1ca16afb6976fcdba69db1cd8925c698885d,2020-02,Norfolk Constabulary,Norfolk Constabulary,0.736674,52.418167,On or near Winchester Way,E01026465,Breckland 015A,Violence and sexual offences,Unable to prosecute suspect,
68791d43ce9d203073dcc7a8e8c8dcaaa1f8fdab9c1ba23e79df2843eb921701,2020-02,Norfolk Constabulary,Norfolk Constabulary,0.747236,52.417005,On or near New Road,E01026465,Breckland 015A,Violence and sexual offences,Unable to prosecute suspect,
652dece3872152622ce968e691f4a725c84ab1de45f9fcb7c568df878b9579ce,2020-02,Norfolk Constabulary,Norfolk Constabulary,0.737224,52.419441,On or near Ripon Way,E01026465,Breckland 015A,Violence and sexual offences,Unable to prosecute suspect,
ba1f72a6beaee3cf43856682b4d355eb1b349aa35c63d71d4cd323ca328fb47e,2020-02,Norfolk Constabulary,Norfolk Constabulary,0.748218,52.418367,On or near Ben Culey Drive,E01026465,Breckland 015A,Violence and sexual offences,Court result unavailable,
1c8ccc299411c07af53ecb584b57954a8a5229f4ce188804acbfbd637f85b415,2020-02,Norfolk Constabulary,Norfolk Constabulary,0.746203,52.417434,On or near Station Road,E01026465,Breckland 015A,Violence and sexual offences,Unable to prosecute suspect,
ffe83496fbbbc99adff82fcd456646ae160235f039a9098e026d108ee67312ec,2020-02,Norfolk Constabulary,Norfolk Constabulary,0.737912,52.417725,On or near Salisbury Way,E01026465,Breckland 015A,Violence and sexual offences,Unable to prosecute suspect,
bf14b5f5d63e66cee2d85021a16741ed0bd4c0118e5d4107c24b6e4f58740b4b,2020-02,Norfolk Constabulary,Norfolk Constabulary,0.748030,52.416537,On or near Claxton Close,E01026465,Breckland 015A,Other crime,Unable to prosecute suspect,
,2020-02,Norfolk Constabulary,Norfolk Constabulary,0.754446,52.427682,On or near Mother Julian Close,E01026466,Breckland 015B,Anti-social behaviour,,
d069826e91db5820e42979265b6acfb19c3b3335f42828109bcb77ffab012570,2020-02,Norfolk Constabulary,Norfolk Constabulary,0.752893,52.426127,On or near Sybil Wheeler Close,E01026466,Breckland 015B,Criminal damage and arson,Unable to prosecute suspect,
d1bf1942e9bedac1d07891c150f979c27072a30b875c97de18461905549c6209,2020-02,Norfolk Constabulary,Norfolk Constabulary,0.753983,52.428503,On or near Elizabeth Fry Close,E01026466,Breckland 015B,Criminal damage and arson,Investigation complete; no suspect identified,
10c44a70cf108e8aebb754e0854884a8f507721194c03c945382a434420cff64,2020-02,Norfolk Constabulary,Norfolk Constabulary,0.742395,52.424788,On or near Rutherford Way,E01026466,Breckland 015B,Other theft,Unable to prosecute suspect,
0b0a0e93c7e52e7f2edf6ef20e8ae160ae0718970ada596d452ce2ec6e523baa,2020-02,Norfolk Constabulary,Norfolk Constabulary,0.741953,52.423603,On or near Mundford Road,E01026466,Breckland 015B,Public order,Unable to prosecute suspect,
6fbe9334c653f54933ed085ab73d297a66f961d5cddea789172e869efbe1faa4,2020-02,Norfolk Constabulary,Norfolk Constabulary,0.745508,52.429437,On or near Lodge Way,E01026466,Breckland 015B,Violence and sexual offences,Unable to prosecute suspect,
cbcbf1be176ca24eeb2352796aa26c8e3821e8923ae3f9af89697645b0d6c6db,2020-02,Norfolk Constabulary,Norfolk Constabulary,0.753986,52.425733,On or near Anna Gurney Close,E01026466,Breckland 015B,Violence and sexual offences,Unable to prosecute suspect,
e9e3dc5754d0e50dd9f8cc18e1595c3158fda59da45011b19f79344111d999f4,2020-02,Norfolk Constabulary,Norfolk Constabulary,0.753986,52.425733,On or near Anna Gurney Close,E01026466,Breckland 015B,Violence and sexual offences,Unable to prosecute suspect,
647ebbf1456a387363bb823d9c1d92e0909494fa85909aaa5a72c51c7feba73b,2020-02,Norfolk Constabulary,Norfolk Constabulary,0.752957,52.427627,On or near Celia Phillips Close,E01026466,Breckland 015B,Violence and sexual offences,Unable to prosecute suspect,
2a6b7a9470602d50ac73b8c18a0b528f52068d8be8f5e4ecf1957f929f56302b,2020-02,Norfolk Constabulary,Norfolk Constabulary,0.751796,52.426000,On or near Anne Boleyn Close,E01026466,Breckland 015B,Violence and sexual offences,Offender given a caution,
9fc147ebf0c75b76781356724dd4d6f56f8d35e0d323739e0f48b580923de7f1,2020-02,Norfolk Constabulary,Norfolk Constabulary,0.745004,52.418954,On or near Parking Area,E01026466,Breckland 015B,Violence and sexual offences,Court result unavailable,
,2020-02,Norfolk Constabulary,Norfolk Constabulary,0.731027,52.419368,On or near Edinburgh Way,E01026467,Breckland 015C,Anti-social behaviour,,
,2020-02,Norfolk Constabulary,Norfolk Constabulary,0.735303,52.418595,On or near York Way,E01026467,Breckland 015C,Anti-social behaviour,,
,2020-02,Norfolk Constabulary,Norfolk Constabulary,0.731170,52.418349,On or near Durham Way,E01026467,Breckland 015C,Anti-social behaviour,,
,2020-02,Norfolk Constabulary,Norfolk Constabulary,0.735303,52.418595,On or near York Way,E01026467,Breckland 015C,Anti-social behaviour,,
,2020-02,Norfolk Constabulary,Norfolk Constabulary,0.735303,52.418595,On or near York Way,E01026467,Breckland 015C,Anti-social behaviour,,
,2020-02,Norfolk Constabulary,Norfolk Constabulary,0.735303,52.418595,On or near York Way,E01026467,Breckland 015C,Anti-social behaviour,,
,2020-02,Norfolk Constabulary,Norfolk Constabulary,0.733314,52.418290,On or near Exeter Way,E01026467,Breckland 015C,Anti-social behaviour,,
,2020-02,Norfolk Constabulary,Norfolk Constabulary,0.733504,52.421370,On or near Hereford Close,E01026467,Breckland 015C,Anti-social behaviour,,
,2020-02,Norfolk Constabulary,Norfolk Constabulary,0.733409,52.417218,On or near Chester Way,E01026467,Breckland 015C,Anti-social behaviour,,
,2020-02,Norfolk Constabulary,Norfolk Constabulary,0.732994,52.421202,On or near Gloucester Way,E01026467,Breckland 015C,Anti-social behaviour,,
060db3d83ce8c1fc219de23bd10d454440c915153c72febb8f96abdac1782488,2020-02,Norfolk Constabulary,Norfolk Constabulary,0.733314,52.418290,On or near Exeter Way,E01026467,Breckland 015C,Bicycle theft,Investigation complete; no suspect identified,
573e213bb7b4ed3bec5fbd5d0d05e72ad26b7be05010be4377b7326d9be3707e,2020-02,Norfolk Constabulary,Norfolk Constabulary,0.731027,52.419368,On or near Edinburgh Way,E01026467,Breckland 015C,Burglary,Unable to prosecute suspect,
0909da5e5bdaf5d6b023a8b02c60ec5284998e9114ecc8396bc5504d353df2ae,2020-02,Norfolk Constabulary,Norfolk Constabulary,0.735303,52.418595,On or near York Way,E01026467,Breckland 015C,Criminal damage and arson,Investigation complete; no suspect identified,
07d9632b648a0eaa3524b03f876baf783bcb389ac9a66ea10f37b99241d15eab,2020-02,Norfolk Constabulary,Norfolk Constabulary,0.733314,52.418290,On or near Exeter Way,E01026467,Breckland 015C,Drugs,Offender given a drugs possession warning,
d620fbadb257744dc9c86cac50d48618daa3695ffde4b0cd17c9fa20fc7088ce,2020-02,Norfolk Constabulary,Norfolk Constabulary,0.731027,52.419368,On or near Edinburgh Way,E01026467,Breckland 015C,Other theft,Unable to prosecute suspect,
e3a877f183c2505b109102b03821b7cf3cf2b27abee545664ea6052160cdb754,2020-02,Norfolk Constabulary,Norfolk Constabulary,0.727361,52.422879,On or near Petrol Station,E01026467,Breckland 015C,Other theft,Unable to prosecute suspect,
991a71cec5a206b88576241146b58737c2217e61b9d3eacc4e326d2c2f21203e,2020-02,Norfolk Constabulary,Norfolk Constabulary,0.724897,52.420607,On or near A11,E01026467,Breckland 015C,Other theft,Unable to prosecute suspect,
debb1879d6480e76b19cd88144a129d798802eff378844333d62294c233b428b,2020-02,Norfolk Constabulary,Norfolk Constabulary,0.733504,52.421370,On or near Hereford Close,E01026467,Breckland 015C,Public order,Unable to prosecute suspect,
8ba9a0f506adce3839fc330ba8edee6bfc62fb06d155a56e9991e03d93ea58d6,2020-02,Norfolk Constabulary,Norfolk Constabulary,0.733409,52.417218,On or near Chester Way,E01026467,Breckland 015C,Public order,Unable to prosecute suspect,
c7c2a6ec880fdd58874fcbd078fc0a0f3c0b4c830b75a3144089dfbd4b729fc8,2020-02,Norfolk Constabulary,Norfolk Constabulary,0.733504,52.421370,On or near Hereford Close,E01026467,Breckland 015C,Vehicle crime,Investigation complete; no suspect identified,
3d2f54290f362ad113cdadc4e047089d34c5388c7ec996a04b438cea301ef89b,2020-02,Norfolk Constabulary,Norfolk Constabulary,0.733409,52.417218,On or near Chester Way,E01026467,Breckland 015C,Violence and sexual offences,Unable to prosecute suspect,
f36752faea6f941295ccc9754bd9c4c5fd6f2831a83aa2528b59a33797e56f51,2020-02,Norfolk Constabulary,Norfolk Constabulary,0.731027,52.419368,On or near Edinburgh Way,E01026467,Breckland 015C,Violence and sexual offences,Court result unavailable,
958ef55fbac4c8028e42273445908a70a6636199d1cf270e5907a9b7d07a7806,2020-02,Norfolk Constabulary,Norfolk Constabulary,0.733409,52.417218,On or near Chester Way,E01026467,Breckland 015C,Violence and sexual offences,Unable to prosecute suspect,
6b3716146fef4798fb301d54c809f9ef773d8a6ff69def26e954fddd422d7ec2,2020-02,Norfolk Constabulary,Norfolk Constabulary,0.732130,52.417697,On or near Coventry Way,E01026467,Breckland 015C,Violence and sexual offences,Investigation complete; no suspect identified,
ba85c4449ee9ad7b9ab7195119cf59c5cd36c8e13f88cfb741e9db962b40b900,2020-02,Norfolk Constabulary,Norfolk Constabulary,0.733504,52.421370,On or near Hereford Close,E01026467,Breckland 015C,Violence and sexual offences,Unable to prosecute suspect,
4635dbf79a8385db3d492986339c402a818c11276c16d6a0a650c924e5a57621,2020-02,Norfolk Constabulary,Norfolk Constabulary,0.735303,52.418595,On or near York Way,E01026467,Breckland 015C,Violence and sexual offences,Unable to prosecute suspect,
23cb4f1a938ff7a64c1b5e8d7e03416ce8f09a27cb2a08ffbc600e30edb9d248,2020-02,Norfolk Constabulary,Norfolk Constabulary,0.733409,52.417218,On or near Chester Way,E01026467,Breckland 015C,Violence and sexual offences,Court result unavailable,
62fa4586b753ee41bba8797c2c4aa496a2fd3efc2e7023b07dc18d03c21f4528,2020-02,Norfolk Constabulary,Norfolk Constabulary,0.735303,52.418595,On or near York Way,E01026467,Breckland 015C,Violence and sexual offences,Unable to prosecute suspect,
cbbec0436a3ee7129452b9dfbafd43f5fad4d4a9bc9c5a46f78aff55fad950eb,2020-02,Norfolk Constabulary,Norfolk Constabulary,0.735303,52.418595,On or near York Way,E01026467,Breckland 015C,Violence and sexual offences,Unable to prosecute suspect,
9586c6ac642ded0d49b47a6cd2fc215554b27d53a0299c8bd120e5e9b67f3434,2020-02,Norfolk Constabulary,Norfolk Constabulary,0.731027,52.419368,On or near Edinburgh Way,E01026467,Breckland 015C,Other crime,Unable to prosecute suspect,
,2020-02,Norfolk Constabulary,Norfolk Constabulary,0.754061,52.414895,On or near Magdalen Street,E01026468,Breckland 016A,Anti-social behaviour,,
,2020-02,Norfolk Constabulary,Norfolk Constabulary,0.747903,52.413779,On or near Nightclub,E01026468,Breckland 016A,Anti-social behaviour,,
,2020-02,Norfolk Constabulary,Norfolk Constabulary,0.756200,52.412876,On or near Castle Street,E01026468,Breckland 016A,Anti-social behaviour,,
,2020-02,Norfolk Constabulary,Norfolk Constabulary,0.749948,52.413318,On or near Well Street,E01026468,Breckland 016A,Anti-social behaviour,,
,2020-02,Norfolk Constabulary,Norfolk Constabulary,0.749948,52.413318,On or near Well Street,E01026468,Breckland 016A,Anti-social behaviour,,
,2020-02,Norfolk Constabulary,Norfolk Constabulary,0.747125,52.414274,On or near King Street,E01026468,Breckland 016A,Anti-social behaviour,,
,2020-02,Norfolk Constabulary,Norfolk Constabulary,0.756339,52.411344,On or near Castle Lane,E01026468,Breckland 016A,Anti-social behaviour,,
,2020-02,Norfolk Constabulary,Norfolk Constabulary,0.749948,52.413318,On or near Well Street,E01026468,Breckland 016A,Anti-social behaviour,,
,2020-02,Norfolk Constabulary,Norfolk Constabulary,0.748913,52.413000,On or near Tanner Street,E01026468,Breckland 016A,Anti-social behaviour,,
,2020-02,Norfolk Constabulary,Norfolk Constabulary,0.749948,52.413318,On or near Well Street,E01026468,Breckland 016A,Anti-social behaviour,,
9884d3c25334872977c53b4b426b67fbeddc63966c3edd5fdb0270fb534c8a94,2020-02,Norfolk Constabulary,Norfolk Constabulary,0.749948,52.413318,On or near Well Street,E01026468,Breckland 016A,Bicycle theft,Investigation complete; no suspect identified,
27dd227de057fbdbf108fc6991a236502b7eb22b6a57ef2f1f3e13d67af6a057,2020-02,Norfolk Constabulary,Norfolk Constabulary,0.748832,52.414297,On or near Parking Area,E01026468,Breckland 016A,Burglary,Investigation complete; no suspect identified,
3abcdde431083ca3fc7bcdff8d202f8f91fd30ec0327260900e62e7ff998132b,2020-02,Norfolk Constabulary,Norfolk Constabulary,0.748832,52.414297,On or near Parking Area,E01026468,Breckland 016A,Burglary,Unable to prosecute suspect,
ef70b7074d531b1bac591bd1629b823e8e37718d1822f1f5dc5905041f0d1eae,2020-02,Norfolk Constabulary,Norfolk Constabulary,0.747125,52.414274,On or near King Street,E01026468,Breckland 016A,Criminal damage and arson,Investigation complete; no suspect identified,
690893f976e9de492f1bcc9488db68f9060d11ac9bc775c8c93c4bc337abde0b,2020-02,Norfolk Constabulary,Norfolk Constabulary,0.755551,52.416380,On or near Chalk Close,E01026468,Breckland 016A,Criminal damage and arson,Unable to prosecute suspect,
8e8922f4bedab4537c1b2578e9eda2b39d01109f720ac3f9afff0d38334f27b3,2020-02,Norfolk Constabulary,Norfolk Constabulary,0.750343,52.414936,On or near Earls' Street,E01026468,Breckland 016A,Drugs,Court result unavailable,
09623b45c8fda0f561b800a94f6e6fc4b6e06d0313d955be5fa0b8ba091e6f45,2020-02,Norfolk Constabulary,Norfolk Constabulary,0.748832,52.414297,On or near Parking Area,E01026468,Breckland 016A,Other theft,Investigation complete; no suspect identified,
977a62c424cb94971b0f5069fe53abfa75a3d2b96dad449c589d6ef2dc1d8c32,2020-02,Norfolk Constabulary,Norfolk Constabulary,0.750343,52.414936,On or near Earls' Street,E01026468,Breckland 016A,Other theft,Action to be taken by another organisation,
fc9465850e422cd0b62b824e2fadf32d7dc652e3d2a307dcf47e349697ab08af,2020-02,Norfolk Constabulary,Norfolk Constabulary,0.752025,52.415976,On or near Supermarket,E01026468,Breckland 016A,Other theft,Investigation complete; no suspect identified,
d85d8a30274ec956e5232ab8aaec98019b754d2e048437eb3400f72049a0a847,2020-02,Norfolk Constabulary,Norfolk Constabulary,0.748913,52.413000,On or near Tanner Street,E01026468,Breckland 016A,Other theft,Investigation complete; no suspect identified,
1c80cb03de7a133b4f3d5f8c331afe0ba38789dd462cd40c723ef0e6764cc2f7,2020-02,Norfolk Constabulary,Norfolk Constabulary,0.745175,52.415093,On or near Minstergate,E01026468,Breckland 016A,Public order,Unable to prosecute suspect,
880067251ff7fe55df0ac1f1ba89923ce899a9e7178e3786be55a2e0420c1cb5,2020-02,Norfolk Constabulary,Norfolk Constabulary,0.745175,52.415093,On or near Minstergate,E01026468,Breckland 016A,Public order,Formal action is not in the public interest,
664b11ccb675bcc6b1a65d0827505c366310fa1763fa1061c319e124451a80da,2020-02,Norfolk Constabulary,Norfolk Constabulary,0.751767,52.413716,On or near The Link,E01026468,Breckland 016A,Public order,Unable to prosecute suspect,
fc286f23f0400cf9e2ac4d246b0c082f83fe3097435fe083865b834255dffed4,2020-02,Norfolk Constabulary,Norfolk Constabulary,0.752041,52.412460,On or near Pike Lane,E01026468,Breckland 016A,Shoplifting,Investigation complete; no suspect identified,
8251f9befe6daa7950616f387476037924acbb6dc5dce8e21d6af726647d7c96,2020-02,Norfolk Constabulary,Norfolk Constabulary,0.745175,52.415093,On or near Minstergate,E01026468,Breckland 016A,Shoplifting,Local resolution,
05d597586f1bfa59a6805de5b849b90c07cfd0f03e07cc3dba14d5fdf8bf548f,2020-02,Norfolk Constabulary,Norfolk Constabulary,0.750998,52.413186,On or near Market Place,E01026468,Breckland 016A,Shoplifting,Unable to prosecute suspect,
07514052d87cb84a3c950cc2913f09b6543557956932b23eeb7bac88c0c41952,2020-02,Norfolk Constabulary,Norfolk Constabulary,0.752025,52.415976,On or near Supermarket,E01026468,Breckland 016A,Shoplifting,Court result unavailable,
baba78f377bebfde1cc14ccc6ded741d0e0e6e5194648118203cad9d7a9f8eaf,2020-02,Norfolk Constabulary,Norfolk Constabulary,0.761033,52.413500,On or near The Meadows,E01026468,Breckland 016A,Violence and sexual offences,Unable to prosecute suspect,
7284a5ab59e983ec871035404b6e3131975454e4959ff2c1848c45fc428087b0,2020-02,Norfolk Constabulary,Norfolk Constabulary,0.753955,52.413431,On or near Lambert'S,E01026468,Breckland 016A,Violence and sexual offences,Unable to prosecute suspect,
75970853a3fc0d9a01610709a7542dce8baa30d03c6dfc1be9e55eaa8387f251,2020-02,Norfolk Constabulary,Norfolk Constabulary,0.749948,52.413318,On or near Well Street,E01026468,Breckland 016A,Violence and sexual offences,Unable to prosecute suspect,
1223f5cbb2d0de58f7f306300db75848f9ba72d112aad353b1f44b2b0ee15990,2020-02,Norfolk Constabulary,Norfolk Constabulary,0.753955,52.413431,On or near Lambert'S,E01026468,Breckland 016A,Violence and sexual offences,Unable to prosecute suspect,
ec3ab6a6a0525b0016581f9b6610c7590e41193de6266d744824ca7a7cf96b9a,2020-02,Norfolk Constabulary,Norfolk Constabulary,0.749948,52.413318,On or near Well Street,E01026468,Breckland 016A,Violence and sexual offences,Unable to prosecute suspect,
c655dc54b48f2d1fd6bc28acbf925ea0358e36c58acb00b6093053d87f10fb8d,2020-02,Norfolk Constabulary,Norfolk Constabulary,0.754061,52.414895,On or near Magdalen Street,E01026468,Breckland 016A,Violence and sexual offences,Unable to prosecute suspect,
,2020-02,Norfolk Constabulary,Norfolk Constabulary,0.750396,52.416266,On or near Thetford Police Station,E01026469,Breckland 016B,Anti-social behaviour,,
,2020-02,Norfolk Constabulary,Norfolk Constabulary,0.750396,52.416266,On or near Thetford Police Station,E01026469,Breckland 016B,Anti-social behaviour,,
,2020-02,Norfolk Constabulary,Norfolk Constabulary,0.750396,52.416266,On or near Thetford Police Station,E01026469,Breckland 016B,Anti-social behaviour,,
,2020-02,Norfolk Constabulary,Norfolk Constabulary,0.750396,52.416266,On or near Thetford Police Station,E01026469,Breckland 016B,Anti-social behaviour,,
e718b9a5bc2f7d8c4a0f16d5d7a4980b2c7cdf6f96bf9586b5060c84acbcc09e,2020-02,Norfolk Constabulary,Norfolk Constabulary,0.749413,52.416298,On or near Supermarket,E01026469,Breckland 016B,Violence and sexual offences,Unable to prosecute suspect,
d08d403481fac2258ad3b0d3c1d8c5509e7f93e82a22804f67c4d68e368958f2,2020-02,Norfolk Constabulary,Norfolk Constabulary,0.753149,52.420788,On or near Highlands,E01026469,Breckland 016B,Violence and sexual offences,Unable to prosecute suspect,
,2020-02,Norfolk Constabulary,Norfolk Constabulary,0.762972,52.419345,On or near Heartsease Road,E01026470,Breckland 016C,Anti-social behaviour,,
,2020-02,Norfolk Constabulary,Norfolk Constabulary,0.771731,52.419940,On or near Alder Covert,E01026470,Breckland 016C,Anti-social behaviour,,
c6c00ab4568ceb71817f435bff4c1e685224140dd8ef3158890c27f87d652fbd,2020-02,Norfolk Constabulary,Norfolk Constabulary,0.762695,52.420332,On or near Petrol Station,E01026470,Breckland 016C,Burglary,Formal action is not in the public interest,
9a66e8304e1dd628f7233822a30ae36f0b333cd85c393aac29cb7a2c56d1139e,2020-02,Norfolk Constabulary,Norfolk Constabulary,0.762695,52.420332,On or near Petrol Station,E01026470,Breckland 016C,Vehicle crime,Investigation complete; no suspect identified,
f7821a87f9a644c1fdb7bf953ef0f6ee1aa56be813d040c3efa41a8166376faf,2020-02,Norfolk Constabulary,Norfolk Constabulary,0.763461,52.418227,On or near Thistle Close,E01026470,Breckland 016C,Violence and sexual offences,Unable to prosecute suspect,
,2020-02,Norfolk Constabulary,Norfolk Constabulary,0.765669,52.414965,On or near Blackthorn Close,E01026471,Breckland 016D,Anti-social behaviour,,
3bc510e0eeb01ea768180f2dd9c138af6ad99aada897ab2e68e95cfa37a1c992,2020-02,Norfolk Constabulary,Norfolk Constabulary,0.766698,52.415436,On or near Caraway Road,E01026471,Breckland 016D,Vehicle crime,Unable to prosecute suspect,
3fbc3025f796a9de120da8947b0bab040aea56408861d7fc9bf6fe69ecdcde07,2020-02,Norfolk Constabulary,Norfolk Constabulary,0.768831,52.416375,On or near Campion Road,E01026471,Breckland 016D,Violence and sexual offences,Unable to prosecute suspect,
70563866028ce6c92303126a106faad7a131e2a16caab8ddeca74fc9ec61b077,2020-02,Norfolk Constabulary,Norfolk Constabulary,0.765351,52.417410,On or near Coriander Drive,E01026471,Breckland 016D,Violence and sexual offences,Formal action is not in the public interest,
,2020-02,Norfolk Constabulary,Norfolk Constabulary,0.754580,52.421564,On or near Clover Way,E01026472,Breckland 016E,Anti-social behaviour,,
,2020-02,Norfolk Constabulary,Norfolk Constabulary,0.754580,52.421564,On or near Clover Way,E01026472,Breckland 016E,Anti-social behaviour,,
e3f3f0db285d3c167020930f7248f5068b9c961cc9f765d15b62e90a3ac20832,2020-02,Norfolk Constabulary,Norfolk Constabulary,0.757521,52.422979,On or near Woodlands Close,E01026472,Breckland 016E,Vehicle crime,Investigation complete; no suspect identified,
66f21fb501cbbef21e90600bcf780ca3028f199e4fc22820377da59d8820992b,2020-02,Norfolk Constabulary,Norfolk Constabulary,0.761656,52.425815,On or near Betjeman Close,E01026472,Breckland 016E,Violence and sexual offences,Unable to prosecute suspect,
cb5c77fcb67c9ce4221504379a3c81d6dbf883e7f7f6fe875f6c8a69c0680264,2020-02,Norfolk Constabulary,Norfolk Constabulary,0.756716,52.427522,On or near Further/Higher Educational Building,E01026472,Breckland 016E,Violence and sexual offences,Action to be taken by another organisation,
585c2f0a07b3cfbb1b984c3c7c8e5272f4a8ab269877afa815507d4e146df48f,2020-02,Norfolk Constabulary,Norfolk Constabulary,0.761656,52.425815,On or near Betjeman Close,E01026472,Breckland 016E,Violence and sexual offences,Unable to prosecute suspect,
a5ec0c7b8d34ee810eeed18e46df57df872399d68809c55dea3feb300395d33e,2020-02,Norfolk Constabulary,Norfolk Constabulary,0.753809,52.421951,On or near Barley Way,E01026472,Breckland 016E,Violence and sexual offences,Unable to prosecute suspect,
cd551bde3eb66f8d3f4a4fd115af4aded324ad0e5fc12d7ba24613c1df29c70f,2020-02,Norfolk Constabulary,Norfolk Constabulary,0.761656,52.425815,On or near Betjeman Close,E01026472,Breckland 016E,Violence and sexual offences,Unable to prosecute suspect,
64a91b06848f8e9ca3a7462742afc9734c326e5fa2dce4e2b9e19d39ad0202de,2020-02,Norfolk Constabulary,Norfolk Constabulary,0.760551,52.424851,On or near Shakespeare Way,E01026473,Breckland 016F,Criminal damage and arson,Investigation complete; no suspect identified,
d7c7d5838a60110c9c46e8986ca4f1ee72b9adbbfaecaf2d59d8b6ff2080466a,2020-02,Norfolk Constabulary,Norfolk Constabulary,0.765167,52.424572,On or near Collingwood Way,E01026473,Breckland 016F,Public order,Court result unavailable,
1fb9388131c55ecf7eb14f7b00f732da37081c88b585ae5f18bbf4f759658e34,2020-02,Norfolk Constabulary,Norfolk Constabulary,0.764724,52.422433,On or near Harwood Avenue,E01026473,Breckland 016F,Vehicle crime,Investigation complete; no suspect identified,
f84d4dbc72ce133035dbdcdad9d1f9e5673495f273f2db8edda8227997ee1c23,2020-02,Norfolk Constabulary,Norfolk Constabulary,0.759346,52.421102,On or near Drake Road,E01026473,Breckland 016F,Violence and sexual offences,Unable to prosecute suspect,
f03d056c54fcb8ab7db4e22392c0ef045a814b9fbad38a7e83a5f95b8154be6a,2020-02,Norfolk Constabulary,Norfolk Constabulary,0.762160,52.421648,On or near Jellicoe Place,E01026473,Breckland 016F,Violence and sexual offences,Unable to prosecute suspect,
6903b1aa6ec90cd44201b8cd2e3e4eb12a3a61d0efd1ec8a722de96e41b7c94d,2020-02,Norfolk Constabulary,Norfolk Constabulary,0.762160,52.421648,On or near Jellicoe Place,E01026473,Breckland 016F,Violence and sexual offences,Unable to prosecute suspect,
9d6395106b1b41a021079021e4056d539daa79d6f7a0c69065e2425f4ff55cee,2020-02,Norfolk Constabulary,Norfolk Constabulary,0.762160,52.421648,On or near Jellicoe Place,E01026473,Breckland 016F,Violence and sexual offences,Unable to prosecute suspect,
,2020-02,Norfolk Constabulary,Norfolk Constabulary,0.737125,52.412626,On or near Prior Stephen Way,E01026474,Breckland 017A,Anti-social behaviour,,
,2020-02,Norfolk Constabulary,Norfolk Constabulary,0.737125,52.412626,On or near Prior Stephen Way,E01026474,Breckland 017A,Anti-social behaviour,,
,2020-02,Norfolk Constabulary,Norfolk Constabulary,0.743123,52.412361,On or near Parking Area,E01026474,Breckland 017A,Anti-social behaviour,,
,2020-02,Norfolk Constabulary,Norfolk Constabulary,0.727383,52.415370,On or near Coney Close,E01026474,Breckland 017A,Anti-social behaviour,,
,2020-02,Norfolk Constabulary,Norfolk Constabulary,0.737125,52.412626,On or near Prior Stephen Way,E01026474,Breckland 017A,Anti-social behaviour,,
,2020-02,Norfolk Constabulary,Norfolk Constabulary,0.731658,52.415055,On or near Haling Way,E01026474,Breckland 017A,Anti-social behaviour,,
,2020-02,Norfolk Constabulary,Norfolk Constabulary,0.732793,52.412250,On or near St John'S Way,E01026474,Breckland 017A,Anti-social behaviour,,
62c797fa94b76f9e54bb9a834566104c349cb0a77fb3956bf7ab0044be717699,2020-02,Norfolk Constabulary,Norfolk Constabulary,0.737125,52.412626,On or near Prior Stephen Way,E01026474,Breckland 017A,Criminal damage and arson,Investigation complete; no suspect identified,
4c8b9f255a850036dea6b9b096ce80b3d7d2917f5b627dd8438a5cf04dc1db8f,2020-02,Norfolk Constabulary,Norfolk Constabulary,0.737125,52.412626,On or near Prior Stephen Way,E01026474,Breckland 017A,Criminal damage and arson,Investigation complete; no suspect identified,
49f197412561c950cdcea604a6e3031b0a89ea08e255bf6f3967d882b341ce68,2020-02,Norfolk Constabulary,Norfolk Constabulary,0.735666,52.413757,On or near Castleford Close,E01026474,Breckland 017A,Criminal damage and arson,Unable to prosecute suspect,
b41c88a923f2844017ade007783475120ac7e2b307edb332eec101ce03cb1961,2020-02,Norfolk Constabulary,Norfolk Constabulary,0.745079,52.412127,On or near Star Lane,E01026474,Breckland 017A,Criminal damage and arson,Investigation complete; no suspect identified,
0ba74b7de99f64794c7d0cbfe59e3a6f951fe45890d5ae9b5032cc850353ffbd,2020-02,Norfolk Constabulary,Norfolk Constabulary,0.737125,52.412626,On or near Prior Stephen Way,E01026474,Breckland 017A,Criminal damage and arson,Investigation complete; no suspect identified,
ff23bb0975c0afefbff2bfda916d7bd0271f5a8cff8af8f32830989a6706c597,2020-02,Norfolk Constabulary,Norfolk Constabulary,0.738058,52.413918,On or near Pedestrian Subway,E01026474,Breckland 017A,Drugs,Offender given a drugs possession warning,
baf6e32b90dd17e1c09f3d272efb2c1dbda1d7285bd2a2a4c6462afaef90b592,2020-02,Norfolk Constabulary,Norfolk Constabulary,0.730449,52.412637,On or near Mackenzie Road,E01026474,Breckland 017A,Drugs,Court result unavailable,
a7e962571eac27be2583f9a59f6372b333d59783dd1d051248f8dcaf6eb7b73f,2020-02,Norfolk Constabulary,Norfolk Constabulary,0.730449,52.412637,On or near Mackenzie Road,E01026474,Breckland 017A,Public order,Court result unavailable,
e46c3a99b253aec2fb17eec1b4d49ac8563fe08e67b1a92dfe2d373b2d3aa7e3,2020-02,Norfolk Constabulary,Norfolk Constabulary,0.737125,52.412626,On or near Prior Stephen Way,E01026474,Breckland 017A,Robbery,Investigation complete; no suspect identified,
364541116616253d3a31a386f6e1514c7ab296b110ea5e634652f3b4e3ae117d,2020-02,Norfolk Constabulary,Norfolk Constabulary,0.737125,52.412626,On or near Prior Stephen Way,E01026474,Breckland 017A,Vehicle crime,Investigation complete; no suspect identified,
3150d8d891325044fcf525249d0106f852698e25bbbef85834fbd2f5d890f50e,2020-02,Norfolk Constabulary,Norfolk Constabulary,0.735666,52.413757,On or near Castleford Close,E01026474,Breckland 017A,Vehicle crime,Investigation complete; no suspect identified,
006be5a0790ef2fcf3a9be41854167187a0bd24df61ed0e371a04928c5f14dad,2020-02,Norfolk Constabulary,Norfolk Constabulary,0.730449,52.412637,On or near Mackenzie Road,E01026474,Breckland 017A,Vehicle crime,Investigation complete; no suspect identified,
4852c82ed541b6a215dc01f0c05ca298bc2779fcf0d0335d562c87e207b3fba8,2020-02,Norfolk Constabulary,Norfolk Constabulary,0.732793,52.412250,On or near St John'S Way,E01026474,Breckland 017A,Violence and sexual offences,Unable to prosecute suspect,
895f842040a5118e19a458d1e49a214504c21c9df068b951689b2016fdc0815f,2020-02,Norfolk Constabulary,Norfolk Constabulary,0.735666,52.413757,On or near Castleford Close,E01026474,Breckland 017A,Violence and sexual offences,Unable to prosecute suspect,
06c142035c3e14222662797d892c1d62a12f174a264d251d6ee3fc1f228b666b,2020-02,Norfolk Constabulary,Norfolk Constabulary,0.740710,52.410196,On or near Dane Close,E01026474,Breckland 017A,Violence and sexual offences,Unable to prosecute suspect,
845c257beaa3839d35e75ebf777d8eb9909b9d357daded2db4bf3fa9c9b18955,2020-02,Norfolk Constabulary,Norfolk Constabulary,0.745079,52.412127,On or near Star Lane,E01026474,Breckland 017A,Violence and sexual offences,Unable to prosecute suspect,
c8c6d61f414c0789fbde55f50e858135415219d2b1d46195c8f8343ffad54e76,2020-02,Norfolk Constabulary,Norfolk Constabulary,0.737125,52.412626,On or near Prior Stephen Way,E01026474,Breckland 017A,Violence and sexual offences,Unable to prosecute suspect,
7437f3415c98ccd0b8cfc4da1e45f0d03ae4e579f3b66d25344bafa6865cf328,2020-02,Norfolk Constabulary,Norfolk Constabulary,0.737125,52.412626,On or near Prior Stephen Way,E01026474,Breckland 017A,Violence and sexual offences,Unable to prosecute suspect,
7972e04f02b3f4042c0dc849f30e0ea583ce67d82500e22d44ffe02531d8cf31,2020-02,Norfolk Constabulary,Norfolk Constabulary,0.735666,52.413757,On or near Castleford Close,E01026474,Breckland 017A,Violence and sexual offences,Unable to prosecute suspect,
dfda42a7b62bdbfc1d01691ce54349a9504b03cdc7e421e1f5c8082d5ef0d393,2020-02,Norfolk Constabulary,Norfolk Constabulary,0.737125,52.412626,On or near Prior Stephen Way,E01026474,Breckland 017A,Violence and sexual offences,Unable to prosecute suspect,
2571c96e78a66e1df37ff47d77f95de37849765608f065f667c8fec091104ef9,2020-02,Norfolk Constabulary,Norfolk Constabulary,0.724340,52.411339,On or near New Hampshire Way,E01026474,Breckland 017A,Other crime,Unable to prosecute suspect,
ae05717f06bc61e557a2ecfa7bdeaa4776a084a55532ac831b829f84a7b27e76,2020-02,Norfolk Constabulary,Norfolk Constabulary,0.737125,52.412626,On or near Prior Stephen Way,E01026474,Breckland 017A,Other crime,Further investigation is not in the public interest,
,2020-02,Norfolk Constabulary,Norfolk Constabulary,0.748386,52.409964,On or near St Audreys,E01026475,Breckland 017B,Anti-social behaviour,,
dfee1ceed51220761e7ac0315ab7bb90e99d058bcee8f33b9cb7abe5aa1f6588,2020-02,Norfolk Constabulary,Norfolk Constabulary,0.742900,52.408761,On or near Nelson Crescent,E01026475,Breckland 017B,Violence and sexual offences,Unable to prosecute suspect,
,2020-02,Norfolk Constabulary,Norfolk Constabulary,0.733412,52.409889,On or near St Martin'S Way,E01026476,Breckland 017C,Anti-social behaviour,,
,2020-02,Norfolk Constabulary,Norfolk Constabulary,0.734660,52.407962,On or near Stearne Close,E01026476,Breckland 017C,Anti-social behaviour,,
,2020-02,Norfolk Constabulary,Norfolk Constabulary,0.733412,52.409889,On or near St Martin'S Way,E01026476,Breckland 017C,Anti-social behaviour,,
,2020-02,Norfolk Constabulary,Norfolk Constabulary,0.733412,52.409889,On or near St Martin'S Way,E01026476,Breckland 017C,Anti-social behaviour,,
3e89077e2b26cd4f64005028eb19b76a717b19e9dd74d929173682dc8f7130d4,2020-02,Norfolk Constabulary,Norfolk Constabulary,0.733412,52.409889,On or near St Martin'S Way,E01026476,Breckland 017C,Criminal damage and arson,Investigation complete; no suspect identified,
c18a62bb8fd1c34924bc37d8744e2d59304445ed3eb771d27ccaa668c6079699,2020-02,Norfolk Constabulary,Norfolk Constabulary,0.733412,52.409889,On or near St Martin'S Way,E01026476,Breckland 017C,Public order,Unable to prosecute suspect,
42d1052d57c494ce4dda53db4142dfef5f08dfe47eb88796244b008a791c55d6,2020-02,Norfolk Constabulary,Norfolk Constabulary,0.733412,52.409889,On or near St Martin'S Way,E01026476,Breckland 017C,Public order,Unable to prosecute suspect,
b166dbcd935008bf379ad740bb559e43f505849c6ee6f5df1a54627c93c7be17,2020-02,Norfolk Constabulary,Norfolk Constabulary,0.733412,52.409889,On or near St Martin'S Way,E01026476,Breckland 017C,Vehicle crime,Investigation complete; no suspect identified,
88e320285cdcc2ff3f1edfb618cc98f3d7eaf17e27e23b1bf6f1de11c82a31b9,2020-02,Norfolk Constabulary,Norfolk Constabulary,0.734660,52.407962,On or near Stearne Close,E01026476,Breckland 017C,Violence and sexual offences,Unable to prosecute suspect,
ad9d23fe052ff90acf1189589e4fce6d77deaa9156cad64301fff07670ff43c6,2020-02,Norfolk Constabulary,Norfolk Constabulary,0.733412,52.409889,On or near St Martin'S Way,E01026476,Breckland 017C,Violence and sexual offences,Unable to prosecute suspect,
b2e07858f2e3f0163cc55594ea17d1254fcf8048ff3059775dbdf7a771d6807b,2020-02,Norfolk Constabulary,Norfolk Constabulary,0.733412,52.409889,On or near St Martin'S Way,E01026476,Breckland 017C,Violence and sexual offences,Unable to prosecute suspect,
5c68bb76d7aa93bd116595db6642208e8bc9301c289cacbdfca494fb459241ed,2020-02,Norfolk Constabulary,Norfolk Constabulary,0.734660,52.407962,On or near Stearne Close,E01026476,Breckland 017C,Violence and sexual offences,Unable to prosecute suspect,
d895b0b8d09fe9e8160f87baea3d2e745638fcf7cf2616875a4247ccf942835e,2020-02,Norfolk Constabulary,Norfolk Constabulary,0.733412,52.409889,On or near St Martin'S Way,E01026476,Breckland 017C,Violence and sexual offences,Formal action is not in the public interest,
f614f368163b16a2fed8ab3988a0e3ab48ac2dc634f66b9299defe94f3267d75,2020-02,Norfolk Constabulary,Norfolk Constabulary,0.733412,52.409889,On or near St Martin'S Way,E01026476,Breckland 017C,Violence and sexual offences,Formal action is not in the public interest,
95487ba158f18fad75b872d7cc114d6c53ef410f8cff5bc7b235e959e6d7b51c,2020-02,Norfolk Constabulary,Norfolk Constabulary,0.734660,52.407962,On or near Stearne Close,E01026476,Breckland 017C,Other crime,Further investigation is not in the public interest,
,2020-02,Norfolk Constabulary,Norfolk Constabulary,0.740033,52.406156,On or near Fulmerston Road,E01026477,Breckland 017D,Anti-social behaviour,,
,2020-02,Norfolk Constabulary,Norfolk Constabulary,0.740755,52.405474,On or near Staniforth Road,E01026477,Breckland 017D,Anti-social behaviour,,
,2020-02,Norfolk Constabulary,Norfolk Constabulary,0.737626,52.406230,On or near Ulfkell Road,E01026477,Breckland 017D,Anti-social behaviour,,
10e88dca583e11285c481e58d23bdcab101cfa914944a158ebf57f985f449898,2020-02,Norfolk Constabulary,Norfolk Constabulary,0.740563,52.406639,On or near Fulmerston Close,E01026477,Breckland 017D,Other theft,Investigation complete; no suspect identified,
9e231ab9e1eb49388a2eb3913db97c332b1726f3e644158b2ec61ae2ed0b604a,2020-02,Norfolk Constabulary,Norfolk Constabulary,0.740755,52.405474,On or near Staniforth Road,E01026477,Breckland 017D,Public order,Unable to prosecute suspect,
68c8203c750cd61480f0ba2007f707d01231997d3f9fe417641d9bc924c3ab06,2020-02,Norfolk Constabulary,Norfolk Constabulary,0.743691,52.406350,On or near Queensway,E01026477,Breckland 017D,Public order,Unable to prosecute suspect,
e7ad513fe5930afbc74434d76601feadce288dda27330f0289a2b5b0ad48e55d,2020-02,Norfolk Constabulary,Norfolk Constabulary,0.743691,52.406350,On or near Queensway,E01026477,Breckland 017D,Public order,Unable to prosecute suspect,
9965aa178f017156efa1ba608307f3ef8ecd1a3986fd58f188f104f028bd3923,2020-02,Norfolk Constabulary,Norfolk Constabulary,0.747918,52.406926,On or near St Michael'S Close,E01026477,Breckland 017D,Violence and sexual offences,Unable to prosecute suspect,
ba7f66447eff7380b9ef0e26152c89b35a8e2bd4855ed44302633c9898466355,2020-02,Norfolk Constabulary,Norfolk Constabulary,0.737927,52.404452,On or near Pine Close,E01026477,Breckland 017D,Violence and sexual offences,Unable to prosecute suspect,
b76aabdf10451479ce023d16743c1383086e21a2fa54811c6050545532f87f2f,2020-02,Norfolk Constabulary,Norfolk Constabulary,0.740033,52.406156,On or near Fulmerston Road,E01026477,Breckland 017D,Violence and sexual offences,Action to be taken by another organisation,
5269d7125550ca26b2a0584bc1262aff167241b804ee116456d208061956bc9b,2020-02,Norfolk Constabulary,Norfolk Constabulary,0.740525,52.408870,On or near Williamson Crescent,E01026477,Breckland 017D,Violence and sexual offences,Court result unavailable,
f5ecf606147119ee304b695da38bbcb56ab97c4142bd537729ede62fe63f3af4,2020-02,Norfolk Constabulary,Norfolk Constabulary,0.740525,52.408870,On or near Williamson Crescent,E01026477,Breckland 017D,Violence and sexual offences,Court result unavailable,
6754ef6f85d8dd8e23b4d0221111e98b1c19e0c7f247811a5c98e1659d362a0c,2020-02,Norfolk Constabulary,Norfolk Constabulary,0.737927,52.404452,On or near Pine Close,E01026477,Breckland 017D,Violence and sexual offences,Unable to prosecute suspect,
acbac7e6f65d3574fcc4e180297ec6160fa94f5097297527260974c10007ded0,2020-02,Norfolk Constabulary,Norfolk Constabulary,0.740525,52.408870,On or near Williamson Crescent,E01026477,Breckland 017D,Violence and sexual offences,Court result unavailable,
d6cb9cf098d212416d705b63008ad7c644a90fd9b9229eeac128da696350f676,2020-02,Norfolk Constabulary,Norfolk Constabulary,0.740033,52.406156,On or near Fulmerston Road,E01026477,Breckland 017D,Violence and sexual offences,Action to be taken by another organisation,
9af912e6d3e47b4e6b87703881e093c3f9285031974912fad4666234dfa904ed,2020-02,Norfolk Constabulary,Norfolk Constabulary,0.740033,52.406156,On or near Fulmerston Road,E01026477,Breckland 017D,Violence and sexual offences,Unable to prosecute suspect,
fb3c622579b5f70a87889a54777482c1408f244ac346e95c5b6788adde0391d5,2020-02,Norfolk Constabulary,Norfolk Constabulary,0.740563,52.406639,On or near Fulmerston Close,E01026477,Breckland 017D,Violence and sexual offences,Court result unavailable,
623481997d83d6497cef701ada37a18b5e157d0222dfbe6972a0d9916edf4cfc,2020-02,Norfolk Constabulary,Norfolk Constabulary,0.740563,52.406639,On or near Fulmerston Close,E01026477,Breckland 017D,Violence and sexual offences,Court result unavailable,
dc645a2c7da7646ea4c56b397375596d6b2bca88adbf020c0582f889de3d8f4b,2020-02,Norfolk Constabulary,Norfolk Constabulary,0.737626,52.406230,On or near Ulfkell Road,E01026477,Breckland 017D,Violence and sexual offences,Unable to prosecute suspect,
60304eacc0c7bdfec206f97d5979e8604a4b320c43d7351d815f95b2759b6a24,2020-02,Norfolk Constabulary,Norfolk Constabulary,0.740525,52.408870,On or near Williamson Crescent,E01026477,Breckland 017D,Violence and sexual offences,Court result unavailable,
be6f9f04f55c0ff8abaa696d2fdea9fc2cbe56d3a0f98417c869b6310775b73b,2020-02,Norfolk Constabulary,Norfolk Constabulary,0.744287,52.409781,On or near St Margaret'S Crescent,E01026477,Breckland 017D,Violence and sexual offences,Unable to prosecute suspect,
f0f28bc80906c222b70e2ddf17729690e6a1dba710a82c578d29931bd191e8e2,2020-02,Norfolk Constabulary,Norfolk Constabulary,0.740563,52.406639,On or near Fulmerston Close,E01026477,Breckland 017D,Violence and sexual offences,Action to be taken by another organisation,
c50614745a84fcde40ae2179a30c25a69a32bc2a820b5a0270da1b66942378e9,2020-02,Norfolk Constabulary,Norfolk Constabulary,0.737927,52.404452,On or near Pine Close,E01026477,Breckland 017D,Violence and sexual offences,Unable to prosecute suspect,
0ddb5d496d005d2687d17bce665c98359a697e986b577a18cecde825e22fa81e,2020-02,Norfolk Constabulary,Norfolk Constabulary,0.737626,52.406230,On or near Ulfkell Road,E01026477,Breckland 017D,Violence and sexual offences,Unable to prosecute suspect,
b20e7f47ae649d03ffecf8f77a2e40ca21fc733219542f276df3b852e7cf73a2,2020-02,Norfolk Constabulary,Norfolk Constabulary,0.736941,52.410122,On or near Jubilee Close,E01026477,Breckland 017D,Violence and sexual offences,Unable to prosecute suspect,
0941f211316214e9e91d568e3c7520efd1974ee5a188f34a291640a86fb522c8,2020-02,Norfolk Constabulary,Norfolk Constabulary,0.735396,52.406785,On or near Kimms Belt,E01026477,Breckland 017D,Violence and sexual offences,Formal action is not in the public interest,
778aa99d57563bd72b4ffa1199d460ebc37be3b9941575cba07f5c7f0e8c8d40,2020-02,Norfolk Constabulary,Norfolk Constabulary,0.737927,52.404452,On or near Pine Close,E01026477,Breckland 017D,Violence and sexual offences,Unable to prosecute suspect,
,2020-02,Norfolk Constabulary,Norfolk Constabulary,0.721636,52.404450,On or near Shopping Area,E01026478,Breckland 017E,Anti-social behaviour,,
10a75ea7e70cff72982999834bf7858c2ccb9291f07cab3f0c2e579bec9d209c,2020-02,Norfolk Constabulary,Norfolk Constabulary,0.741807,52.402050,On or near Sports/Recreation Area,E01026478,Breckland 017E,Drugs,Offender given a caution,
0f2d2d548895a339c823f77532c2f4331259dcec10579780b7951bdf3b67f3df,2020-02,Norfolk Constabulary,Norfolk Constabulary,0.720804,52.404074,On or near Petrol Station,E01026478,Breckland 017E,Other theft,Investigation complete; no suspect identified,
71170c42c534f4a66dfdd51766004a4a2161072144bbf2eeaaf1e37a54f3481c,2020-02,Norfolk Constabulary,Norfolk Constabulary,0.720804,52.404074,On or near Petrol Station,E01026478,Breckland 017E,Other theft,Investigation complete; no suspect identified,
be42f850758936fbdf4a8baca723d85aa86ed0c07077732cd9670d78ef153bea,2020-02,Norfolk Constabulary,Norfolk Constabulary,0.745142,52.405084,On or near Petrol Station,E01026478,Breckland 017E,Public order,Unable to prosecute suspect,
7436a312a44f1ce6481cc35c251939c524af856a5f4689bbeb270da115c0e98f,2020-02,Norfolk Constabulary,Norfolk Constabulary,0.721636,52.404450,On or near Shopping Area,E01026478,Breckland 017E,Shoplifting,Unable to prosecute suspect,
ff18a32c503ee9e913fadc6550a5d3238dc18bb86ef9b628dfc9e88c0b34f410,2020-02,Norfolk Constabulary,Norfolk Constabulary,0.721636,52.404450,On or near Shopping Area,E01026478,Breckland 017E,Shoplifting,Investigation complete; no suspect identified,
258c82921a9f4db01d5d73a29071568e266be28721c621249776a06b073087f4,2020-02,Norfolk Constabulary,Norfolk Constabulary,0.728574,52.405127,On or near Burrell Way,E01026478,Breckland 017E,Shoplifting,Local resolution,
3a209221e63b204ce545bf97d6074a4577284a773432263e02dc7509cb034410,2020-02,Norfolk Constabulary,Norfolk Constabulary,0.720804,52.404074,On or near Petrol Station,E01026478,Breckland 017E,Shoplifting,Unable to prosecute suspect,
b3d8e802b750f9de6a40214f65d71cd41bbaf6a3bb44e16b4ffc7f5426740679,2020-02,Norfolk Constabulary,Norfolk Constabulary,0.721636,52.404450,On or near Shopping Area,E01026478,Breckland 017E,Shoplifting,Court result unavailable,
f2b82d4ac2e832ae1dfa15415c40f29eb2a562cbc11e1e2c4f7e21fa51bb1e81,2020-02,Norfolk Constabulary,Norfolk Constabulary,0.728574,52.405127,On or near Burrell Way,E01026478,Breckland 017E,Shoplifting,Local resolution,
dbea53d1f327db1f16dcc17ca47df0acbf7eed806510f1e2b49fc05bb8b1d7e2,2020-02,Norfolk Constabulary,Norfolk Constabulary,0.720804,52.404074,On or near Petrol Station,E01026478,Breckland 017E,Shoplifting,Court result unavailable,
2686e0d70ae30eced1740e7d599d6461c516def75f9a63dcf2b88a4f6bc7dcb6,2020-02,Norfolk Constabulary,Norfolk Constabulary,0.720804,52.404074,On or near Petrol Station,E01026478,Breckland 017E,Shoplifting,Court result unavailable,
12a23894f19aec7eb0e74a4f39f3e881d4bae74cb77ebbfbf2ad67cf64b269dd,2020-02,Norfolk Constabulary,Norfolk Constabulary,0.720804,52.404074,On or near Petrol Station,E01026478,Breckland 017E,Shoplifting,Investigation complete; no suspect identified,
e403f7a52ffe003d177e66df284c92426235f1ee6e06141359c2608f8ccc0818,2020-02,Norfolk Constabulary,Norfolk Constabulary,0.734102,52.402031,On or near Elm Road,E01026478,Breckland 017E,Vehicle crime,Unable to prosecute suspect,
1f64b788f43105525529252fd219a3084e6938649c07baf2749cb9ea0aeaf99e,2020-02,Norfolk Constabulary,Norfolk Constabulary,0.734102,52.402031,On or near Elm Road,E01026478,Breckland 017E,Violence and sexual offences,Unable to prosecute suspect,
e9028ca3d3f742297971ea4d638bfb9c683809cfd17c45d3d22d8cf9375f7ec9,2020-02,Norfolk Constabulary,Norfolk Constabulary,0.730871,52.402798,On or near Almond Grove,E01026478,Breckland 017E,Violence and sexual offences,Investigation complete; no suspect identified,
1e3279286579b8a1fa4d8745ab80661a5467747e5f6455f4c173eb9b9c0d5900,2020-02,Norfolk Constabulary,Norfolk Constabulary,0.720804,52.404074,On or near Petrol Station,E01026478,Breckland 017E,Violence and sexual offences,Investigation complete; no suspect identified,
284b60e7dd9818081045b4212e36ea287825cbc8ec9ba2d66ded17e273517e54,2020-02,Norfolk Constabulary,Norfolk Constabulary,0.721636,52.404450,On or near Shopping Area,E01026478,Breckland 017E,Violence and sexual offences,Awaiting court outcome,
e832041d373d2c3f77a79eb8ce578393c52ef702ef19ff7b117b26c4b129cad4,2020-02,Norfolk Constabulary,Norfolk Constabulary,0.729790,52.401726,On or near Ash Close,E01026478,Breckland 017E,Violence and sexual offences,Investigation complete; no suspect identified,
2bf5ee5e27199f2dd6464d88037062e62aa9c920db6232b556f12a30609071fd,2020-02,Norfolk Constabulary,Norfolk Constabulary,0.736087,52.404647,On or near Beech Close,E01026478,Breckland 017E,Violence and sexual offences,Unable to prosecute suspect,
5cc919c1b0235ef5413f6ff67a1c3f52e47f9aa65c21f1ad8c6a27d82b812f3b,2020-02,Norfolk Constabulary,Norfolk Constabulary,0.721636,52.404450,On or near Shopping Area,E01026478,Breckland 017E,Violence and sexual offences,Unable to prosecute suspect,
05542354db77bd6c7b54493f79206ff6ffb54e979bca9bac3a070f54c156a83e,2020-02,Norfolk Constabulary,Norfolk Constabulary,0.728574,52.405127,On or near Burrell Way,E01026478,Breckland 017E,Violence and sexual offences,Unable to prosecute suspect,
ce544ff828b465d039ab14d730b1eaffa57fe571756696323aa8ae8cacd72156,2020-02,Norfolk Constabulary,Norfolk Constabulary,0.721636,52.404450,On or near Shopping Area,E01026478,Breckland 017E,Violence and sexual offences,Unable to prosecute suspect,
250f636cd8b0e2179ca5eec14ac4b379e70b8e29651116f6af97b0710c9acc8f,2020-02,Norfolk Constabulary,Norfolk Constabulary,0.729790,52.401726,On or near Ash Close,E01026478,Breckland 017E,Violence and sexual offences,Investigation complete; no suspect identified,
d1fbf684dfd25a3f75670cbf9e21cde687f653bde097978a9dd9c1fa8b5ba177,2020-02,Norfolk Constabulary,Norfolk Constabulary,0.721636,52.404450,On or near Shopping Area,E01026478,Breckland 017E,Violence and sexual offences,Unable to prosecute suspect,
cd5f7c21ddda2c300be138a972b2093fb2f1bb49dd91add91e4a270a36ef45ad,2020-02,Norfolk Constabulary,Norfolk Constabulary,0.732592,52.403289,On or near Oak Close,E01026478,Breckland 017E,Other crime,Further investigation is not in the public interest,
444beb4ba535134211efcba43eff510d529cddd0f41c7e0064fcaa8d587efc28,2020-02,Norfolk Constabulary,Norfolk Constabulary,-0.261087,51.544566,On or near Gloucester Close,E01000596,Brent 021A,Violence and sexual offences,Status update unavailable,
,2020-02,Norfolk Constabulary,Norfolk Constabulary,1.251736,52.794104,On or near Supermarket,E01026499,Broadland 001A,Anti-social behaviour,,
bb85e5d5b9675b54ce14cf5546ead3e6edc31febc020276f0723fc4c3db797ca,2020-02,Norfolk Constabulary,Norfolk Constabulary,1.254714,52.785703,On or near Orchard Lane,E01026499,Broadland 001A,Burglary,Investigation complete; no suspect identified,
1024c475e0fdcb5a0bf262d7d6fff1c5d3280b53e701ac08e906365aa53aa461,2020-02,Norfolk Constabulary,Norfolk Constabulary,1.253380,52.785722,On or near Crompton Road,E01026499,Broadland 001A,Other crime,Status update unavailable,
bddda8f9fa1280a69801f66c558b79efcca25208f9db5d572e5acfa6fb463f72,2020-02,Norfolk Constabulary,Norfolk Constabulary,1.250902,52.785313,On or near Ethel Tipple Drive,E01026500,Broadland 001B,Criminal damage and arson,Investigation complete; no suspect identified,
e4a5847b30982a0c85af356ad3d0926a7e393178d94201af9fc7cad8724a8f24,2020-02,Norfolk Constabulary,Norfolk Constabulary,1.251575,52.768684,On or near George Edwards Close,E01026501,Broadland 001C,Burglary,Unable to prosecute suspect,
99ec63fcefe6c67cea1bf1fd9099f1a9535f49972335069c9f3b531bc5ce14ca,2020-02,Norfolk Constabulary,Norfolk Constabulary,1.253263,52.772028,On or near Fengate,E01026501,Broadland 001C,Criminal damage and arson,Court result unavailable,
d72c90c31f1322978433679cabc2c34600f2b508164f67f944af31052a247aa7,2020-02,Norfolk Constabulary,Norfolk Constabulary,1.258979,52.769155,On or near Rodgate,E01026501,Broadland 001C,Drugs,Further action is not in the public interest,
e137cd0556ccdefd15c6965dae87bf5ddf1e1c39f63974f376a75d932954bfbf,2020-02,Norfolk Constabulary,Norfolk Constabulary,1.264942,52.788974,On or near Bure Valley Lane,E01026501,Broadland 001C,Other theft,Investigation complete; no suspect identified,
767cb6dfc73d9851b665fce0f01ce1bb70d7a883e0855834853d6ce4b02a08cf,2020-02,Norfolk Constabulary,Norfolk Constabulary,1.288894,52.778878,On or near The Street,E01026501,Broadland 001C,Public order,Unable to prosecute suspect,
f8c79adfd629bd54e9d42039a35f3007725e9275730fcdec4b2c5794c9fd7b6e,2020-02,Norfolk Constabulary,Norfolk Constabulary,1.264942,52.788974,On or near Bure Valley Lane,E01026501,Broadland 001C,Shoplifting,Investigation complete; no suspect identified,
56d03ee7dc8da7cd2c479747c6d831ba1e7f6579a46d68256af20d70f24bbe77,2020-02,Norfolk Constabulary,Norfolk Constabulary,1.251575,52.768684,On or near George Edwards Close,E01026501,Broadland 001C,Violence and sexual offences,Unable to prosecute suspect,
5a03809d3b43bcb31a2ee453d7390f9d6e753234032d65ee58057b410614efbb,2020-02,Norfolk Constabulary,Norfolk Constabulary,1.259082,52.789765,On or near Soame Close,E01026501,Broadland 001C,Other crime,Unable to prosecute suspect,
9c9a989e473de773abd7cc22b28f45bfca520f793559e385ae4f0ebd75959a4b,2020-02,Norfolk Constabulary,Norfolk Constabulary,1.296295,52.796911,On or near Aylsham Road,E01026501,Broadland 001C,Other crime,Further action is not in the public interest,
,2020-02,Norfolk Constabulary,Norfolk Constabulary,1.238476,52.791553,On or near St Michaels Avenue,E01026502,Broadland 001D,Anti-social behaviour,,
68f383882e49d7e090cd82777c91ae2acfa0dfae2c4f133df9faa394bd7659da,2020-02,Norfolk Constabulary,Norfolk Constabulary,1.240682,52.793498,On or near John O'Gaunt Close,E01026502,Broadland 001D,Criminal damage and arson,Investigation complete; no suspect identified,
4401a417bc10c830385b6232e8f4cb2d1df391eff140dee8f514640f24fc7dc6,2020-02,Norfolk Constabulary,Norfolk Constabulary,1.243651,52.791726,On or near Goulder Drive,E01026502,Broadland 001D,Criminal damage and arson,Local resolution,
40d8c6f80ac8bc8a41469410c551f6ee04ee763be7df6fa47c7dfc1706944c1f,2020-02,Norfolk Constabulary,Norfolk Constabulary,1.238476,52.791553,On or near St Michaels Avenue,E01026502,Broadland 001D,Other theft,Investigation complete; no suspect identified,
5beafe262a061beab0ba338776839711e7fa43cd0c8ddbe91cfdfbd68f9a9462,2020-02,Norfolk Constabulary,Norfolk Constabulary,1.228857,52.817095,On or near Park/Open Space,E01026502,Broadland 001D,Public order,Status update unavailable,
138247578a95627ac1f3a3e46f85dae5cfd90197c0bc4ded3a3ef6b496b672f0,2020-02,Norfolk Constabulary,Norfolk Constabulary,1.240682,52.793498,On or near John O'Gaunt Close,E01026502,Broadland 001D,Violence and sexual offences,Unable to prosecute suspect,
7ce9c987eaf0a13926c09d0dcd09c9f1c0c9e123e2f025dfff1070db517f0e08,2020-02,Norfolk Constabulary,Norfolk Constabulary,1.238476,52.791553,On or near St Michaels Avenue,E01026502,Broadland 001D,Violence and sexual offences,Unable to prosecute suspect,
67b821a71f7611a82106e8d562b78a5ed1970dafa3a6544e97c4f30f222e039e,2020-02,Norfolk Constabulary,Norfolk Constabulary,1.240345,52.794748,On or near Sapwell Close,E01026502,Broadland 001D,Violence and sexual offences,Unable to prosecute suspect,
d26d927ad6a1b8f8f4a4247929d019b1ef6992b000b4fd7cfa7ca83169a88211,2020-02,Norfolk Constabulary,Norfolk Constabulary,1.238476,52.791553,On or near St Michaels Avenue,E01026502,Broadland 001D,Violence and sexual offences,Unable to prosecute suspect,
0df121bbd193d45269a567c44777bcc1631a5e1271b8aa9e5c9b4ee17432a6cc,2020-02,Norfolk Constabulary,Norfolk Constabulary,1.268778,52.803923,On or near Aylsham Police Station,E01026503,Broadland 001E,Drugs,Court result unavailable,
b2108172946fb89dab6f89442c2e133a84b6acd8f62529b4a3f8cb62e91cd169,2020-02,Norfolk Constabulary,Norfolk Constabulary,1.260473,52.795276,On or near Sir William'S Lane,E01026503,Broadland 001E,Public order,Investigation complete; no suspect identified,
f9d27c6f50203d216a280eb9aeacb317be2cd34f874e5751f2e83a6bb64d7963,2020-02,Norfolk Constabulary,Norfolk Constabulary,1.259496,52.800851,On or near The Staithe,E01026503,Broadland 001E,Violence and sexual offences,Unable to prosecute suspect,
8dc890d11f06d37a62352057930a3745c09b3fcd570fbf63007e46826ee9fe3a,2020-02,Norfolk Constabulary,Norfolk Constabulary,1.260473,52.795276,On or near Sir William'S Lane,E01026503,Broadland 001E,Violence and sexual offences,Unable to prosecute suspect,
626e6a7490d0f28e454e375204da4220fe4d886e2abee16a554cc05eecd51012,2020-02,Norfolk Constabulary,Norfolk Constabulary,1.248978,52.797507,On or near St Michael'S Close,E01026503,Broadland 001E,Violence and sexual offences,Unable to prosecute suspect,
c59b1abfa909cdfc0b7c6f30d20975c719ed5dbee95df1add6a726c4816227c1,2020-02,Norfolk Constabulary,Norfolk Constabulary,1.098822,52.800375,On or near Reepham Road,E01026522,Broadland 002A,Criminal damage and arson,Investigation complete; no suspect identified,
7a43a6f529bd655c1c25541d4d54b19764b3e95d41cd4d2cfe35fe54f4baf58c,2020-02,Norfolk Constabulary,Norfolk Constabulary,1.033118,52.782020,On or near Keeling Hall Lane,E01026522,Broadland 002A,Vehicle crime,Investigation complete; no suspect identified,
5b4403f624bccd2378454b7534ca8992446a20a5f07f8081d7c8c845c31a70fb,2020-02,Norfolk Constabulary,Norfolk Constabulary,1.004180,52.785859,On or near Highfield Close,E01026522,Broadland 002A,Violence and sexual offences,Unable to prosecute suspect,
84a462ddb0b2808aa71c6f4fb42178f24f3235f099d7fe6372058f1dea30e1bc,2020-02,Norfolk Constabulary,Norfolk Constabulary,1.004180,52.785859,On or near Highfield Close,E01026522,Broadland 002A,Violence and sexual offences,Investigation complete; no suspect identified,
46253766a662bfabcbe2dc62c907e054d92d17d4bb274a508186f6c5169df642,2020-02,Norfolk Constabulary,Norfolk Constabulary,1.103959,52.812498,On or near Wiggets Lane,E01026522,Broadland 002A,Violence and sexual offences,Unable to prosecute suspect,
,2020-02,Norfolk Constabulary,Norfolk Constabulary,1.210778,52.776055,On or near Sports/Recreation Area,E01026523,Broadland 002B,Anti-social behaviour,,
dd6a9339c470e8cc659d1a0f23b6ca92db69e4e84195752bdd33baa1b79affba,2020-02,Norfolk Constabulary,Norfolk Constabulary,1.190621,52.771347,On or near Petrol Station,E01026523,Broadland 002B,Criminal damage and arson,Awaiting court outcome,
6b0fc4f391b7adf0357603cf8ab404718c0a82d07a80ec8f1b2ac47f8d7eb3cf,2020-02,Norfolk Constabulary,Norfolk Constabulary,1.190621,52.771347,On or near Petrol Station,E01026523,Broadland 002B,Criminal damage and arson,Unable to prosecute suspect,
946d2d383ffc1723011eb8932d83e8ff9e52cd2ad66dcec9dbc7b9445e03b37f,2020-02,Norfolk Constabulary,Norfolk Constabulary,1.182360,52.764213,On or near Back Lane,E01026523,Broadland 002B,Public order,Unable to prosecute suspect,
83c2ed12f8126981da784e07af6710d874ed6fe42735422f3706f65a45ef8eb0,2020-02,Norfolk Constabulary,Norfolk Constabulary,1.167162,52.770529,On or near Clifford Pye Close,E01026523,Broadland 002B,Vehicle crime,Unable to prosecute suspect,
dd07cd4ac85a2ff9c2d3d0c7f41e5ee835bd62b882e99273fb646b745e0bc69c,2020-02,Norfolk Constabulary,Norfolk Constabulary,1.210778,52.776055,On or near Sports/Recreation Area,E01026523,Broadland 002B,Violence and sexual offences,Unable to prosecute suspect,
8db29d52b7754f716ae1c7727573ffc1ceb283f5116a5208e7305e7fe93421e1,2020-02,Norfolk Constabulary,Norfolk Constabulary,1.210778,52.776055,On or near Sports/Recreation Area,E01026523,Broadland 002B,Violence and sexual offences,Unable to prosecute suspect,
9d339331627007384ca4d11e0cc9c2c3f1893e4b183b56d20d4060786d549877,2020-02,Norfolk Constabulary,Norfolk Constabulary,1.210778,52.776055,On or near Sports/Recreation Area,E01026523,Broadland 002B,Violence and sexual offences,Unable to prosecute suspect,
a204e171c1844ed9772bf26797fd8ccdbca893d008a2a93e30d2825a0da361d8,2020-02,Norfolk Constabulary,Norfolk Constabulary,1.167162,52.770529,On or near Clifford Pye Close,E01026523,Broadland 002B,Violence and sexual offences,Unable to prosecute suspect,
d65550f65f9bb5dd461f6fa3f4b5176c03b034daec9523483181d3f6255563b7,2020-02,Norfolk Constabulary,Norfolk Constabulary,1.190621,52.771347,On or near Petrol Station,E01026523,Broadland 002B,Violence and sexual offences,Awaiting court outcome,
6cd66b36fb7cdeebd2d7f261b2f34f295130bcf4e318ea1e443b39b8730ea3a1,2020-02,Norfolk Constabulary,Norfolk Constabulary,1.210778,52.776055,On or near Sports/Recreation Area,E01026523,Broadland 002B,Violence and sexual offences,Unable to prosecute suspect,
30b038e3a48a77020f94fbe04e1a667fda51b66999bd217a05190a6406c6fb39,2020-02,Norfolk Constabulary,Norfolk Constabulary,1.167064,52.766520,On or near William Bush Close,E01026523,Broadland 002B,Violence and sexual offences,Unable to prosecute suspect,
e2a829a3f47c2464c72507507a815f3d5af7ec1c3b801b5756f94bc95bf1e5d7,2020-02,Norfolk Constabulary,Norfolk Constabulary,1.193580,52.793517,On or near Heydon Road,E01026523,Broadland 002B,Violence and sexual offences,Unable to prosecute suspect,
a143d5a60a680b27f3328f3736618deae56d989ecc6e74e7414859b2acd35d5f,2020-02,Norfolk Constabulary,Norfolk Constabulary,1.182360,52.764213,On or near Back Lane,E01026523,Broadland 002B,Violence and sexual offences,Unable to prosecute suspect,
a3d29507e0d15909f8d3903cd4c4e91c933c2f57b83d9f81c30733853e6cb025,2020-02,Norfolk Constabulary,Norfolk Constabulary,1.210778,52.776055,On or near Sports/Recreation Area,E01026523,Broadland 002B,Violence and sexual offences,Unable to prosecute suspect,
ebdaae6b76fab90433432a566c072df1fd487a15cd46b11bc6cf8aeb0476b45a,2020-02,Norfolk Constabulary,Norfolk Constabulary,1.210778,52.776055,On or near Sports/Recreation Area,E01026523,Broadland 002B,Other crime,Action to be taken by another organisation,
,2020-02,Norfolk Constabulary,Norfolk Constabulary,1.105409,52.697682,On or near Rectory Road,E01026524,Broadland 002C,Anti-social behaviour,,
,2020-02,Norfolk Constabulary,Norfolk Constabulary,1.108273,52.660294,On or near Fellowes Road,E01026524,Broadland 002C,Anti-social behaviour,,
cb62ff96b45dcf0d016e962f4d04baa9a6e56f250f26776754d4b45d4898cb32,2020-02,Norfolk Constabulary,Norfolk Constabulary,1.151632,52.681568,On or near Park/Open Space,E01026524,Broadland 002C,Burglary,Investigation complete; no suspect identified,
9f17799472a016450f2ffe42096392e30e65b472787e66cfa5bc9782cf7d3bbf,2020-02,Norfolk Constabulary,Norfolk Constabulary,1.099070,52.719152,On or near Park/Open Space,E01026524,Broadland 002C,Drugs,Offender given a drugs possession warning,
a7d444396341200a3a28637cb432a74e1102c2acfd4da8729a6611e45cacd709,2020-02,Norfolk Constabulary,Norfolk Constabulary,1.102188,52.719053,On or near Park/Open Space,E01026524,Broadland 002C,Other theft,Unable to prosecute suspect,
6558f4b2f7aec4232de6b6433fb2369c830a59696260b4e4f4379267958123f3,2020-02,Norfolk Constabulary,Norfolk Constabulary,1.115765,52.694694,On or near Airport/Airfield,E01026524,Broadland 002C,Other theft,Investigation complete; no suspect identified,
941193a04160267a1e9fb15b867cd205de7bd176495866d257d93b5e9f8ed618,2020-02,Norfolk Constabulary,Norfolk Constabulary,1.115287,52.722054,On or near Station Road,E01026524,Broadland 002C,Public order,Unable to prosecute suspect,
1ffc6942b67317ec63a3ede07fec02652a4d2989a10e0df1ee9c517c2eed730c,2020-02,Norfolk Constabulary,Norfolk Constabulary,1.118874,52.721672,On or near Park/Open Space,E01026524,Broadland 002C,Vehicle crime,Investigation complete; no suspect identified,
37ec49578b3d1883a3e5ba7f7db18080cdc2126456e6692f8ccffc03cd71b2a6,2020-02,Norfolk Constabulary,Norfolk Constabulary,1.142673,52.669530,On or near Weston Road,E01026524,Broadland 002C,Violence and sexual offences,Unable to prosecute suspect,
,2020-02,Norfolk Constabulary,Norfolk Constabulary,1.112403,52.766376,On or near Bartle Court,E01026547,Broadland 002E,Anti-social behaviour,,
d92f7e4ad9a0357bc5d5092a94764b7d6b35e24901acc12a7c7a94e86bc452ba,2020-02,Norfolk Constabulary,Norfolk Constabulary,1.110985,52.762088,On or near Back Street,E01026547,Broadland 002E,Criminal damage and arson,Investigation complete; no suspect identified,
9aceb59dff6db876be34fba6fc73dd5d488e39d442829708d8316e905b15dc4a,2020-02,Norfolk Constabulary,Norfolk Constabulary,1.108744,52.764332,On or near Chapel Close,E01026547,Broadland 002E,Violence and sexual offences,Status update unavailable,
f2a53e03c9223635c99a5fbe41e2565e5d73ff868c7be2c36a128d1004db0523,2020-02,Norfolk Constabulary,Norfolk Constabulary,1.109709,52.761861,On or near Petrol Station,E01026547,Broadland 002E,Violence and sexual offences,Unable to prosecute suspect,
70adf28bad7cb9168a52fe105bcad6ac1c9b2f49203047310196ec6b0c787eec,2020-02,Norfolk Constabulary,Norfolk Constabulary,1.109622,52.761062,On or near School Road,E01026547,Broadland 002E,Violence and sexual offences,Unable to prosecute suspect,
b0d8b39453842000ad462edcceeece490c026d48ce2034104eb584958c7a53c3,2020-02,Norfolk Constabulary,Norfolk Constabulary,1.122395,52.765331,On or near The Moor,E01026548,Broadland 002F,Criminal damage and arson,Unable to prosecute suspect,
f517774440abb8ff572b19ce0387d5aeb6c4039fafdc7801940ed16ae046babb,2020-02,Norfolk Constabulary,Norfolk Constabulary,1.121047,52.769899,On or near Ash Close,E01026548,Broadland 002F,Violence and sexual offences,Unable to prosecute suspect,
7bf5008eed289dcf9a1a68bab11a1bb0571c31bf057d1f6ea6da32cd619de3fa,2020-02,Norfolk Constabulary,Norfolk Constabulary,1.113261,52.765931,On or near Coles Way,E01026548,Broadland 002F,Violence and sexual offences,Formal action is not in the public interest,
,2020-02,Norfolk Constabulary,Norfolk Constabulary,1.339624,52.763277,On or near Skeyton Road,E01026514,Broadland 003A,Anti-social behaviour,,
7a80e40375f0f42d6eb7f86733f5dd26a6a90307a4dd28c9b5a242c413039ca2,2020-02,Norfolk Constabulary,Norfolk Constabulary,1.303214,52.756464,On or near Cubitt'S Meadow,E01026514,Broadland 003A,Burglary,Investigation complete; no suspect identified,
1f1767b7eee0ca7a45e3e9eed2457504e0227e09069c7db437446ddca00a8426,2020-02,Norfolk Constabulary,Norfolk Constabulary,1.341940,52.759641,On or near Filby Road,E01026514,Broadland 003A,Criminal damage and arson,Offender given a caution,
39e2ce6ac08a5b11f02d29ced5f1854e2cebb6ac3341f08be452fe4f16a0b6f0,2020-02,Norfolk Constabulary,Norfolk Constabulary,1.339624,52.763277,On or near Skeyton Road,E01026514,Broadland 003A,Violence and sexual offences,Status update unavailable,
96e97b24f0151269f6d77fd4e37d2ffe57fed777c4cbb30ed85a59333a11a3f8,2020-02,Norfolk Constabulary,Norfolk Constabulary,1.291634,52.770968,On or near The Street,E01026514,Broadland 003A,Violence and sexual offences,Status update unavailable,
d2a08eba20680fec19b1e313e70c0f7e5ea5861a98fd478f08a6a9977ef2f2ea,2020-02,Norfolk Constabulary,Norfolk Constabulary,1.339624,52.763277,On or near Skeyton Road,E01026514,Broadland 003A,Violence and sexual offences,Unable to prosecute suspect,
ca0b45c6f647d646e017aeb20adbaaebb11db77579b0421200da74394ab59977,2020-02,Norfolk Constabulary,Norfolk Constabulary,1.341940,52.759641,On or near Filby Road,E01026514,Broadland 003A,Violence and sexual offences,Offender given a caution,
e58481cb7a0a5b392f7c5cd61d980833fb5d1fe5fc5a6441639579676abf2150,2020-02,Norfolk Constabulary,Norfolk Constabulary,1.291634,52.770968,On or near The Street,E01026514,Broadland 003A,Violence and sexual offences,Status update unavailable,
aa0d657a13fa0665ed58e7b8abc6e0946bedd4a18eee66bbe88bbbf0dac265ab,2020-02,Norfolk Constabulary,Norfolk Constabulary,1.291634,52.770968,On or near The Street,E01026514,Broadland 003A,Violence and sexual offences,Status update unavailable,
1f8f2eb1a59de1dc1f7af4c8817c8fe60f3349b9b23c372719eb0ea51d4650ff,2020-02,Norfolk Constabulary,Norfolk Constabulary,1.291634,52.770968,On or near The Street,E01026514,Broadland 003A,Violence and sexual offences,Status update unavailable,
231814ed8a5b0fb7b5668475ff69ad518fa9a1049b96745c6df0d5e64864c0bc,2020-02,Norfolk Constabulary,Norfolk Constabulary,1.341940,52.759641,On or near Filby Road,E01026514,Broadland 003A,Violence and sexual offences,Offender given a caution,
af6e6617e603d66e355cbb65c8bc21b517d1ec9419b83ddf5b17170cfdf1144e,2020-02,Norfolk Constabulary,Norfolk Constabulary,1.291634,52.770968,On or near The Street,E01026514,Broadland 003A,Violence and sexual offences,Status update unavailable,
c7ba30176003ba703bcbe90a7d42ab3f15073e7e54d33577c9ae82270aac462d,2020-02,Norfolk Constabulary,Norfolk Constabulary,1.291634,52.770968,On or near The Street,E01026514,Broadland 003A,Violence and sexual offences,Status update unavailable,
8bb472a16cb61c85de139c26c2be7bcecdc8018cc20c1ce7f77e962fed87d6f8,2020-02,Norfolk Constabulary,Norfolk Constabulary,1.291634,52.770968,On or near The Street,E01026514,Broadland 003A,Violence and sexual offences,Status update unavailable,
f6fe17573b29eb989439c82e4f58e014683b7712ce8dd687d8b88c0f53c53ff1,2020-02,Norfolk Constabulary,Norfolk Constabulary,1.291634,52.770968,On or near The Street,E01026514,Broadland 003A,Violence and sexual offences,Status update unavailable,
037e965f0b9475bfbbbef7899d8b1aa645ecfc260aae863e85b208980ae390b4,2020-02,Norfolk Constabulary,Norfolk Constabulary,1.361179,52.729004,On or near The Grove,E01026516,Broadland 003C,Vehicle crime,Investigation complete; no suspect identified,
5d7c0755d4946e80d151d5ec5026e4a855d9ff5588ce835c662b519ec2c27fd9,2020-02,Norfolk Constabulary,Norfolk Constabulary,1.357863,52.728064,On or near Petrol Station,E01026516,Broadland 003C,Violence and sexual offences,Unable to prosecute suspect,
22d8256c3383841663b3801d1d0d65e2ab7f38803710425e814269c93aabcae8,2020-02,Norfolk Constabulary,Norfolk Constabulary,1.358968,52.735884,On or near Addison Close,E01026516,Broadland 003C,Violence and sexual offences,Unable to prosecute suspect,
,2020-02,Norfolk Constabulary,Norfolk Constabulary,1.375662,52.725282,On or near Anchor Street,E01026517,Broadland 003D,Anti-social behaviour,,
8c7cd0947d405a3c41043e290ae1eee555600a399684e637906e89fa0f251444,2020-02,Norfolk Constabulary,Norfolk Constabulary,1.342045,52.699084,On or near North Walsham Road,E01026517,Broadland 003D,Other theft,Unable to prosecute suspect,
84fc560a29cd8a90239ccefe0abbc3e84f8edfbcb444b13de50b67aa380e24ca,2020-02,Norfolk Constabulary,Norfolk Constabulary,1.352897,52.725128,On or near Robert Norgate Close,E01026517,Broadland 003D,Violence and sexual offences,Unable to prosecute suspect,
68c8dabcc2d1f74da0028c80f5d1a7eee6bb830241b5158fa1006a87f60e9d62,2020-02,Norfolk Constabulary,Norfolk Constabulary,1.353668,52.724180,On or near Havergate,E01026517,Broadland 003D,Violence and sexual offences,Action to be taken by another organisation,
499472924d8315df89b3ab899e9994c6f69d8c63c3a40fe946148550081466d7,2020-02,Norfolk Constabulary,Norfolk Constabulary,1.292394,52.717976,On or near Newton Road,E01026533,Broadland 004A,Burglary,Investigation complete; no suspect identified,
ca9916dd7039ed38b60425ac65c80d26d4658bb298da446a38179d1691a3f8c6,2020-02,Norfolk Constabulary,Norfolk Constabulary,1.292394,52.717976,On or near Newton Road,E01026533,Broadland 004A,Criminal damage and arson,Unable to prosecute suspect,
5736c73d6315858fc37b3b416a36ac45d2c04cb342580d17fe8ec23fb4009d54,2020-02,Norfolk Constabulary,Norfolk Constabulary,1.292394,52.717976,On or near Newton Road,E01026533,Broadland 004A,Criminal damage and arson,Unable to prosecute suspect,
c33ec3a5b480dbbc9561d39b0d911b1cefa5819fd2ec6f4bbf3629703c53f892,2020-02,Norfolk Constabulary,Norfolk Constabulary,1.275001,52.721857,On or near Cromer Road,E01026533,Broadland 004A,Drugs,Court result unavailable,
c5f4faea0f051b27326b41e8636be4a93d59076f303c0e07452a6ac39ff0874f,2020-02,Norfolk Constabulary,Norfolk Constabulary,1.292394,52.717976,On or near Newton Road,E01026533,Broadland 004A,Violence and sexual offences,Offender given a caution,
,2020-02,Norfolk Constabulary,Norfolk Constabulary,1.272437,52.732513,On or near Bus/Coach Station,E01026534,Broadland 004B,Anti-social behaviour,,
a1118670db5bdddf81cf8bd5d59c088ad00dbe83914c74b81e6a2eb3446aba86,2020-02,Norfolk Constabulary,Norfolk Constabulary,1.248967,52.728096,On or near Edwin Close,E01026534,Broadland 004B,Bicycle theft,Investigation complete; no suspect identified,
2c1f9bf00f0f3c4da8fbf4df1849b2d38a7e105c93b5cf88be0b519987984b42,2020-02,Norfolk Constabulary,Norfolk Constabulary,1.253956,52.729056,On or near Short-Thorn Road,E01026534,Broadland 004B,Criminal damage and arson,Investigation complete; no suspect identified,
68ee968d970d482baba7aaef3b250642125032adc1ed03e4d7962cf3e9f95cc6,2020-02,Norfolk Constabulary,Norfolk Constabulary,1.253956,52.729056,On or near Short-Thorn Road,E01026534,Broadland 004B,Criminal damage and arson,Court result unavailable,
7cddc493698d029940d6d701140f1038af89c1f51f9206eb8a464be33a867fc6,2020-02,Norfolk Constabulary,Norfolk Constabulary,1.253956,52.729056,On or near Short-Thorn Road,E01026534,Broadland 004B,Criminal damage and arson,Unable to prosecute suspect,
0a0f6aac92292d8bb5af8f9d195ee70383abcb586938a632cb72a6eadbc6e923,2020-02,Norfolk Constabulary,Norfolk Constabulary,1.235306,52.745665,On or near The Turn,E01026534,Broadland 004B,Other theft,Investigation complete; no suspect identified,
55eacbd8e8410cd3d611825c33d49f1582e560f1d2ca189285403dd2f10f8101,2020-02,Norfolk Constabulary,Norfolk Constabulary,1.259042,52.743801,On or near Pound Road,E01026534,Broadland 004B,Public order,Unable to prosecute suspect,
b3e2c3f231f36f12a8cbf93e8800e8d3129db8f867556d3a3d1d26983fad8ab9,2020-02,Norfolk Constabulary,Norfolk Constabulary,1.259042,52.743801,On or near Pound Road,E01026534,Broadland 004B,Public order,Unable to prosecute suspect,
50bea173efcb81addc3ff3b179c27006349ffc5387c541240a796eacf94bbd6d,2020-02,Norfolk Constabulary,Norfolk Constabulary,1.253956,52.729056,On or near Short-Thorn Road,E01026534,Broadland 004B,Violence and sexual offences,Court result unavailable,
1417e285c2398abf2b9c99e2c0dd6c5a06fb20eca82ce5ddb8fa6dd9683c1f67,2020-02,Norfolk Constabulary,Norfolk Constabulary,1.227743,52.746996,On or near The Heath,E01026534,Broadland 004B,Violence and sexual offences,Unable to prosecute suspect,
988c771e6fb40bf1fa09a6ab575f93b22e97ab76594f8bda682be87b070048ce,2020-02,Norfolk Constabulary,Norfolk Constabulary,1.251090,52.742886,On or near Churchill Close,E01026534,Broadland 004B,Violence and sexual offences,Action to be taken by another organisation,
,2020-02,Norfolk Constabulary,Norfolk Constabulary,1.241455,52.704334,On or near Millers Way,E01026535,Broadland 004C,Anti-social behaviour,,
682d94b1153b7087a90133645099ae7381f84252c7b9eb3e09e68efe16c30c19,2020-02,Norfolk Constabulary,Norfolk Constabulary,1.237253,52.708172,On or near Olive Crescent,E01026535,Broadland 004C,Criminal damage and arson,Awaiting court outcome,
8500f5de66d0e86bbfed04e0371f7d7ade584f4247ac006be0fda418a8b45a5d,2020-02,Norfolk Constabulary,Norfolk Constabulary,1.237253,52.708172,On or near Olive Crescent,E01026535,Broadland 004C,Public order,Unable to prosecute suspect,
beb0e5baab64a1fe14f6c0329ff22ea4b12bd811dc425a34d13b089665595eeb,2020-02,Norfolk Constabulary,Norfolk Constabulary,1.237927,52.707075,On or near Barrett-Lennard Road,E01026535,Broadland 004C,Robbery,Unable to prosecute suspect,
ccb5d1da70609c63b617200424d798618e61356a4ebd68743f73152dab23fc89,2020-02,Norfolk Constabulary,Norfolk Constabulary,1.237253,52.708172,On or near Olive Crescent,E01026535,Broadland 004C,Violence and sexual offences,Unable to prosecute suspect,
1fda160356d2d5f4b7f1b478ba25d10e2b593d25b8222d23882d9bf3a0b8d38c,2020-02,Norfolk Constabulary,Norfolk Constabulary,1.222596,52.731487,On or near Brick Kiln Road,E01026535,Broadland 004C,Violence and sexual offences,Action to be taken by another organisation,
21e705c174547b3014343c3164754d699f828fe319c91527c1cdd40c322cdd3e,2020-02,Norfolk Constabulary,Norfolk Constabulary,1.236105,52.700667,On or near Oatfield Close,E01026535,Broadland 004C,Violence and sexual offences,Unable to prosecute suspect,
,2020-02,Norfolk Constabulary,Norfolk Constabulary,1.256054,52.710490,On or near Green Lane,E01026536,Broadland 004D,Anti-social behaviour,,
c8110394edad136329339d568a119fd21ee72f95577a65847d5425bcf4800807,2020-02,Norfolk Constabulary,Norfolk Constabulary,1.241569,52.694088,On or near Howe Way,E01026536,Broadland 004D,Drugs,Court result unavailable,
bd28c4e46edf9f6f23d8a80c8bd802ff75e4a3fdebf3c5b86c12fc8fbff3ce5f,2020-02,Norfolk Constabulary,Norfolk Constabulary,1.258024,52.676728,On or near Sports/Recreation Area,E01026536,Broadland 004D,Other theft,Investigation complete; no suspect identified,
b67ced00afe03680ec4f4ed5a89331fe86063b5344acd3a1112e5c3203d19de9,2020-02,Norfolk Constabulary,Norfolk Constabulary,1.250352,52.691167,On or near Church Street,E01026536,Broadland 004D,Other theft,Investigation complete; no suspect identified,
8cdfe3c883551fd28d1f0dd4bb101a08b3daed86c7d4c0fae3870aa0c77821fa,2020-02,Norfolk Constabulary,Norfolk Constabulary,1.241569,52.694088,On or near Howe Way,E01026536,Broadland 004D,Other theft,Awaiting court outcome,
5181d61d0e4536d7de8c5962d202749b5f1953722d2790a95e07cff5e9f9dc23,2020-02,Norfolk Constabulary,Norfolk Constabulary,1.241569,52.694088,On or near Howe Way,E01026536,Broadland 004D,Violence and sexual offences,Formal action is not in the public interest,
,2020-02,Norfolk Constabulary,Norfolk Constabulary,1.237659,52.700049,On or near Primrose Way,E01026537,Broadland 004E,Anti-social behaviour,,
,2020-02,Norfolk Constabulary,Norfolk Constabulary,1.237579,52.701571,On or near Pond Road,E01026537,Broadland 004E,Anti-social behaviour,,
9f77ee2d5b4270ee237b55e3bf55ac57c8cac7616d8b314f6888ab7ea817ea07,2020-02,Norfolk Constabulary,Norfolk Constabulary,1.244757,52.696159,On or near Bracken Close,E01026537,Broadland 004E,Drugs,Formal action is not in the public interest,
8cbe0c3ffd04fa0e5373c0535b6b23187c51c15d2bebb490d409b68471eaf8cb,2020-02,Norfolk Constabulary,Norfolk Constabulary,1.240118,52.700279,On or near Poplar Close,E01026537,Broadland 004E,Violence and sexual offences,Unable to prosecute suspect,
8860163dbbea000b134ea79ac42466b3a3c6f2d037301c91410dfbaff69e7596,2020-02,Norfolk Constabulary,Norfolk Constabulary,1.240118,52.700279,On or near Poplar Close,E01026537,Broadland 004E,Violence and sexual offences,Unable to prosecute suspect,
6f59bdbb108232674537b3570c0024c89638385d42ba489a37618d8f94cbc1b6,2020-02,Norfolk Constabulary,Norfolk Constabulary,1.237636,52.700949,On or near Bulrush Close,E01026537,Broadland 004E,Violence and sexual offences,Unable to prosecute suspect,
,2020-02,Norfolk Constabulary,Norfolk Constabulary,1.281719,52.695149,On or near The Warren,E01026549,Broadland 005A,Anti-social behaviour,,
638bd10ef0bddb98262784dbc1d41f11aac6f51006da21f637536e163a9ff5e0,2020-02,Norfolk Constabulary,Norfolk Constabulary,1.290913,52.705983,On or near Fairholme Road,E01026549,Broadland 005A,Violence and sexual offences,Unable to prosecute suspect,
e3f18953a42aaff8e5d92900c857d6f0fa5ff919008fb4c8e6e57c8b66d42c9e,2020-02,Norfolk Constabulary,Norfolk Constabulary,1.281719,52.695149,On or near The Warren,E01026549,Broadland 005A,Violence and sexual offences,Unable to prosecute suspect,
b7716288b355a49c92f1b3f49634e834dd0f82708de7279fcfe7b849d8816ff1,2020-02,Norfolk Constabulary,Norfolk Constabulary,1.291226,52.708565,On or near Newton Road,E01026549,Broadland 005A,Violence and sexual offences,Unable to prosecute suspect,
f2d37abeaec17aefda1693b2f36d61e81cdc7e9fe245090974e8c4b0ba638f91,2020-02,Norfolk Constabulary,Norfolk Constabulary,1.333412,52.674585,On or near Beeston Lane,E01026550,Broadland 005B,Drugs,Offender given a drugs possession warning,
9d29b733344b512516bdd43711ca486fdd45854643c0e22397205ba4244af0e3,2020-02,Norfolk Constabulary,Norfolk Constabulary,1.316619,52.676154,On or near Beeston Lane,E01026550,Broadland 005B,Public order,Unable to prosecute suspect,
8fbd60b38f82a2df382bcf9038cc9a979f9e429652f160791475557efbea611e,2020-02,Norfolk Constabulary,Norfolk Constabulary,1.312626,52.687904,On or near Old Hall Lane,E01026550,Broadland 005B,Violence and sexual offences,Unable to prosecute suspect,
27c4783b2dcc4fdb8f9ec366f5ce6c5557535583b1639f5d7efbe0944236d6ef,2020-02,Norfolk Constabulary,Norfolk Constabulary,1.324268,52.692110,On or near Orchard Road,E01026550,Broadland 005B,Violence and sexual offences,Unable to prosecute suspect,
121c70080be02752ef03dc1556aad43fdf7371223a4046a16bb91ca7e52c4ba2,2020-02,Norfolk Constabulary,Norfolk Constabulary,1.328934,52.687095,On or near Bowling Green Close,E01026551,Broadland 005C,Criminal damage and arson,Unable to prosecute suspect,
4a7c3e8f492e6bc4f7df720f0c06de8ef9dec62cd9af2b8f678abe9b3f441aa7,2020-02,Norfolk Constabulary,Norfolk Constabulary,1.329374,52.685887,On or near Rosa Close,E01026551,Broadland 005C,Drugs,Court result unavailable,
1ccaf3d798e2a3e5c60e89d8a68964294de922046505dfc2c7063af9009c18d1,2020-02,Norfolk Constabulary,Norfolk Constabulary,1.328934,52.687095,On or near Bowling Green Close,E01026551,Broadland 005C,Violence and sexual offences,Unable to prosecute suspect,
b2eb74d5883ac960070ea2e7a99db30246f25f450f6ba573a45d24fbec56d52c,2020-02,Norfolk Constabulary,Norfolk Constabulary,1.325880,52.686840,On or near Marshall Close,E01026551,Broadland 005C,Violence and sexual offences,Action to be taken by another organisation,
d0868cc92d634ca5bc6e88d99198be2ca1a6a80fcf9a22a73147a3ac99d8811b,2020-02,Norfolk Constabulary,Norfolk Constabulary,1.328934,52.687095,On or near Bowling Green Close,E01026551,Broadland 005C,Violence and sexual offences,Unable to prosecute suspect,
a3ec04d989fbe1c7ed98154d1bca6de05c7bd8a920b59c609f76752c11b7860f,2020-02,Norfolk Constabulary,Norfolk Constabulary,1.321848,52.686557,On or near Sydney Road,E01026552,Broadland 005D,Criminal damage and arson,Investigation complete; no suspect identified,
3683614e3650d3b806c2644b9812cbb85e12e73265faff09afc7adbc21d3f1ae,2020-02,Norfolk Constabulary,Norfolk Constabulary,1.321848,52.686557,On or near Sydney Road,E01026552,Broadland 005D,Violence and sexual offences,Investigation complete; no suspect identified,
,2020-02,Norfolk Constabulary,Norfolk Constabulary,1.210799,52.681849,On or near Withy Way,E01026562,Broadland 006A,Anti-social behaviour,,
a13b44ed6c15dd851ae707b2207a961183ad0a2baf234f60613a509120479cf9,2020-02,Norfolk Constabulary,Norfolk Constabulary,1.208826,52.684403,On or near Uphalle,E01026562,Broadland 006A,Drugs,Action to be taken by another organisation,
3647a119c10993922b92fcae53efe24035d518598ab92f8e7992f57a35368b94,2020-02,Norfolk Constabulary,Norfolk Constabulary,1.206575,52.684383,On or near Haverscroft Close,E01026562,Broadland 006A,Violence and sexual offences,Unable to prosecute suspect,
847d92df624fa863bfbf9d772f38b0484d250b26c6bb94768bfbedaafdc41529,2020-02,Norfolk Constabulary,Norfolk Constabulary,1.206575,52.684383,On or near Haverscroft Close,E01026562,Broadland 006A,Violence and sexual offences,Unable to prosecute suspect,
4596ae07aa0d65d87f7e9ba4b0ffd5df401bbcb79b54f2a1002ced4b7a11312c,2020-02,Norfolk Constabulary,Norfolk Constabulary,1.210799,52.681849,On or near Withy Way,E01026562,Broadland 006A,Violence and sexual offences,Further action is not in the public interest,
c211e136c111dc3cd089f0933d57cbc2dcfd4a09d96c3553fdd8b8b52c462441,2020-02,Norfolk Constabulary,Norfolk Constabulary,1.210799,52.681849,On or near Withy Way,E01026562,Broadland 006A,Violence and sexual offences,Action to be taken by another organisation,
8a88dbf094caf408afce870e7161ad8e8aa59793390ef63608973b4cd1f4ebb8,2020-02,Norfolk Constabulary,Norfolk Constabulary,1.211219,52.682324,On or near Alder Way,E01026562,Broadland 006A,Violence and sexual offences,Unable to prosecute suspect,
0fc222b28128be708a9501533601510e176f086fc4a61437d480622b7eb9b967,2020-02,Norfolk Constabulary,Norfolk Constabulary,1.206575,52.684383,On or near Haverscroft Close,E01026562,Broadland 006A,Violence and sexual offences,Action to be taken by another organisation,
a6004704e8f57b7b231772d703d8b5fd67ec89b82ca0a022392c02697b3b8c5f,2020-02,Norfolk Constabulary,Norfolk Constabulary,1.210799,52.681849,On or near Withy Way,E01026562,Broadland 006A,Violence and sexual offences,Unable to prosecute suspect,
023a5e1703eb134d0b6b75242de11d793db5334a61c7cab2efe1b38d8d47b19b,2020-02,Norfolk Constabulary,Norfolk Constabulary,1.211219,52.682324,On or near Alder Way,E01026562,Broadland 006A,Violence and sexual offences,Status update unavailable,
fa521624511334fc720ed2e95b9c4c6b530a76ae99df757f047b2b79ed417888,2020-02,Norfolk Constabulary,Norfolk Constabulary,1.210799,52.681849,On or near Withy Way,E01026562,Broadland 006A,Violence and sexual offences,Further action is not in the public interest,
093a13b784ed1bc6ef4f4ba9da18768f444d66ea09b3ac32d3e67c3be4be5e1d,2020-02,Norfolk Constabulary,Norfolk Constabulary,1.206575,52.684383,On or near Haverscroft Close,E01026562,Broadland 006A,Other crime,Action to be taken by another organisation,
,2020-02,Norfolk Constabulary,Norfolk Constabulary,1.202581,52.689249,On or near Wylde Croft,E01026563,Broadland 006B,Anti-social behaviour,,
79703cff7e4e662416643b2073470f5753fb1d2995488b134f97c2ec6c9c135c,2020-02,Norfolk Constabulary,Norfolk Constabulary,1.202581,52.689249,On or near Wylde Croft,E01026563,Broadland 006B,Violence and sexual offences,Unable to prosecute suspect,
ca289b0ee857cdf7c9bbac61012229f0b75e0e12246c2b597039b1e390702588,2020-02,Norfolk Constabulary,Norfolk Constabulary,1.204347,52.688715,On or near Foregate Close,E01026563,Broadland 006B,Violence and sexual offences,Unable to prosecute suspect,
3904f741f93fdbad06bd3ea40e4d514d0da67f4e4bc34e1f41b825b506683cb2,2020-02,Norfolk Constabulary,Norfolk Constabulary,1.209884,52.689132,On or near Naber Furlong,E01026563,Broadland 006B,Violence and sexual offences,Unable to prosecute suspect,
6edbd042243a2e882ce1274efaa1a0518d39ca810e12c0c977d0f183eccbc7d7,2020-02,Norfolk Constabulary,Norfolk Constabulary,1.204347,52.688715,On or near Foregate Close,E01026563,Broadland 006B,Violence and sexual offences,Unable to prosecute suspect,
f520f4f5332b0eb0e405f4c7a87cc5192180a014beab9c2eb0eb723482a45c0b,2020-02,Norfolk Constabulary,Norfolk Constabulary,1.204347,52.688715,On or near Foregate Close,E01026563,Broadland 006B,Violence and sexual offences,Unable to prosecute suspect,
,2020-02,Norfolk Constabulary,Norfolk Constabulary,1.201130,52.690259,On or near Breck Farm Lane,E01026564,Broadland 006C,Anti-social behaviour,,
baa91f300e34831a909597701c57341a7ac168ad696eb191dd2bd49ce2c30bf4,2020-02,Norfolk Constabulary,Norfolk Constabulary,1.194527,52.689016,On or near Shillgate Way,E01026564,Broadland 006C,Criminal damage and arson,Unable to prosecute suspect,
b0f5948e58a80df95742b3000814e05488245eac4ad19174e22c8473867bfb6b,2020-02,Norfolk Constabulary,Norfolk Constabulary,1.198072,52.686484,On or near Supermarket,E01026564,Broadland 006C,Public order,Unable to prosecute suspect,
5c135b72724930d937f7ff53697899381b94e73ed26324b44f430c9a93443377,2020-02,Norfolk Constabulary,Norfolk Constabulary,1.197210,52.689277,On or near The Cains,E01026564,Broadland 006C,Vehicle crime,Investigation complete; no suspect identified,
5c14f9bfc77782928a78c8d5c9ddaa17441b6477306b3b2e7dc52b8dac979de2,2020-02,Norfolk Constabulary,Norfolk Constabulary,1.196664,52.687268,On or near Cedar Court,E01026564,Broadland 006C,Violence and sexual offences,Unable to prosecute suspect,
bfd41cf489c96fa5f75974eba7ae58cf856f705f08316f9d57ec15a252c85aa1,2020-02,Norfolk Constabulary,Norfolk Constabulary,1.195827,52.690393,On or near Hinks Close,E01026564,Broadland 006C,Violence and sexual offences,Unable to prosecute suspect,
33f26441ebb6ed8a9680fe300cf34b50d7206a4d7b925d506b89139983aa89c5,2020-02,Norfolk Constabulary,Norfolk Constabulary,1.207548,52.684725,On or near Cowdewell Mews,E01026565,Broadland 006D,Public order,Unable to prosecute suspect,
5570a83beb8e9d1eb49d9f33ac6f5701117b47fb960db1a8bad05acbf826d8ed,2020-02,Norfolk Constabulary,Norfolk Constabulary,1.207548,52.684725,On or near Cowdewell Mews,E01026565,Broadland 006D,Public order,Unable to prosecute suspect,
49ab017ad625e3693b36e70edf2b3d8727e60b616863bb634ec6dd08cfa5337a,2020-02,Norfolk Constabulary,Norfolk Constabulary,1.208644,52.684939,On or near Mokyll Croft,E01026565,Broadland 006D,Vehicle crime,Status update unavailable,
a0cd86bdbbf9bf7cb597f410b2604c6f3a1a1d59619a99691c98360b4bd0ae08,2020-02,Norfolk Constabulary,Norfolk Constabulary,1.203172,52.687218,On or near The Fallows,E01026565,Broadland 006D,Violence and sexual offences,Unable to prosecute suspect,
c1a7add8d0e670203bfb472c254748981448ec312be4c01342b8fe2c78c113b5,2020-02,Norfolk Constabulary,Norfolk Constabulary,1.206430,52.686231,On or near Nutwood Close,E01026565,Broadland 006D,Violence and sexual offences,Unable to prosecute suspect,
0437838ee39566669852c694dd1417a63e4ae660bdc55e65c29c22b97119f935,2020-02,Norfolk Constabulary,Norfolk Constabulary,1.208644,52.684939,On or near Mokyll Croft,E01026565,Broadland 006D,Violence and sexual offences,Unable to prosecute suspect,
45983cdd94230a61d5ca4b0a300df99a34e6e101185685e87b474be908fe7371,2020-02,Norfolk Constabulary,Norfolk Constabulary,1.203588,52.688052,On or near The Covey,E01026565,Broadland 006D,Violence and sexual offences,Unable to prosecute suspect,
,2020-02,Norfolk Constabulary,Norfolk Constabulary,1.194761,52.681681,On or near Parking Area,E01026566,Broadland 006E,Anti-social behaviour,,
,2020-02,Norfolk Constabulary,Norfolk Constabulary,1.192871,52.681938,On or near Sports/Recreation Area,E01026566,Broadland 006E,Anti-social behaviour,,
,2020-02,Norfolk Constabulary,Norfolk Constabulary,1.186890,52.679473,On or near Sports/Recreation Area,E01026566,Broadland 006E,Anti-social behaviour,,
9b50dfdfef9d3dc95303b9fe3807491d9269efe07aa0c2c2e12a8535f4e7ed89,2020-02,Norfolk Constabulary,Norfolk Constabulary,1.198764,52.681590,On or near St Edmund'S Road,E01026566,Broadland 006E,Burglary,Investigation complete; no suspect identified,
88de509bfef0568b38d37580a1a89f85b4b87ed4138889af9c9daaabc7f544bf,2020-02,Norfolk Constabulary,Norfolk Constabulary,1.192871,52.681938,On or near Sports/Recreation Area,E01026566,Broadland 006E,Violence and sexual offences,Action to be taken by another organisation,
4dc7f4ed920578a8b1bb1415bc5a68abb83c951a878bf5c68bdca8b0f5229633,2020-02,Norfolk Constabulary,Norfolk Constabulary,1.192871,52.681938,On or near Sports/Recreation Area,E01026566,Broadland 006E,Violence and sexual offences,Investigation complete; no suspect identified,
,2020-02,Norfolk Constabulary,Norfolk Constabulary,1.202865,52.680203,On or near Penn Close,E01026567,Broadland 006F,Anti-social behaviour,,
fcddd2510fd8a35ce815b1d70c98947aee9cf2f4b9ee56f0ee0dfc7b64e8643f,2020-02,Norfolk Constabulary,Norfolk Constabulary,1.199289,52.683699,On or near Springfield Road,E01026567,Broadland 006F,Violence and sexual offences,Unable to prosecute suspect,
7684734d2ab16db80c24383986ae49daf5cb7f1513ab323a0c24ecddc77a8ff8,2020-02,Norfolk Constabulary,Norfolk Constabulary,1.205381,52.677778,On or near Keats Road,E01026568,Broadland 006G,Public order,Unable to prosecute suspect,
c5583de7865bdb19ff50ca19edfb88390552260651942c146764b5a0b25323a7,2020-02,Norfolk Constabulary,Norfolk Constabulary,1.206451,52.677443,On or near Dryden Road,E01026568,Broadland 006G,Violence and sexual offences,Unable to prosecute suspect,
e6275e253cd51e2132b9d77a5068ddc858b0318c925ce0814f1f105b7f974a78,2020-02,Norfolk Constabulary,Norfolk Constabulary,1.218054,52.689738,On or near Long Dale,E01026518,Broadland 007A,Burglary,Investigation complete; no suspect identified,
6a675b3cb337f349b5b6946c50124fb57a11d0f285d17d2730688aedb7055036,2020-02,Norfolk Constabulary,Norfolk Constabulary,1.218276,52.690955,On or near Freshwater Way,E01026518,Broadland 007A,Criminal damage and arson,Investigation complete; no suspect identified,
c2169b30fce15be1c044354a5e9ae8487b0e05a09824d2f256ee8daf526d692f,2020-02,Norfolk Constabulary,Norfolk Constabulary,1.218276,52.690955,On or near Freshwater Way,E01026518,Broadland 007A,Criminal damage and arson,Investigation complete; no suspect identified,
0d899b2deeb4284164f063005ba0871b8e80305cde653783edc3edbced2353ba,2020-02,Norfolk Constabulary,Norfolk Constabulary,1.216816,52.692433,On or near Walsingham Drive,E01026518,Broadland 007A,Violence and sexual offences,Unable to prosecute suspect,
,2020-02,Norfolk Constabulary,Norfolk Constabulary,1.225703,52.679268,On or near Manor Farm Close,E01026519,Broadland 007B,Anti-social behaviour,,
9300a0265c08430f08dc2907c07e3cb3b5c0d024396b2c68df36d621319fb00a,2020-02,Norfolk Constabulary,Norfolk Constabulary,1.219685,52.685161,On or near Wheat Fields,E01026519,Broadland 007B,Burglary,Investigation complete; no suspect identified,
aed449cf85bc3f480f986585187943cd9445a3947756941ed8f6b8a177bb4ff6,2020-02,Norfolk Constabulary,Norfolk Constabulary,1.213592,52.687233,On or near Bishop Rise,E01026519,Broadland 007B,Violence and sexual offences,Status update unavailable,
8dfdc0ebed45403a11bb69a1cfb4260a3af9ecb156a09ddd607fa8e3e0232afa,2020-02,Norfolk Constabulary,Norfolk Constabulary,1.214398,52.687525,On or near Bramble Close,E01026519,Broadland 007B,Violence and sexual offences,Unable to prosecute suspect,
dfaacd3ed36f7600f982fd12765ea529d2d5d108f377a970b80abd221c798365,2020-02,Norfolk Constabulary,Norfolk Constabulary,1.220041,52.690394,On or near Brancaster Close,E01026519,Broadland 007B,Violence and sexual offences,Unable to prosecute suspect,
03265338bc32d8d858a68e900ba7fc1c34985ca04abab8042fe34c03042d23d2,2020-02,Norfolk Constabulary,Norfolk Constabulary,1.220041,52.690394,On or near Brancaster Close,E01026519,Broadland 007B,Violence and sexual offences,Unable to prosecute suspect,
0ff2764092ac436c7bfa2ef15dcc67ac322c2e3ec93a2c473b4ab3ae44565275,2020-02,Norfolk Constabulary,Norfolk Constabulary,1.213902,52.686208,On or near Suters Drive,E01026519,Broadland 007B,Violence and sexual offences,Unable to prosecute suspect,
1b52a0baaad26d1d3ccae35a6303e91b9cfc6eb3c9975d399a92b943036a4211,2020-02,Norfolk Constabulary,Norfolk Constabulary,1.243020,52.670143,On or near Howell Road,E01026520,Broadland 007C,Other crime,Action to be taken by another organisation,
29937317947e2dbcbcb917efba161eb933eabdd3066aaaff2bc5576ec6b2cd20,2020-02,Norfolk Constabulary,Norfolk Constabulary,1.215917,52.678194,On or near Shakespeare Way,E01026521,Broadland 007D,Violence and sexual offences,Unable to prosecute suspect,
bc5e2b1e268241bdca326c9d03e8b6bdd85ca2326846adefc1597c9e9036967f,2020-02,Norfolk Constabulary,Norfolk Constabulary,1.215917,52.678194,On or near Shakespeare Way,E01026521,Broadland 007D,Violence and sexual offences,Unable to prosecute suspect,
9610226f82fe7e30c5f291f3c8ab2c67a98b4eb57aed34d3352228e3d64bafb2,2020-02,Norfolk Constabulary,Norfolk Constabulary,1.215917,52.678194,On or near Shakespeare Way,E01026521,Broadland 007D,Violence and sexual offences,Unable to prosecute suspect,
1298b050c352cfb21d494c5f646cbe3cece5da524239916a9573c5cb86671948,2020-02,Norfolk Constabulary,Norfolk Constabulary,1.230474,52.675541,On or near Carter Road,E01026521,Broadland 007D,Violence and sexual offences,Court result unavailable,
597c1e25c780ef5d191d90062c7eb4d60a2f18d57b2dbfca81454a9fd1aebc79,2020-02,Norfolk Constabulary,Norfolk Constabulary,1.232919,52.676598,On or near Bone Road,E01026521,Broadland 007D,Violence and sexual offences,Court result unavailable,
229cb913c117d2acbd2aec37ca98ae27fb2109636cfee12fde641a958dbde0c3,2020-02,Norfolk Constabulary,Norfolk Constabulary,1.230474,52.675541,On or near Carter Road,E01026521,Broadland 007D,Violence and sexual offences,Court result unavailable,
8277bccfbd21a9fdeea1c46946ded41e1c340b41ebd47305fb8e90bdcc930e69,2020-02,Norfolk Constabulary,Norfolk Constabulary,1.215917,52.678194,On or near Shakespeare Way,E01026521,Broadland 007D,Violence and sexual offences,Unable to prosecute suspect,
5934c251b21c8d0e6c162061794ffa8975afd42a198a23642b138239cce9e565,2020-02,Norfolk Constabulary,Norfolk Constabulary,1.411603,52.646986,On or near Kevill Davis Drive,E01026545,Broadland 008A,Public order,Awaiting court outcome,
6a2431e1645711438bca8ffee424707f3d69806915157afff4bfcc158c68164c,2020-02,Norfolk Constabulary,Norfolk Constabulary,1.414437,52.658678,On or near Sandhole Lane,E01026545,Broadland 008A,Violence and sexual offences,Unable to prosecute suspect,
1ee396d90613f1f2bddae31f10887327278fd0ed14f5ebe9b163733e0d230875,2020-02,Norfolk Constabulary,Norfolk Constabulary,1.412975,52.645238,On or near Lakeland Close,E01026545,Broadland 008A,Violence and sexual offences,Court result unavailable,
4ea1c9896704439511d3ae6ead7c3bb127de3cc44327e63d6b3f8328d92fb84b,2020-02,Norfolk Constabulary,Norfolk Constabulary,1.412975,52.645238,On or near Lakeland Close,E01026545,Broadland 008A,Violence and sexual offences,Unable to prosecute suspect,
04ce277d09f0b367d2df62101500a3966adddb6de89d91ed596f27285936020a,2020-02,Norfolk Constabulary,Norfolk Constabulary,1.411603,52.646986,On or near Kevill Davis Drive,E01026545,Broadland 008A,Violence and sexual offences,Awaiting court outcome,
05f1b75d260896ca44faf42c39b2cba523d989841d966308ca5f73eadb4ff148,2020-02,Norfolk Constabulary,Norfolk Constabulary,1.414437,52.658678,On or near Sandhole Lane,E01026545,Broadland 008A,Violence and sexual offences,Unable to prosecute suspect,
eff3a8c88ff2efbb554c52d2f346c71106cd07d0ce06b6d07267409f2da554dc,2020-02,Norfolk Constabulary,Norfolk Constabulary,1.414437,52.658678,On or near Sandhole Lane,E01026545,Broadland 008A,Other crime,Action to be taken by another organisation,
76abba6d2278bd90cfe409b67b60a525165513ee7c149d24a8513195be90dcc5,2020-02,Norfolk Constabulary,Norfolk Constabulary,1.369594,52.665826,On or near Long'S Crescent,E01026578,Broadland 008C,Burglary,Investigation complete; no suspect identified,
1bc31c8730f773d30c13163f0e98f2330ee98ccbb60b914cacca37c9572af9cc,2020-02,Norfolk Constabulary,Norfolk Constabulary,1.368885,52.675056,On or near Sports/Recreation Area,E01026578,Broadland 008C,Criminal damage and arson,Unable to prosecute suspect,
39d98a9c62e19ebcd02dd9a613e6c956fb375f33290a5cac5edcb575bb4008f5,2020-02,Norfolk Constabulary,Norfolk Constabulary,1.368885,52.675056,On or near Sports/Recreation Area,E01026578,Broadland 008C,Criminal damage and arson,Investigation complete; no suspect identified,
4af657ab6dff5441d66aebe921e534285f44f1b8ec10ded9ee78fc0917d96598,2020-02,Norfolk Constabulary,Norfolk Constabulary,1.368885,52.675056,On or near Sports/Recreation Area,E01026578,Broadland 008C,Other theft,Unable to prosecute suspect,
d5da137e24040a4d8668a62814e3f0aa2fa8f87e59b06ec6096125305d5d2d46,2020-02,Norfolk Constabulary,Norfolk Constabulary,1.369871,52.665387,On or near Newman Road,E01026578,Broadland 008C,Other theft,Investigation complete; no suspect identified,
dc39224115c9ae6ce049d5622a04b99a4a4171e3e767c811cd04e65b6cd08ba3,2020-02,Norfolk Constabulary,Norfolk Constabulary,1.366562,52.677362,On or near Wroxham Road,E01026578,Broadland 008C,Public order,Investigation complete; no suspect identified,
7678b12435342ee7fda2fa1362db8889eb66f43451b9da2845a420d2d7db93b8,2020-02,Norfolk Constabulary,Norfolk Constabulary,1.382808,52.665288,On or near Eva Road,E01026578,Broadland 008C,Public order,Unable to prosecute suspect,
eb5f6cbf000e6d91b2eb3ba33cb7de00bb67a7f010a9d352ffcb3733f10cb3f6,2020-02,Norfolk Constabulary,Norfolk Constabulary,1.379905,52.659507,On or near Broad Lane,E01026578,Broadland 008C,Vehicle crime,Investigation complete; no suspect identified,
aea769e471145fa148e0f12fb80c47a7facfec3e469cf820348d2f4c59210603,2020-02,Norfolk Constabulary,Norfolk Constabulary,1.371833,52.684128,On or near Back Lane,E01026578,Broadland 008C,Violence and sexual offences,Unable to prosecute suspect,
e0b51b3842eefbc34929fee24f38aedf8d836f22ae3001a9bb18a496de5d79dd,2020-02,Norfolk Constabulary,Norfolk Constabulary,1.371833,52.684128,On or near Back Lane,E01026578,Broadland 008C,Violence and sexual offences,Unable to prosecute suspect,
73ad97d4d16b26f74af18e6750225c4ad90e3abee6704f7485d47682790ed8ed,2020-02,Norfolk Constabulary,Norfolk Constabulary,1.379383,52.663470,On or near Palmer Road,E01026578,Broadland 008C,Violence and sexual offences,Formal action is not in the public interest,
f132c0544863c0ea2614d1447eda925e1c108a3aa8bfbe84d9a97d02f7918b33,2020-02,Norfolk Constabulary,Norfolk Constabulary,1.379383,52.663470,On or near Palmer Road,E01026578,Broadland 008C,Violence and sexual offences,Unable to prosecute suspect,
df7079de580479e9c8c03ff05a28686e808cb773be9e38c832ec5eb2798cd839,2020-02,Norfolk Constabulary,Norfolk Constabulary,1.379383,52.663470,On or near Palmer Road,E01026578,Broadland 008C,Violence and sexual offences,Unable to prosecute suspect,
a2848d06d4576d424da4878f738d02c13b47d826ca3ab6ccd9cb77228204638e,2020-02,Norfolk Constabulary,Norfolk Constabulary,1.380724,52.664934,On or near Craske Drive,E01026578,Broadland 008C,Violence and sexual offences,Unable to prosecute suspect,
a3026e6a0fdacffb325cf783248e8d69147d07501ceb599d3c75c7039aed0b13,2020-02,Norfolk Constabulary,Norfolk Constabulary,1.375234,52.673733,On or near Earl Road,E01026578,Broadland 008C,Violence and sexual offences,Unable to prosecute suspect,
f1bd4b19ce1a0220d5b446f5aec1d8cacc80ed2ee6821fa727174fb415f33f4a,2020-02,Norfolk Constabulary,Norfolk Constabulary,1.375234,52.673733,On or near Earl Road,E01026578,Broadland 008C,Violence and sexual offences,Unable to prosecute suspect,
20f0d78785ec7d661165fd59efeea30f05986c19fddf6aca632919d05f5b2a71,2020-02,Norfolk Constabulary,Norfolk Constabulary,1.379383,52.663470,On or near Palmer Road,E01026578,Broadland 008C,Violence and sexual offences,Unable to prosecute suspect,
341496b31a1d65085eb3e17febb2429880e700d8e23939ef5e69276b47012756,2020-02,Norfolk Constabulary,Norfolk Constabulary,1.379383,52.663470,On or near Palmer Road,E01026578,Broadland 008C,Violence and sexual offences,Unable to prosecute suspect,
,2020-02,Norfolk Constabulary,Norfolk Constabulary,1.426324,52.682222,On or near Mill Hill,E01026579,Broadland 008D,Anti-social behaviour,,
8ce82d412c01dc654ed5140090118028745dfa00c1def334cf9fb3b5b8869e4a,2020-02,Norfolk Constabulary,Norfolk Constabulary,1.390800,52.672218,On or near Wood Green,E01026579,Broadland 008D,Vehicle crime,Investigation complete; no suspect identified,
464d6732220c59e9f23347d84aee37db0ca9f034ac2cf73c21521f5758e519d6,2020-02,Norfolk Constabulary,Norfolk Constabulary,1.391680,52.673263,On or near Truman Close,E01026579,Broadland 008D,Violence and sexual offences,Formal action is not in the public interest,
b4d65fecfbbdfc6d835e21bd3b2e3f1deb8ca636213e403686f20e3da6caa9ed,2020-02,Norfolk Constabulary,Norfolk Constabulary,1.399330,52.703344,On or near Castle Street,E01026580,Broadland 008E,Burglary,Investigation complete; no suspect identified,
26f6620b16f9cf388c80bc8b7d864a77db22fdc114faa85c20dfbabcce444e88,2020-02,Norfolk Constabulary,Norfolk Constabulary,1.399715,52.700689,On or near Keys Drive,E01026580,Broadland 008E,Public order,Investigation complete; no suspect identified,
d85550527cc66cc14bf6b8863f5989d8355e5b1fd91ff1f558b919bc89f94590,2020-02,Norfolk Constabulary,Norfolk Constabulary,1.407490,52.704890,On or near Charles Close,E01026580,Broadland 008E,Vehicle crime,Investigation complete; no suspect identified,
36d7e241749e9a836c5b654675f5b6958e95e76457abb5c005ab2e3dc3cd94a3,2020-02,Norfolk Constabulary,Norfolk Constabulary,1.409353,52.701815,On or near The Avenue,E01026580,Broadland 008E,Vehicle crime,Investigation complete; no suspect identified,
a79d8c9d8c8bb0485e95a7a420061f544e844a5156f755702498cab035e63632,2020-02,Norfolk Constabulary,Norfolk Constabulary,1.407490,52.704890,On or near Charles Close,E01026580,Broadland 008E,Vehicle crime,Investigation complete; no suspect identified,
66fef8b298bf22c8335b81ba80256972f648d55b4fc89b7fa187abbc7231b77a,2020-02,Norfolk Constabulary,Norfolk Constabulary,1.399715,52.700689,On or near Keys Drive,E01026580,Broadland 008E,Violence and sexual offences,Status update unavailable,
04811a5e3af7dd39006221e69ca651176adf0d9f518b73c4a3a67ed1b28ad1d5,2020-02,Norfolk Constabulary,Norfolk Constabulary,1.401027,52.702702,On or near Park Road,E01026580,Broadland 008E,Violence and sexual offences,Unable to prosecute suspect,
d4c6bc8f27d1487df726ccb9adc42f70f4c875b47c71a59902959382abb94b5d,2020-02,Norfolk Constabulary,Norfolk Constabulary,1.405453,52.707827,On or near Staitheway Road,E01026580,Broadland 008E,Violence and sexual offences,Offender given a caution,
b56d360fe7d165afaab0314a2326eb62a16f398f0301cbba66d70d805744edd4,2020-02,Norfolk Constabulary,Norfolk Constabulary,1.305292,52.668224,On or near The Paddocks,E01026540,Broadland 009A,Criminal damage and arson,Status update unavailable,
eb2d45165fb829542db59d2fe5aaf250b6cf377263436435240324806e47668f,2020-02,Norfolk Constabulary,Norfolk Constabulary,1.305292,52.668224,On or near The Paddocks,E01026540,Broadland 009A,Criminal damage and arson,Investigation complete; no suspect identified,
4fc44671facbe3b30afb2a43ad72fb1d898c3ac405cbb6288c5eda8dd030ffc7,2020-02,Norfolk Constabulary,Norfolk Constabulary,1.298604,52.665064,On or near Players Way,E01026540,Broadland 009A,Public order,Unable to prosecute suspect,
d4cf14aa193b0db0454bf1f20b15afc8d7134a261b9112bce1de3bc1ad218d04,2020-02,Norfolk Constabulary,Norfolk Constabulary,1.305292,52.668224,On or near The Paddocks,E01026540,Broadland 009A,Shoplifting,Action to be taken by another organisation,
c8a426d5184b4ed7eec246f44a8e39c77059e890874243f452e02ed1ddcc21a8,2020-02,Norfolk Constabulary,Norfolk Constabulary,1.305292,52.668224,On or near The Paddocks,E01026540,Broadland 009A,Shoplifting,Court result unavailable,
6988da3118f504d429372c6db33466bd3a2238483f27100ef3bada9b909a4789,2020-02,Norfolk Constabulary,Norfolk Constabulary,1.305292,52.668224,On or near The Paddocks,E01026540,Broadland 009A,Shoplifting,Investigation complete; no suspect identified,
217d6e1490c2cd3fd27c45e2ca05c000a8e5e9d250ccecec4e1787fc1b5a10ed,2020-02,Norfolk Constabulary,Norfolk Constabulary,1.305292,52.668224,On or near The Paddocks,E01026540,Broadland 009A,Shoplifting,Court result unavailable,
b63e5a634e96e668291a181e56469975cb4eb3e337f5e2a9270a8df876862cd7,2020-02,Norfolk Constabulary,Norfolk Constabulary,1.305292,52.668224,On or near The Paddocks,E01026540,Broadland 009A,Shoplifting,Court result unavailable,
c421f8b5c7ffce85a644e03b0ce1cad93d5b5d3732b9d240672b008ef9546078,2020-02,Norfolk Constabulary,Norfolk Constabulary,1.305292,52.668224,On or near The Paddocks,E01026540,Broadland 009A,Shoplifting,Investigation complete; no suspect identified,
,2020-02,Norfolk Constabulary,Norfolk Constabulary,1.313658,52.666164,On or near White Woman Lane,E01026541,Broadland 009B,Anti-social behaviour,,
290917b4b4c0bd59e820167ce48ea1b935e9e64c842fd6d2cc9949cb8713f015,2020-02,Norfolk Constabulary,Norfolk Constabulary,1.315568,52.664429,On or near Archer Close,E01026541,Broadland 009B,Burglary,Investigation complete; no suspect identified,
cf647030db107363df22fd619e1a315328be36d8fede25beba798fa28a316efb,2020-02,Norfolk Constabulary,Norfolk Constabulary,1.309816,52.663295,On or near Rayns Close,E01026541,Broadland 009B,Criminal damage and arson,Unable to prosecute suspect,
aa1c118274e772c1124be42b0502c15d00fc1651e34341861290c3cdd71b4a02,2020-02,Norfolk Constabulary,Norfolk Constabulary,1.313354,52.667234,On or near Mountbatten Drive,E01026541,Broadland 009B,Criminal damage and arson,Unable to prosecute suspect,
a399405ad83c10be6329dfe307cfe929dc1057e3d5a7064cc5ade40eebbaf69f,2020-02,Norfolk Constabulary,Norfolk Constabulary,1.310169,52.662673,On or near Lowry Cole Road,E01026541,Broadland 009B,Drugs,Court result unavailable,
2cec75b4c7bb078dfaf69debf64c219ca66b3f05218e3093923b687486d03f5d,2020-02,Norfolk Constabulary,Norfolk Constabulary,1.316610,52.666666,On or near Windsor Park Gardens,E01026541,Broadland 009B,Vehicle crime,Investigation complete; no suspect identified,
372617dd9dd3d6906842bb2064fe7359eaff8da34ebc5460016094f6a0da4ae8,2020-02,Norfolk Constabulary,Norfolk Constabulary,1.309837,52.668258,On or near Dunwood Drive,E01026541,Broadland 009B,Violence and sexual offences,Unable to prosecute suspect,
96af096209c6518fce14e3853ff39c70523057b09b5fca4926417fc3fd064342,2020-02,Norfolk Constabulary,Norfolk Constabulary,1.316610,52.666666,On or near Windsor Park Gardens,E01026541,Broadland 009B,Violence and sexual offences,Unable to prosecute suspect,
6d0e56f3830da105e994323e7f486cd3936afdc7306b3fbf2bedaa2935e66383,2020-02,Norfolk Constabulary,Norfolk Constabulary,1.309816,52.663295,On or near Rayns Close,E01026541,Broadland 009B,Violence and sexual offences,Unable to prosecute suspect,
70facc3080606b7fcdd683544d845dcb153d01b65fe8f5b19f3b2b65fcde020b,2020-02,Norfolk Constabulary,Norfolk Constabulary,1.309170,52.667270,On or near Desmond Drive,E01026541,Broadland 009B,Violence and sexual offences,Unable to prosecute suspect,
f69369728a4b93c750c1805fdebd062cafff8803cf856a51fa7726098563f493,2020-02,Norfolk Constabulary,Norfolk Constabulary,1.313658,52.666164,On or near White Woman Lane,E01026541,Broadland 009B,Violence and sexual offences,Unable to prosecute suspect,
c0f7a8e4f52d319284bc03a78cea36024630fc149bf2fdf17376d7cb2b76241f,2020-02,Norfolk Constabulary,Norfolk Constabulary,1.308600,52.666189,On or near Lovett Close,E01026542,Broadland 009C,Burglary,Investigation complete; no suspect identified,
19679cf09ffea0933a5f41ba84bc8fbfae25bd70519712f95f455ae301fb7644,2020-02,Norfolk Constabulary,Norfolk Constabulary,1.306548,52.667613,On or near Three Corner Drive,E01026542,Broadland 009C,Public order,Investigation complete; no suspect identified,
,2020-02,Norfolk Constabulary,Norfolk Constabulary,1.306092,52.657076,On or near North Walsham Road,E01026543,Broadland 009D,Anti-social behaviour,,
0acaae051570bf7f1593ae1c434d3cae95fa90d1568a18f63c5c3cb57d10a553,2020-02,Norfolk Constabulary,Norfolk Constabulary,1.296810,52.661868,On or near Parkside Drive,E01026543,Broadland 009D,Criminal damage and arson,Investigation complete; no suspect identified,
8be9766bd555253b0e323a0ea18d7d7f4a3b1898c1d2ca730543425ba6eedf1b,2020-02,Norfolk Constabulary,Norfolk Constabulary,1.294767,52.669119,On or near Lodge Farm Drive,E01026544,Broadland 009E,Violence and sexual offences,Unable to prosecute suspect,
f6a762367a62feb788ffef0db6a5da572107981782b452dba0cc6c1f49aaa6d0,2020-02,Norfolk Constabulary,Norfolk Constabulary,1.294767,52.669119,On or near Lodge Farm Drive,E01026544,Broadland 009E,Violence and sexual offences,Unable to prosecute suspect,
,2020-02,Norfolk Constabulary,Norfolk Constabulary,1.257822,52.670843,On or near Cottinghams Drive,E01026526,Broadland 010A,Anti-social behaviour,,
13130e2ec47266aec56fd0b84a1bdb5c85732c5847d0840a5b32895cb16f43c9,2020-02,Norfolk Constabulary,Norfolk Constabulary,1.263363,52.665196,On or near Supermarket,E01026527,Broadland 010B,Public order,Unable to prosecute suspect,
cabdecb0517ed9af128a2825462f8796db264256dcb2127b64e13fe25ecfd004,2020-02,Norfolk Constabulary,Norfolk Constabulary,1.255654,52.663573,On or near Fastolf Close,E01026527,Broadland 010B,Violence and sexual offences,Unable to prosecute suspect,
,2020-02,Norfolk Constabulary,Norfolk Constabulary,1.255667,52.668123,On or near Sylvan Close,E01026528,Broadland 010C,Anti-social behaviour,,
3dcfb2d26c5a4ce03c4478805ce4599195c9d5485a178ecd5b3041d0d1b86cfb,2020-02,Norfolk Constabulary,Norfolk Constabulary,1.253088,52.665271,On or near Plantation Road,E01026528,Broadland 010C,Violence and sexual offences,Unable to prosecute suspect,
3a58a4460f77e6bd48626934f22554630689035f6cd36a14581a10bbecaf7dad,2020-02,Norfolk Constabulary,Norfolk Constabulary,1.253214,52.664387,On or near Park Way,E01026528,Broadland 010C,Violence and sexual offences,Unable to prosecute suspect,
e3c2e22d37ccfc2d186ab2aa6b5ad1acdcf133648cd230864435f4e224536c73,2020-02,Norfolk Constabulary,Norfolk Constabulary,1.257207,52.652837,On or near Hellesdon Park Road,E01026529,Broadland 010D,Burglary,Unable to prosecute suspect,
5a0f2806a164e3db6cbc5bb9cb6206d34af3217e03d8a79b9aa71dbc0131d589,2020-02,Norfolk Constabulary,Norfolk Constabulary,1.256068,52.651438,On or near Alston Road,E01026529,Broadland 010D,Burglary,Unable to prosecute suspect,
16ea2500053836be3616a081f22ee08cba6f245a7a7944be3975d1ab911c0bc7,2020-02,Norfolk Constabulary,Norfolk Constabulary,1.250923,52.657839,On or near Sports/Recreation Area,E01026529,Broadland 010D,Criminal damage and arson,Awaiting court outcome,
5a67fbe2014679271bc1f47345d1ad54317b0d931f48b4e5fb90dc69388adaf9,2020-02,Norfolk Constabulary,Norfolk Constabulary,1.250923,52.657839,On or near Sports/Recreation Area,E01026529,Broadland 010D,Criminal damage and arson,Awaiting court outcome,
c3ae5397ef67919eae514daf33c9754ccad73f4cbcd93c88f58a2f7c14c40598,2020-02,Norfolk Constabulary,Norfolk Constabulary,1.250923,52.657839,On or near Sports/Recreation Area,E01026529,Broadland 010D,Criminal damage and arson,Unable to prosecute suspect,
55a16b634066fa32f55f5b653ebd81b58030e0cda902d4cc06cb82426e35e614,2020-02,Norfolk Constabulary,Norfolk Constabulary,1.250923,52.657839,On or near Sports/Recreation Area,E01026529,Broadland 010D,Criminal damage and arson,Unable to prosecute suspect,
2730973f1f90f8cb887725ce13bbccc5eecf7fd89869194926e4ebd9c6666602,2020-02,Norfolk Constabulary,Norfolk Constabulary,1.250923,52.657839,On or near Sports/Recreation Area,E01026529,Broadland 010D,Criminal damage and arson,Offender given a caution,
54f46d8ffe02be1a29509d0a79afbff8360afe6fe60b9aba0361923670f1456e,2020-02,Norfolk Constabulary,Norfolk Constabulary,1.250923,52.657839,On or near Sports/Recreation Area,E01026529,Broadland 010D,Criminal damage and arson,Unable to prosecute suspect,
a2d27d74e75c6dc117eb3eb3842935f9473676036639f0ff0089a52db0e5c70f,2020-02,Norfolk Constabulary,Norfolk Constabulary,1.256068,52.651438,On or near Alston Road,E01026529,Broadland 010D,Other theft,Status update unavailable,
ee70c8e98542ef9ce6b27d28f1f6f0b59b4d065895cf454141cfbe00ba9b766e,2020-02,Norfolk Constabulary,Norfolk Constabulary,1.256894,52.662352,On or near Nursery Close,E01026529,Broadland 010D,Violence and sexual offences,Unable to prosecute suspect,
d3b57e507404abbffbe9740a1437f69e5b9917215208263d6e34c241bce8dba5,2020-02,Norfolk Constabulary,Norfolk Constabulary,1.250923,52.657839,On or near Sports/Recreation Area,E01026529,Broadland 010D,Violence and sexual offences,Unable to prosecute suspect,
eca56bc85c38b8243b58b1ceef0ecc76fe0d73162cbbfb9d046398813c4e8d03,2020-02,Norfolk Constabulary,Norfolk Constabulary,1.250923,52.657839,On or near Sports/Recreation Area,E01026529,Broadland 010D,Violence and sexual offences,Unable to prosecute suspect,
b25e6eb049051426fe197cd8c0e63cbbd19d73a7c339bded7e8dba946f5f6c74,2020-02,Norfolk Constabulary,Norfolk Constabulary,1.251477,52.662510,On or near Hamond Road,E01026529,Broadland 010D,Violence and sexual offences,Unable to prosecute suspect,
62aa81833e4f19eafba9aa320f1bdd48f627e0f2084501d2a161167f5b617554,2020-02,Norfolk Constabulary,Norfolk Constabulary,1.251477,52.662510,On or near Hamond Road,E01026529,Broadland 010D,Violence and sexual offences,Unable to prosecute suspect,
b11843d6b7d3f78be837b9206ce430555868ee3be1bad498a48814a655da0e24,2020-02,Norfolk Constabulary,Norfolk Constabulary,1.249703,52.650957,On or near Princess Beatrice Close,E01026529,Broadland 010D,Violence and sexual offences,Unable to prosecute suspect,
7b294bfc1a3aced39a7597017da55ecef52c20a870343d71aa18646a79d64901,2020-02,Norfolk Constabulary,Norfolk Constabulary,1.250923,52.657839,On or near Sports/Recreation Area,E01026529,Broadland 010D,Violence and sexual offences,Unable to prosecute suspect,
8e95758afad6ed94b84bc8cb33e89eb3d79331bad10051d83da20ae68d8629f3,2020-02,Norfolk Constabulary,Norfolk Constabulary,1.251477,52.662510,On or near Hamond Road,E01026529,Broadland 010D,Violence and sexual offences,Unable to prosecute suspect,
8d2e7795206ac47b216de15aacdc0dcfc98acb6686f04f21fbca00a2eea83d03,2020-02,Norfolk Constabulary,Norfolk Constabulary,1.250923,52.657839,On or near Sports/Recreation Area,E01026529,Broadland 010D,Violence and sexual offences,Local resolution,
07e0f6abb6bd665c712ff88f5b6fd2043c766a0aae48570b7e062338d694d1d0,2020-02,Norfolk Constabulary,Norfolk Constabulary,1.251477,52.662510,On or near Hamond Road,E01026529,Broadland 010D,Violence and sexual offences,Unable to prosecute suspect,
7d0a7c8707c58ca4ff2b2e58fc8626afc01f1dc54369486f82f654924eb54da5,2020-02,Norfolk Constabulary,Norfolk Constabulary,1.250923,52.657839,On or near Sports/Recreation Area,E01026529,Broadland 010D,Violence and sexual offences,Unable to prosecute suspect,
a9b5d1e5d12fcc98c80a298409bd842282bb0e692105aad5d60980db1a85f113,2020-02,Norfolk Constabulary,Norfolk Constabulary,1.250923,52.657839,On or near Sports/Recreation Area,E01026529,Broadland 010D,Violence and sexual offences,Unable to prosecute suspect,
4c13ea8127acc88858374c9669811650b8351e8450dd17a4cf0876e68d3d8556,2020-02,Norfolk Constabulary,Norfolk Constabulary,1.250923,52.657839,On or near Sports/Recreation Area,E01026529,Broadland 010D,Violence and sexual offences,Awaiting court outcome,
59ccaae10fe7130c23b087c5ae471467cbeeffdf23782f7765bfbdd5dd4636e7,2020-02,Norfolk Constabulary,Norfolk Constabulary,1.250923,52.657839,On or near Sports/Recreation Area,E01026529,Broadland 010D,Violence and sexual offences,Unable to prosecute suspect,
bf955cc831e149c19be2a25e3d13f86e89089d275a8f0294b5e765e5ed595555,2020-02,Norfolk Constabulary,Norfolk Constabulary,1.250923,52.657839,On or near Sports/Recreation Area,E01026529,Broadland 010D,Violence and sexual offences,Offender given a caution,
330607629d56aa9a7fce57be76d3b584fd0111092b8cd006e5b934e6c479db77,2020-02,Norfolk Constabulary,Norfolk Constabulary,1.250923,52.657839,On or near Sports/Recreation Area,E01026529,Broadland 010D,Violence and sexual offences,Unable to prosecute suspect,
1f9576a5eed204b5a4229dda063294fb01e1b7bd6b7698d5f089700024c39f62,2020-02,Norfolk Constabulary,Norfolk Constabulary,1.250923,52.657839,On or near Sports/Recreation Area,E01026529,Broadland 010D,Violence and sexual offences,Unable to prosecute suspect,
05ca4955fb5441567ad4ae639986865204e3d1ea6940e2d1d55606bb1a818881,2020-02,Norfolk Constabulary,Norfolk Constabulary,1.256894,52.662352,On or near Nursery Close,E01026529,Broadland 010D,Violence and sexual offences,Unable to prosecute suspect,
10e2955d3d1f41bc7c133547e07f76e972e348e0d7b7630b4010ef3d9a4db0ac,2020-02,Norfolk Constabulary,Norfolk Constabulary,1.277195,52.658887,On or near Eversley Road,E01026530,Broadland 011A,Criminal damage and arson,Investigation complete; no suspect identified,
cfaa7e1497345ba8d321ef1bfce54c0c622b29150d64d9fb7c280f2a7fa9dda8,2020-02,Norfolk Constabulary,Norfolk Constabulary,1.277263,52.660783,On or near Waldemar Avenue,E01026530,Broadland 011A,Criminal damage and arson,Local resolution,
25bd160d8339cf1d7bf9ac1793762fc75cb3cfe21e2b760429207a58f29bcf35,2020-02,Norfolk Constabulary,Norfolk Constabulary,1.282713,52.658311,On or near Jupiter Road,E01026530,Broadland 011A,Shoplifting,Investigation complete; no suspect identified,
361858a7ebabd0c5f92d47da54bbc1408073ffa151dfe4eaad6cdb0392d21330,2020-02,Norfolk Constabulary,Norfolk Constabulary,1.277195,52.658887,On or near Eversley Road,E01026530,Broadland 011A,Violence and sexual offences,Unable to prosecute suspect,
3a97430a0975cb4fbc28e2782c4e75bb004dd54b04d7f8b30fcf4e067b7b4396,2020-02,Norfolk Constabulary,Norfolk Constabulary,1.280629,52.657344,On or near Mile Cross Lane,E01026530,Broadland 011A,Violence and sexual offences,Unable to prosecute suspect,
c7309e0fab4d58355a63a904ff27baa12a326f357f62a29aa4b40523fb22474c,2020-02,Norfolk Constabulary,Norfolk Constabulary,1.272312,52.661036,On or near Gorse Avenue,E01026530,Broadland 011A,Violence and sexual offences,Unable to prosecute suspect,
ac1879990be3ad77075250e45c841d8d311cc67f1f3d48b4fc0252ac9ab58844,2020-02,Norfolk Constabulary,Norfolk Constabulary,1.275745,52.661049,On or near Waldemar Park,E01026530,Broadland 011A,Violence and sexual offences,Unable to prosecute suspect,
,2020-02,Norfolk Constabulary,Norfolk Constabulary,1.268874,52.656194,On or near Coronation Road,E01026531,Broadland 011B,Anti-social behaviour,,
a60e88514113064250a46d37673a5d3713c275cc04d8fb83067be9af330435ad,2020-02,Norfolk Constabulary,Norfolk Constabulary,1.264012,52.661005,On or near Links Avenue,E01026531,Broadland 011B,Criminal damage and arson,Unable to prosecute suspect,
a3c01b92d1c5858760ae24646e986b048a62bca337b66aea962298e46bc69d8e,2020-02,Norfolk Constabulary,Norfolk Constabulary,1.264794,52.653249,On or near Petrol Station,E01026531,Broadland 011B,Other theft,Investigation complete; no suspect identified,
ae827ae5b2a75bb41d44f4e76b3ba0f3e5573ab666c13a443b20ef252e6656e9,2020-02,Norfolk Constabulary,Norfolk Constabulary,1.265540,52.653723,On or near Woods Close,E01026531,Broadland 011B,Other theft,Investigation complete; no suspect identified,
11d3aab617ea81d79a1074dcf08b6ae57c89cc17479a8eb75b156094810cb042,2020-02,Norfolk Constabulary,Norfolk Constabulary,1.264794,52.653249,On or near Petrol Station,E01026531,Broadland 011B,Public order,Unable to prosecute suspect,
715c1ef0874160c174c1ce969ded1364f18f5447fd2f369bf49621f7804ad3a9,2020-02,Norfolk Constabulary,Norfolk Constabulary,1.265540,52.653723,On or near Woods Close,E01026531,Broadland 011B,Public order,Unable to prosecute suspect,
c0bf3edc078e7cc36ca5a867282ee71c2ebc7756bee2617aa1902717957ecb2a,2020-02,Norfolk Constabulary,Norfolk Constabulary,1.268874,52.656194,On or near Coronation Road,E01026531,Broadland 011B,Shoplifting,Investigation complete; no suspect identified,
,2020-02,Norfolk Constabulary,Norfolk Constabulary,1.271266,52.664258,On or near St Pauls Close,E01026532,Broadland 011C,Anti-social behaviour,,
,2020-02,Norfolk Constabulary,Norfolk Constabulary,1.253615,52.659024,On or near Drayton High Road,E01026532,Broadland 011C,Anti-social behaviour,,
78d690c116a5cd824a704bde145e9099599cb605a0869a5389bb387d87924bb5,2020-02,Norfolk Constabulary,Norfolk Constabulary,1.259238,52.661244,On or near Kinsale Avenue,E01026532,Broadland 011C,Burglary,Investigation complete; no suspect identified,
9332fdc0b9bc40129a5565dcd843552309e66aaab25a926a8a17d6999d3c77e6,2020-02,Norfolk Constabulary,Norfolk Constabulary,1.271266,52.664258,On or near St Pauls Close,E01026532,Broadland 011C,Other theft,Investigation complete; no suspect identified,
acc511548d85a533bbb84a952b9dcad93b1505132282f09cb77fc719a83315a3,2020-02,Norfolk Constabulary,Norfolk Constabulary,1.271266,52.664258,On or near St Pauls Close,E01026532,Broadland 011C,Public order,Unable to prosecute suspect,
59f9dccebc5399c1265bc1594f0f2ac7a358267e795a04864daeafbd5e5c9723,2020-02,Norfolk Constabulary,Norfolk Constabulary,1.269628,52.664510,On or near Meadow Close,E01026532,Broadland 011C,Vehicle crime,Investigation complete; no suspect identified,
8f1a81cb3659a6d257d5ed16c01789961f7b1655f0e7c0349129e36d0dbb5f26,2020-02,Norfolk Constabulary,Norfolk Constabulary,1.254810,52.659189,On or near Ferndale Close,E01026532,Broadland 011C,Violence and sexual offences,Unable to prosecute suspect,
e6b8f0f30899a32a94c24f2aca5473bf6d404e318305ce189804ed022bb8f8cf,2020-02,Norfolk Constabulary,Norfolk Constabulary,1.271266,52.664258,On or near St Pauls Close,E01026532,Broadland 011C,Violence and sexual offences,Investigation complete; no suspect identified,
b9f81049cf75c6fa6c7474d09bbc63a63dec50e187dae040e6cbbbc6d6f02eeb,2020-02,Norfolk Constabulary,Norfolk Constabulary,1.265068,52.663665,On or near Reepham Road,E01026532,Broadland 011C,Violence and sexual offences,Action to be taken by another organisation,
017a0aae17894e093dc32e0e66adb4a6a5e99b5c6be488275c3a8e8fe1cb9d71,2020-02,Norfolk Constabulary,Norfolk Constabulary,1.270964,52.662396,On or near Broom Avenue,E01026532,Broadland 011C,Violence and sexual offences,Unable to prosecute suspect,
d5b14a3a4bedc645c0bf3470283d78aaf31fec9654d42896abaea955eab443a0,2020-02,Norfolk Constabulary,Norfolk Constabulary,1.254810,52.659189,On or near Ferndale Close,E01026532,Broadland 011C,Violence and sexual offences,Unable to prosecute suspect,
ef301504911e3a9907a67831a9bd88ee9eed2c18cdd223129e320974aa4e4899,2020-02,Norfolk Constabulary,Norfolk Constabulary,1.254810,52.659189,On or near Ferndale Close,E01026532,Broadland 011C,Violence and sexual offences,Unable to prosecute suspect,
973f08833b735ec78cb686335400efc1eff2f71723304f8570aa3117d1edb20f,2020-02,Norfolk Constabulary,Norfolk Constabulary,1.318147,52.660597,On or near Rushmore Close,E01026553,Broadland 012A,Violence and sexual offences,Unable to prosecute suspect,
,2020-02,Norfolk Constabulary,Norfolk Constabulary,1.317476,52.655256,On or near Sprowston Police Station,E01026555,Broadland 012C,Anti-social behaviour,,
,2020-02,Norfolk Constabulary,Norfolk Constabulary,1.317476,52.655256,On or near Sprowston Police Station,E01026555,Broadland 012C,Anti-social behaviour,,
9454742ed0279703e28ad79c7ede59636fc7c386ef7e795a157e4d7b72c56450,2020-02,Norfolk Constabulary,Norfolk Constabulary,1.317476,52.655256,On or near Sprowston Police Station,E01026555,Broadland 012C,Other theft,Unable to prosecute suspect,
ce55c107def79747bf9f8164439d5ebed9aef45939f1fc76e952f043c0472945,2020-02,Norfolk Constabulary,Norfolk Constabulary,1.315276,52.655497,On or near Allen'S Avenue,E01026555,Broadland 012C,Public order,Investigation complete; no suspect identified,
1dbb1fcc2e1fbf92efeeb7d2d86a253070591df956ef00222e3b557b1ade77fb,2020-02,Norfolk Constabulary,Norfolk Constabulary,1.312944,52.661822,On or near Petrol Station,E01026555,Broadland 012C,Violence and sexual offences,Unable to prosecute suspect,
94419c78adf5936eaac54e9b4d4fc0ebdabb6fd39e0a9f08dbc58910049a454e,2020-02,Norfolk Constabulary,Norfolk Constabulary,1.318140,52.656991,On or near Cuthbert Close,E01026555,Broadland 012C,Other crime,Court result unavailable,
1449bebb31c6bd210ad1ce40db75552acfc84b2cdbed6b2c51c9a5ffb2c93e1f,2020-02,Norfolk Constabulary,Norfolk Constabulary,1.312054,52.652988,On or near Higham Close,E01026556,Broadland 012D,Criminal damage and arson,Unable to prosecute suspect,
92b337e988a8268657585b910fe5dc2d8fc0d520f3e0df71969808a560682589,2020-02,Norfolk Constabulary,Norfolk Constabulary,1.311072,52.652512,On or near Porter'S Loke,E01026556,Broadland 012D,Criminal damage and arson,Investigation complete; no suspect identified,
765276c8ad26c9f4233e8f140dd8ac250893debee4eebfbcbfafc3cbd5408627,2020-02,Norfolk Constabulary,Norfolk Constabulary,1.307193,52.654419,On or near Clover Court,E01026556,Broadland 012D,Public order,Unable to prosecute suspect,
149d0d10a69a49ee81ac90fadcdcc511165a3d130a5cce95b8e0084fa952b502,2020-02,Norfolk Constabulary,Norfolk Constabulary,1.310317,52.652902,On or near Post Mill Close,E01026556,Broadland 012D,Vehicle crime,Unable to prosecute suspect,
ab2d16f3695245b346a3e15e4c08eed61ed1bde12565ea73ad45e8ebf9e9df06,2020-02,Norfolk Constabulary,Norfolk Constabulary,1.307746,52.655870,On or near Tusting Close,E01026556,Broadland 012D,Violence and sexual offences,Status update unavailable,
0989fe2df2d01e60cd75f845342dd1e98e5cc61c20676543c819a8b6e691199b,2020-02,Norfolk Constabulary,Norfolk Constabulary,1.309135,52.656236,On or near Lusher'S Loke,E01026556,Broadland 012D,Violence and sexual offences,Unable to prosecute suspect,
aaa82334b348e79cfda5b9e6f5fa8c12aac756861bdec85187ff60fbf1d3064f,2020-02,Norfolk Constabulary,Norfolk Constabulary,1.309135,52.656236,On or near Lusher'S Loke,E01026556,Broadland 012D,Violence and sexual offences,Unable to prosecute suspect,
52a1dfcc2e7e50a14868819c326faaedcd49cc5b0769e3b71ee014a7c5affc7b,2020-02,Norfolk Constabulary,Norfolk Constabulary,1.309135,52.656236,On or near Lusher'S Loke,E01026556,Broadland 012D,Violence and sexual offences,Unable to prosecute suspect,
991c28eaa5666b165bf83f282d11d253852a1ce4455cc28fab6e04c5ae3ed59e,2020-02,Norfolk Constabulary,Norfolk Constabulary,1.307193,52.654419,On or near Clover Court,E01026556,Broadland 012D,Violence and sexual offences,Unable to prosecute suspect,
8acd7aa589eb6f89353b51fc76f018adc658db3b9f9f1ffef0d98cb6f0dc09c0,2020-02,Norfolk Constabulary,Norfolk Constabulary,1.351073,52.652493,On or near Salhouse Road,E01026558,Broadland 013B,Criminal damage and arson,Court result unavailable,
c4fc239f70488b23cb11022f8172675f34b3058e48b8d90a40a14801729a1fe3,2020-02,Norfolk Constabulary,Norfolk Constabulary,1.351073,52.652493,On or near Salhouse Road,E01026558,Broadland 013B,Criminal damage and arson,Unable to prosecute suspect,
fadae1e9e02b913f1051ca0dfa764acb74489667a3c593bbb13e680d4f2249e9,2020-02,Norfolk Constabulary,Norfolk Constabulary,1.351073,52.652493,On or near Salhouse Road,E01026558,Broadland 013B,Criminal damage and arson,Formal action is not in the public interest,
18b1b63c3d213c9a4c15522ddcbc4de2f5ee9b6a7a2212bf0770c78a4c471118,2020-02,Norfolk Constabulary,Norfolk Constabulary,1.351073,52.652493,On or near Salhouse Road,E01026558,Broadland 013B,Criminal damage and arson,Investigation complete; no suspect identified,
fa5b5edb4a32f6d7e03fb0adfd5b238e2b2a2f74f016c4fabd37bacba05d37e4,2020-02,Norfolk Constabulary,Norfolk Constabulary,1.351073,52.652493,On or near Salhouse Road,E01026558,Broadland 013B,Violence and sexual offences,Status update unavailable,
7e0001a9536c6e1f55f754b1c3675edab56e10495572186c09624cdb2b9c5a99,2020-02,Norfolk Constabulary,Norfolk Constabulary,1.351073,52.652493,On or near Salhouse Road,E01026558,Broadland 013B,Violence and sexual offences,Status update unavailable,
5bdbc49552c87631c83cf4f9b50537888364b1be818576d893f3f6fd9257657a,2020-02,Norfolk Constabulary,Norfolk Constabulary,1.351073,52.652493,On or near Salhouse Road,E01026558,Broadland 013B,Violence and sexual offences,Unable to prosecute suspect,
e2cf62712df0c282e92344fd8d585aadc5172f5506b5d366da2b76f0156e235d,2020-02,Norfolk Constabulary,Norfolk Constabulary,1.351073,52.652493,On or near Salhouse Road,E01026558,Broadland 013B,Violence and sexual offences,Status update unavailable,
433347c8996767e44df5f1c3589a46ea309bdc2c3e6c5425928fc30ef30475fb,2020-02,Norfolk Constabulary,Norfolk Constabulary,1.351073,52.652493,On or near Salhouse Road,E01026558,Broadland 013B,Violence and sexual offences,Unable to prosecute suspect,
f0fbedaea7d7b3400292911c34afaf925262789026043156393d3757c6df2eda,2020-02,Norfolk Constabulary,Norfolk Constabulary,1.351073,52.652493,On or near Salhouse Road,E01026558,Broadland 013B,Violence and sexual offences,Unable to prosecute suspect,
dc610bd6193233a5e4f8c8508534d5735a68e0f1cab92c8f914659393799504d,2020-02,Norfolk Constabulary,Norfolk Constabulary,1.319207,52.649604,On or near Corbet Avenue,E01026559,Broadland 013C,Criminal damage and arson,Unable to prosecute suspect,
49601fc71aaafba0ce55c4ad7b076440517d76c514fb57736868bf3ad2602194,2020-02,Norfolk Constabulary,Norfolk Constabulary,1.322275,52.652036,On or near Stillington Close,E01026559,Broadland 013C,Violence and sexual offences,Offender given a caution,
cbfccc73a43c8cee8900f05d3a66da071562150e1827ef168d0bbf4e085a0fc7,2020-02,Norfolk Constabulary,Norfolk Constabulary,1.316975,52.648650,On or near Holly Bank,E01026559,Broadland 013C,Violence and sexual offences,Unable to prosecute suspect,
4248d604e4a0b0ff0fe4b718cb6194a2556dab7e244ebed4bde63fd52f434f70,2020-02,Norfolk Constabulary,Norfolk Constabulary,1.319514,52.652878,On or near Russell Avenue,E01026559,Broadland 013C,Violence and sexual offences,Unable to prosecute suspect,
875535433f54ceab7db3ea90530c8bd43f910413cee60c660b47840a43593bf7,2020-02,Norfolk Constabulary,Norfolk Constabulary,1.318775,52.651523,On or near Cromwell Road,E01026559,Broadland 013C,Violence and sexual offences,Unable to prosecute suspect,
b9fc0feb07e4b60ebbdda7111af471a00ac7edfc6dc0d75d44305b3f4d333f93,2020-02,Norfolk Constabulary,Norfolk Constabulary,1.319207,52.649604,On or near Corbet Avenue,E01026559,Broadland 013C,Violence and sexual offences,Unable to prosecute suspect,
,2020-02,Norfolk Constabulary,Norfolk Constabulary,1.329835,52.651698,On or near Blithe Meadow Court,E01026560,Broadland 013D,Anti-social behaviour,,
928a5a4ac0aa57c43c27b3159ed93e1e0b0910367c18c1875d30e936f2f5c33b,2020-02,Norfolk Constabulary,Norfolk Constabulary,1.329835,52.651698,On or near Blithe Meadow Court,E01026560,Broadland 013D,Burglary,Investigation complete; no suspect identified,
f58b28d3b61435524772e5018d2c8e7e3e79a842f53f3aa178bccfae385c6731,2020-02,Norfolk Constabulary,Norfolk Constabulary,1.328513,52.654145,On or near Varvel Close,E01026560,Broadland 013D,Drugs,Status update unavailable,
f23c7cf77e69958961629f9fe1197fa31d52eb9a8c4cc2de44a4fb3ccc02ad22,2020-02,Norfolk Constabulary,Norfolk Constabulary,1.322983,52.653770,On or near Cannerby Lane,E01026560,Broadland 013D,Shoplifting,Investigation complete; no suspect identified,
1dd20d9778de7f304d85edfd5c9c912209ab528a406af1b9d0eb9d795cb73d8f,2020-02,Norfolk Constabulary,Norfolk Constabulary,1.324254,52.653564,On or near Carleton Close,E01026560,Broadland 013D,Violence and sexual offences,Unable to prosecute suspect,
21a68393b3c389bb3f1d6a459be57168b7aca761dd5abee16f94dd65069ff40e,2020-02,Norfolk Constabulary,Norfolk Constabulary,1.321553,52.653046,On or near Allerton Road,E01026560,Broadland 013D,Violence and sexual offences,Further investigation is not in the public interest,
aa473953c75f94108c0b81f7b265e2869229c5f8670839481f1b90aeca91a37f,2020-02,Norfolk Constabulary,Norfolk Constabulary,1.331518,52.652046,On or near Blithewood Gardens,E01026560,Broadland 013D,Violence and sexual offences,Unable to prosecute suspect,
761fb17e1206e2eb697376170a0568143e7444e90b69b8aeed8999063e3ddf0c,2020-02,Norfolk Constabulary,Norfolk Constabulary,1.331518,52.652046,On or near Blithewood Gardens,E01026560,Broadland 013D,Violence and sexual offences,Unable to prosecute suspect,
447ff95aa1a58bfb4722fa81608d66f6c2bdba8d7dedb9abf23c36dc2f1fb414,2020-02,Norfolk Constabulary,Norfolk Constabulary,1.337502,52.649450,On or near Theatre/Concert Hall,E01026560,Broadland 013D,Violence and sexual offences,Unable to prosecute suspect,
df190e90f747e4a003a56c2b52643e26094dcbf84cdbb69b499b22ad69818d2b,2020-02,Norfolk Constabulary,Norfolk Constabulary,1.321553,52.653046,On or near Allerton Road,E01026560,Broadland 013D,Other crime,Further investigation is not in the public interest,
,2020-02,Norfolk Constabulary,Norfolk Constabulary,1.335277,52.660044,On or near Supermarket,E01026561,Broadland 013E,Anti-social behaviour,,
cd4b0cd4c4699e93dacbb99657a9cb86e02fd0d32fc7b6f6e841ebe825f6a020,2020-02,Norfolk Constabulary,Norfolk Constabulary,1.333219,52.663115,On or near Wroxham Road,E01026561,Broadland 013E,Bicycle theft,Unable to prosecute suspect,
d82774c9be888d8691c3e8cb2d669708ddd3f3052ffc0f77279037bb7303bd36,2020-02,Norfolk Constabulary,Norfolk Constabulary,1.334979,52.657678,On or near Inman Road,E01026561,Broadland 013E,Other theft,Investigation complete; no suspect identified,
6e383cf2e1cc921e8bb663a9b9c63f4801cd4052597926dff9ee1c8f8c7e8027,2020-02,Norfolk Constabulary,Norfolk Constabulary,1.334543,52.661081,On or near Tesco Link Road,E01026561,Broadland 013E,Other theft,Investigation complete; no suspect identified,
47ce383a8bb6bc8bbc65016b58051c4621ff65417f9816ad2fbbd7a48fb476fc,2020-02,Norfolk Constabulary,Norfolk Constabulary,1.335277,52.660044,On or near Supermarket,E01026561,Broadland 013E,Shoplifting,Unable to prosecute suspect,
290bfe88f01f90c003f8f2e1bd8d07db8920c9ee7e99debfce8cc3eb8ba78fdc,2020-02,Norfolk Constabulary,Norfolk Constabulary,1.335277,52.660044,On or near Supermarket,E01026561,Broadland 013E,Shoplifting,Unable to prosecute suspect,
b1044797b892cc0d0190cbc4a6a7cf343395fa2bef8eafdcdf920f5e73928a86,2020-02,Norfolk Constabulary,Norfolk Constabulary,1.335277,52.660044,On or near Supermarket,E01026561,Broadland 013E,Violence and sexual offences,Court result unavailable,
581bf1b822bdf320030ccbf6ebda24fd2cef93b64d0d2d1315a1ff226c395c16,2020-02,Norfolk Constabulary,Norfolk Constabulary,1.333219,52.663115,On or near Wroxham Road,E01026561,Broadland 013E,Violence and sexual offences,Unable to prosecute suspect,
b2a1e9554c6f62f51f8df685c558283bdc22b7853b9241c652171d81bc6206aa,2020-02,Norfolk Constabulary,Norfolk Constabulary,1.333219,52.663115,On or near Wroxham Road,E01026561,Broadland 013E,Violence and sexual offences,Unable to prosecute suspect,
6ed2eb5f81befbad3db55ae074356bd1e495987b4b7e0bd83218fa9e62d003a7,2020-02,Norfolk Constabulary,Norfolk Constabulary,1.334543,52.661081,On or near Tesco Link Road,E01026561,Broadland 013E,Violence and sexual offences,Unable to prosecute suspect,
922ba19d62e16034ce0073a393083824d89adb2414fb8d939baf4a2b70e27bab,2020-02,Norfolk Constabulary,Norfolk Constabulary,1.340808,52.656542,On or near Sports/Recreation Area,E01026561,Broadland 013E,Violence and sexual offences,Unable to prosecute suspect,
372d30cf3b806838b4a8ed849b4cd58194060a3038766ffe509bd7d25b24c352,2020-02,Norfolk Constabulary,Norfolk Constabulary,1.333219,52.663115,On or near Wroxham Road,E01026561,Broadland 013E,Violence and sexual offences,Unable to prosecute suspect,
b237bc030d888c9407601a55fa7b546dfea47ef7c0364059c63314b0189896d2,2020-02,Norfolk Constabulary,Norfolk Constabulary,1.334543,52.661081,On or near Tesco Link Road,E01026561,Broadland 013E,Violence and sexual offences,Unable to prosecute suspect,
8b92d4afb4923cc6b39a23b23856be9e96579fc1f347b5d1d198ea50c4a2e303,2020-02,Norfolk Constabulary,Norfolk Constabulary,1.334543,52.661081,On or near Tesco Link Road,E01026561,Broadland 013E,Violence and sexual offences,Unable to prosecute suspect,
2a4c0d91b8d1a7da62bb1a7b97741753aace1e835a3da7959ab5ea4936079360,2020-02,Norfolk Constabulary,Norfolk Constabulary,1.340808,52.656542,On or near Sports/Recreation Area,E01026561,Broadland 013E,Violence and sexual offences,Unable to prosecute suspect,
9bb9d7ed11ce4694b9211eb3a6a6e5682f08a153904e6f67e9f515f7fcce4933,2020-02,Norfolk Constabulary,Norfolk Constabulary,1.340808,52.656542,On or near Sports/Recreation Area,E01026561,Broadland 013E,Violence and sexual offences,Unable to prosecute suspect,
31a2959f337caccdc3022d4d38331199d0c99ac006504fb9cd29188dc8010553,2020-02,Norfolk Constabulary,Norfolk Constabulary,1.333219,52.663115,On or near Wroxham Road,E01026561,Broadland 013E,Violence and sexual offences,Unable to prosecute suspect,
9c47d7ad690e1b5028f01fe449b08da1ad85183352e3caca5eba886375d6ec4b,2020-02,Norfolk Constabulary,Norfolk Constabulary,1.340808,52.656542,On or near Sports/Recreation Area,E01026561,Broadland 013E,Violence and sexual offences,Unable to prosecute suspect,
8c2685380c12151f4e50212b86a6bf9582f8b98d1c0a2208991597a18e5305a4,2020-02,Norfolk Constabulary,Norfolk Constabulary,1.539792,52.657379,On or near Sports/Recreation Area,E01026504,Broadland 014A,Other theft,Investigation complete; no suspect identified,
aa4bfe5880954dcf15645cb34a35bd642721c8e8e60943e19d56ae0959ceab51,2020-02,Norfolk Constabulary,Norfolk Constabulary,1.567555,52.648856,On or near Old Road,E01026504,Broadland 014A,Vehicle crime,Investigation complete; no suspect identified,
eb46e50d6f76c31211d0bfc4cd1683e676fa6922b58b58ee654623f2beffc12b,2020-02,Norfolk Constabulary,Norfolk Constabulary,1.529119,52.649387,On or near Acle Road,E01026504,Broadland 014A,Violence and sexual offences,Unable to prosecute suspect,
30aa2a15ca794d1933fbf4dd2f9dd6a40adf24cf21cbca88bdb8511a7ac619d3,2020-02,Norfolk Constabulary,Norfolk Constabulary,1.518987,52.658188,On or near Flowerdew'S Lane,E01026504,Broadland 014A,Violence and sexual offences,Unable to prosecute suspect,
825f57ad0c4eb49325161d985ac5bdddd53ce6a2abe113c330ba622e21121416,2020-02,Norfolk Constabulary,Norfolk Constabulary,1.529119,52.649387,On or near Acle Road,E01026504,Broadland 014A,Violence and sexual offences,Formal action is not in the public interest,
7c50bce4b5579ad1f612543920db0968fc4fffe7158dc1103d3dce33214ade2c,2020-02,Norfolk Constabulary,Norfolk Constabulary,1.505851,52.665926,On or near School Road,E01026504,Broadland 014A,Violence and sexual offences,Action to be taken by another organisation,
3997082c9eb3b59afc7f7cbaf43ab9336fd5f05a4e3306c8aff41a7fc03df2f2,2020-02,Norfolk Constabulary,Norfolk Constabulary,1.505851,52.665926,On or near School Road,E01026504,Broadland 014A,Violence and sexual offences,Unable to prosecute suspect,
,2020-02,Norfolk Constabulary,Norfolk Constabulary,1.456411,52.638779,On or near Sports/Recreation Area,E01026505,Broadland 014B,Anti-social behaviour,,
eb5e37f37a9f59a6ba3650de622eb96f288e33f82171d9754e9836cbdf0138a5,2020-02,Norfolk Constabulary,Norfolk Constabulary,1.457286,52.638808,On or near Sports/Recreation Area,E01026505,Broadland 014B,Drugs,Awaiting court outcome,
5ca63fb40a067ae7b3db71b2535cb22b186edfe1f9256efc7edb6a5ec23697c1,2020-02,Norfolk Constabulary,Norfolk Constabulary,1.489745,52.663011,On or near Hamilton Close,E01026505,Broadland 014B,Violence and sexual offences,Unable to prosecute suspect,
b88908fac24e0ea76feea5b08b0df7b130f4603649272178f4dc4e454720805d,2020-02,Norfolk Constabulary,Norfolk Constabulary,1.489745,52.663011,On or near Hamilton Close,E01026505,Broadland 014B,Violence and sexual offences,Unable to prosecute suspect,
519e4f2d52bd5a24f42e89dce9a88bec71543c3ee113bc5d8dde773d4ac09169,2020-02,Norfolk Constabulary,Norfolk Constabulary,1.489745,52.663011,On or near Hamilton Close,E01026505,Broadland 014B,Violence and sexual offences,Unable to prosecute suspect,
fd3c3e1a6608d2e25fc2ec0b5d0fc2fc3ef098907a9ac561851ac5f9f636fe9f,2020-02,Norfolk Constabulary,Norfolk Constabulary,1.455832,52.632563,On or near Shillito Road,E01026505,Broadland 014B,Other crime,Unable to prosecute suspect,
,2020-02,Norfolk Constabulary,Norfolk Constabulary,1.444245,52.651393,On or near Villavon Way,E01026506,Broadland 014C,Anti-social behaviour,,
,2020-02,Norfolk Constabulary,Norfolk Constabulary,1.451707,52.651121,On or near Ranworth Road,E01026506,Broadland 014C,Anti-social behaviour,,
cd114e7e5330c50dcdc26f899bc1341ccc5431f210070c225c69ed626b438200,2020-02,Norfolk Constabulary,Norfolk Constabulary,1.444245,52.651393,On or near Villavon Way,E01026506,Broadland 014C,Public order,Unable to prosecute suspect,
8863da50004807cbe4c091b065e03652b658c54235aa32c487d868c9cc3dfbea,2020-02,Norfolk Constabulary,Norfolk Constabulary,1.453937,52.632717,On or near The Chase,E01026507,Broadland 014D,Criminal damage and arson,Investigation complete; no suspect identified,
e63d853489b9055bcc717a1c3b37fcf66988fab8cb487bcf821735a7828eb937,2020-02,Norfolk Constabulary,Norfolk Constabulary,1.449709,52.637023,On or near Manor Ridge,E01026507,Broadland 014D,Vehicle crime,Investigation complete; no suspect identified,
959bb58d894a764e7c156bbd6a751c52ce922d8668cdf3d78a05cde681f395e8,2020-02,Norfolk Constabulary,Norfolk Constabulary,1.449709,52.637023,On or near Manor Ridge,E01026507,Broadland 014D,Violence and sexual offences,Offender given a caution,
,2020-02,Norfolk Constabulary,Norfolk Constabulary,1.484294,52.620918,On or near Briar Close,E01026512,Broadland 014E,Anti-social behaviour,,
20e7bc145663e351aa4bf9620b262c690cac3687d61d1c744cfdde8689e6b6c4,2020-02,Norfolk Constabulary,Norfolk Constabulary,1.486946,52.619338,On or near Homelea Crescent,E01026512,Broadland 014E,Violence and sexual offences,Unable to prosecute suspect,
,2020-02,Norfolk Constabulary,Norfolk Constabulary,1.488947,52.619045,On or near Sports/Recreation Area,E01026513,Broadland 014F,Anti-social behaviour,,
19186369b8701fcba510c01cf5939d6f70ba7798715e964b1b30ed6da43b8c91,2020-02,Norfolk Constabulary,Norfolk Constabulary,1.489151,52.623275,On or near Homestead Close,E01026513,Broadland 014F,Other theft,Investigation complete; no suspect identified,
9e4bfbb8659685004038a2d13d64767fb8a159eca43fd43f4d0a1824f864527f,2020-02,Norfolk Constabulary,Norfolk Constabulary,1.484672,52.623632,On or near St Andrew'S Road,E01026513,Broadland 014F,Violence and sexual offences,Status update unavailable,
33afa9479682b2090d611fdbe568f59c5966aee2cfa6faf6d39e228fb68ac90a,2020-02,Norfolk Constabulary,Norfolk Constabulary,1.492197,52.623104,On or near Hilary Close,E01026513,Broadland 014F,Violence and sexual offences,Unable to prosecute suspect,
c847b53b3e6430d6a5970159353063e4ab5d9170794fb11b97f096e3425d0318,2020-02,Norfolk Constabulary,Norfolk Constabulary,1.489836,52.623525,On or near Acorn Close,E01026513,Broadland 014F,Violence and sexual offences,Awaiting court outcome,
8202ac77973604436b20016a1cf77e3f772511d7813fc008e5009d4416693ae3,2020-02,Norfolk Constabulary,Norfolk Constabulary,1.489836,52.623525,On or near Acorn Close,E01026513,Broadland 014F,Violence and sexual offences,Unable to prosecute suspect,
37b0e55ba3333cda42d2667702cd050afe52b230aa6fd21731b7c38facec101f,2020-02,Norfolk Constabulary,Norfolk Constabulary,1.489836,52.623525,On or near Acorn Close,E01026513,Broadland 014F,Violence and sexual offences,Awaiting court outcome,
,2020-02,Norfolk Constabulary,Norfolk Constabulary,1.345622,52.644049,On or near Armstrong Road,E01026569,Broadland 015A,Anti-social behaviour,,
159a2bf7c098a5c2cb931de43f32cee86b1c3a99704a33e5a5782f38b8cb6f6a,2020-02,Norfolk Constabulary,Norfolk Constabulary,1.348464,52.640803,On or near Caston Road,E01026569,Broadland 015A,Criminal damage and arson,Investigation complete; no suspect identified,
a346f500b25326b75df359c6ef274c5eba66424f91314baab8ca6214731b3599,2020-02,Norfolk Constabulary,Norfolk Constabulary,1.342206,52.643858,On or near Goodwood Close,E01026569,Broadland 015A,Violence and sexual offences,Unable to prosecute suspect,
,2020-02,Norfolk Constabulary,Norfolk Constabulary,1.350882,52.640141,On or near Frost Close,E01026570,Broadland 015B,Anti-social behaviour,,
0e609fa57c8488eea0db11523bebbeddf98445a2064b87902c4d7b40ee734cea,2020-02,Norfolk Constabulary,Norfolk Constabulary,1.346474,52.635463,On or near Thorpe Close,E01026570,Broadland 015B,Other theft,Investigation complete; no suspect identified,
2b80c5efdb1cff94c78e3fbfd0f4a90aa2d7c0fa065b788da82324ca07feb0a6,2020-02,Norfolk Constabulary,Norfolk Constabulary,1.353293,52.636673,On or near St Catherines Road,E01026570,Broadland 015B,Public order,Unable to prosecute suspect,
c99cccde5b45ec8eabd676add1cd4dec829918150952f194329c8dc6b0a956bf,2020-02,Norfolk Constabulary,Norfolk Constabulary,1.346474,52.635463,On or near Thorpe Close,E01026570,Broadland 015B,Shoplifting,Unable to prosecute suspect,
81426d0acc754f959c89df5eaea6216629a125d1e3ab5656cbad06f992575a6c,2020-02,Norfolk Constabulary,Norfolk Constabulary,1.346474,52.635463,On or near Thorpe Close,E01026570,Broadland 015B,Shoplifting,Awaiting court outcome,
eaa725d04c076d489a01151954972b2d74e86507ac5406c5727be36b964dfe0e,2020-02,Norfolk Constabulary,Norfolk Constabulary,1.353293,52.636673,On or near St Catherines Road,E01026570,Broadland 015B,Vehicle crime,Investigation complete; no suspect identified,
7cb806df2f5859b9cd0d51aadb8360b10fdf193be8462a35443e86a3a6b1e7d8,2020-02,Norfolk Constabulary,Norfolk Constabulary,1.348783,52.638788,On or near South Hill Close,E01026570,Broadland 015B,Violence and sexual offences,Unable to prosecute suspect,
70433a1aa5d916e56726890dc81b67fa47d30b70eb6504f864cef3c1e4755727,2020-02,Norfolk Constabulary,Norfolk Constabulary,1.353293,52.636673,On or near St Catherines Road,E01026570,Broadland 015B,Violence and sexual offences,Investigation complete; no suspect identified,
ebfaeebcec2c4bcf0bac3fcbd57ca281c9044c6ab748ed91f017d2d06398207c,2020-02,Norfolk Constabulary,Norfolk Constabulary,1.350882,52.640141,On or near Frost Close,E01026570,Broadland 015B,Other crime,Unable to prosecute suspect,
bb261cc0d41cb83a96e7157002af6f04bbd45e3c1c0eead6e6df5af8261ce6e5,2020-02,Norfolk Constabulary,Norfolk Constabulary,1.342843,52.641151,On or near Petrol Station,E01026571,Broadland 015C,Other theft,Investigation complete; no suspect identified,
d95937af0f4ad4f82b05fe9d41646608e3ba908155377ca0658c8320bb614901,2020-02,Norfolk Constabulary,Norfolk Constabulary,1.342843,52.641151,On or near Petrol Station,E01026571,Broadland 015C,Other theft,Unable to prosecute suspect,
6599d8557e9f9f5e0bd57b2c3798745a7d2fa079afd1fcdc6939d3f7a2c6a619,2020-02,Norfolk Constabulary,Norfolk Constabulary,1.342165,52.636727,On or near Furze Avenue,E01026571,Broadland 015C,Other crime,Court result unavailable,
d01f61b45f4319eefacafb7b39eab85ecf93af4877c933fcbd9cc7bec10139dc,2020-02,Norfolk Constabulary,Norfolk Constabulary,1.329880,52.631479,On or near Rockland Drive,E01026572,Broadland 015D,Criminal damage and arson,Court result unavailable,
7a50fda975622f6801dffc874afc7f3a2a42a58cae45d5f75d32df3def6df7c6,2020-02,Norfolk Constabulary,Norfolk Constabulary,1.329880,52.631479,On or near Rockland Drive,E01026572,Broadland 015D,Criminal damage and arson,Court result unavailable,
49e46b88508f990a1aeb678230a78a527f09ec790c3553a16e6d3d079b535fc5,2020-02,Norfolk Constabulary,Norfolk Constabulary,1.329880,52.631479,On or near Rockland Drive,E01026572,Broadland 015D,Criminal damage and arson,Court result unavailable,
2856070bca360e21c73da5049f9eaccb4e9bc53d8de628fe2d617cc1687e5b3a,2020-02,Norfolk Constabulary,Norfolk Constabulary,1.329880,52.631479,On or near Rockland Drive,E01026572,Broadland 015D,Drugs,Court result unavailable,
68c2bbea1a20caed767bb8ff626014ca944e3b71a9ab5ee1f2e8e62db6e23c1b,2020-02,Norfolk Constabulary,Norfolk Constabulary,1.329880,52.631479,On or near Rockland Drive,E01026572,Broadland 015D,Public order,Court result unavailable,
00c8f04a5c8092a9e3a1ec58ad422305b954036b36f8aca7f7a252963a983f81,2020-02,Norfolk Constabulary,Norfolk Constabulary,1.329880,52.631479,On or near Rockland Drive,E01026572,Broadland 015D,Public order,Court result unavailable,
6d738c342e6c93c6f959d8a0bf90e666700de8b2dde147bdf1defec8f16a2eab,2020-02,Norfolk Constabulary,Norfolk Constabulary,1.329880,52.631479,On or near Rockland Drive,E01026572,Broadland 015D,Violence and sexual offences,Unable to prosecute suspect,
c63bbf13377520a7ac8c885ca38540d08f074784e6dfc7a8f7ae4cdd1de9df03,2020-02,Norfolk Constabulary,Norfolk Constabulary,1.329880,52.631479,On or near Rockland Drive,E01026572,Broadland 015D,Violence and sexual offences,Court result unavailable,
fd9b937548195952c6c6df96c22d041fb8d06ec1dde0add4e2576caae782b3fe,2020-02,Norfolk Constabulary,Norfolk Constabulary,1.329880,52.631479,On or near Rockland Drive,E01026572,Broadland 015D,Violence and sexual offences,Unable to prosecute suspect,
5aec5d76df39fc945c7c909c9c951a61983392da37e3179918ac7848c297ce76,2020-02,Norfolk Constabulary,Norfolk Constabulary,1.329880,52.631479,On or near Rockland Drive,E01026572,Broadland 015D,Violence and sexual offences,Unable to prosecute suspect,
95a95c733d125a1dde48339d09c73f758c518689dec35a20ec1e5ad65d4d1fff,2020-02,Norfolk Constabulary,Norfolk Constabulary,1.329880,52.631479,On or near Rockland Drive,E01026572,Broadland 015D,Violence and sexual offences,Court result unavailable,
f71d0307b8288ae34f04e977c3806082099ec5306be834125d7241044ab20dd8,2020-02,Norfolk Constabulary,Norfolk Constabulary,1.332998,52.632821,On or near Howard Close,E01026572,Broadland 015D,Violence and sexual offences,Unable to prosecute suspect,
8330af64e9e7375d0b954b75d44924893485d5953c6566dbd88f1223e48f562e,2020-02,Norfolk Constabulary,Norfolk Constabulary,1.329880,52.631479,On or near Rockland Drive,E01026572,Broadland 015D,Violence and sexual offences,Unable to prosecute suspect,
ecb67468987f7ab76516747fd601f46fc2c565088d03c2b012d7c6a4432e722f,2020-02,Norfolk Constabulary,Norfolk Constabulary,1.329880,52.631479,On or near Rockland Drive,E01026572,Broadland 015D,Violence and sexual offences,Court result unavailable,
c0884afab931b1c6e1eaebcc5df27edeb0e45a01f9d389070127b27d9ae52719,2020-02,Norfolk Constabulary,Norfolk Constabulary,1.337341,52.631817,On or near Sports/Recreation Area,E01026572,Broadland 015D,Violence and sexual offences,Unable to prosecute suspect,
e4e225a4e0f579d278bafcca2e67d2897fca9bc7bb3824980cba2f134ba2c1df,2020-02,Norfolk Constabulary,Norfolk Constabulary,1.329880,52.631479,On or near Rockland Drive,E01026572,Broadland 015D,Violence and sexual offences,Court result unavailable,
90eb1e928f85aa4a5c2c1f8d49ee141370b6cdd1d3db964e90e24e3db8b3fd2d,2020-02,Norfolk Constabulary,Norfolk Constabulary,1.329880,52.631479,On or near Rockland Drive,E01026572,Broadland 015D,Violence and sexual offences,Court result unavailable,
fad9870c271599849f5d704b44ae8e7b9a7f37c8bbbbf6a2172f403e287c1ddf,2020-02,Norfolk Constabulary,Norfolk Constabulary,1.329880,52.631479,On or near Rockland Drive,E01026572,Broadland 015D,Violence and sexual offences,Court result unavailable,
b404b5d9ea2de41cc01d73f72950897e1d97d6d6f67ae8faa23a6d2394c91743,2020-02,Norfolk Constabulary,Norfolk Constabulary,1.329880,52.631479,On or near Rockland Drive,E01026572,Broadland 015D,Violence and sexual offences,Formal action is not in the public interest,
c5525d7b15bdb3d4b8151d31c841258f18bc39effacff7b95b996fa162d7b4d6,2020-02,Norfolk Constabulary,Norfolk Constabulary,1.329880,52.631479,On or near Rockland Drive,E01026572,Broadland 015D,Violence and sexual offences,Court result unavailable,
53a009ae6502d730462660d808dcad5e33b4adfaf3c454575e1a0d455f7542a0,2020-02,Norfolk Constabulary,Norfolk Constabulary,1.329880,52.631479,On or near Rockland Drive,E01026572,Broadland 015D,Violence and sexual offences,Court result unavailable,
ab09e1e3638980d1039f48c9f13732baa83d8a95f8c56ae75b511bcda01a075a,2020-02,Norfolk Constabulary,Norfolk Constabulary,1.349590,52.633297,On or near Phelps Road,E01026573,Broadland 015E,Criminal damage and arson,Investigation complete; no suspect identified,
ce8216c28234646b24385f90f76e8a13ddf01549965316ddcad536756313d594,2020-02,Norfolk Constabulary,Norfolk Constabulary,1.350679,52.632655,On or near Gargle Hill,E01026573,Broadland 015E,Violence and sexual offences,Action to be taken by another organisation,
5be3654950919d43be0575f179a541c46464765ee983990a4652a34c7b0107d9,2020-02,Norfolk Constabulary,Norfolk Constabulary,1.364718,52.637985,On or near Culverin Close,E01026574,Broadland 016A,Bicycle theft,Investigation complete; no suspect identified,
475a5649ae41d6c67e4069b97ca979258a539f799e12aa4de91182affddffb39,2020-02,Norfolk Constabulary,Norfolk Constabulary,1.362574,52.635294,On or near Naseby Way,E01026574,Broadland 016A,Violence and sexual offences,Unable to prosecute suspect,
cce588b78ba4f89a403c924b3dcbfa95170615c3762c42b0f9aa110a6fe3a530,2020-02,Norfolk Constabulary,Norfolk Constabulary,1.364272,52.637000,On or near Rowton Heath,E01026574,Broadland 016A,Violence and sexual offences,Unable to prosecute suspect,
57f97fe8a96a6810c541b6b3d651e5f2137d5d54ebb7fc86a3ce082c3c010a3c,2020-02,Norfolk Constabulary,Norfolk Constabulary,1.362574,52.635294,On or near Naseby Way,E01026574,Broadland 016A,Violence and sexual offences,Unable to prosecute suspect,
,2020-02,Norfolk Constabulary,Norfolk Constabulary,1.356529,52.633757,On or near Eastern Avenue,E01026575,Broadland 016B,Anti-social behaviour,,
dec7eb904353516d5ffdff987e97e9938098a80079ee0bb28101b27e7d8b7659,2020-02,Norfolk Constabulary,Norfolk Constabulary,1.365244,52.628482,On or near Yarmouth Road,E01026575,Broadland 016B,Burglary,Investigation complete; no suspect identified,
07b4659a1f1a053ff57d034d72877c38058d797bdca3d9062ec54d25466eb4d9,2020-02,Norfolk Constabulary,Norfolk Constabulary,1.369142,52.630737,On or near Sports/Recreation Area,E01026575,Broadland 016B,Criminal damage and arson,Awaiting court outcome,
6754a5d25db8ebc1749dbe7e20ad63534a822a16133479035b0d7dfc416a0073,2020-02,Norfolk Constabulary,Norfolk Constabulary,1.362701,52.632125,On or near Vane Close,E01026575,Broadland 016B,Criminal damage and arson,Investigation complete; no suspect identified,
bfd1998665db30d00e109afe2cba3657662880d99006ea5047e49b76b5fa4ff7,2020-02,Norfolk Constabulary,Norfolk Constabulary,1.369142,52.630737,On or near Sports/Recreation Area,E01026575,Broadland 016B,Criminal damage and arson,Unable to prosecute suspect,
b3f032d431205b489dbf3ef3487a7a10b12d4c8dc2f7d98f4e6d2a36faedba42,2020-02,Norfolk Constabulary,Norfolk Constabulary,1.361415,52.631937,On or near Mary Chapman Close,E01026575,Broadland 016B,Other theft,Investigation complete; no suspect identified,
4703ee2125a7805a45fde1dcab08b9914bdd4c4d6879b1070aa3b167b45aaeef,2020-02,Norfolk Constabulary,Norfolk Constabulary,1.369142,52.630737,On or near Sports/Recreation Area,E01026575,Broadland 016B,Public order,Awaiting court outcome,
0f24724da8329188ca8e48888ccef9df8a22a5846432a9abf10930b5e175d3ab,2020-02,Norfolk Constabulary,Norfolk Constabulary,1.360063,52.630500,On or near Pound Lane,E01026575,Broadland 016B,Shoplifting,Court result unavailable,
77e29d0a957f6945f01ed6d4b32ee903611764f6b86bc613e469cf943974503a,2020-02,Norfolk Constabulary,Norfolk Constabulary,1.360063,52.630500,On or near Pound Lane,E01026575,Broadland 016B,Shoplifting,Unable to prosecute suspect,
7665b4a2496453ccd5dcde69d25e01d5c0344b4688c2405b2b972811ec362d6f,2020-02,Norfolk Constabulary,Norfolk Constabulary,1.355153,52.626790,On or near Common Lane,E01026575,Broadland 016B,Violence and sexual offences,Unable to prosecute suspect,
f1bbd670d3c8864825ae9005a6e43f40e54c95deec36b27f3fe88835ba9b61bd,2020-02,Norfolk Constabulary,Norfolk Constabulary,1.369142,52.630737,On or near Sports/Recreation Area,E01026575,Broadland 016B,Violence and sexual offences,Action to be taken by another organisation,
aebc20d7f66d64ecbfcfc1d983ec1e9cfb2c12bffabd6aa2b52ecba60319fe46,2020-02,Norfolk Constabulary,Norfolk Constabulary,1.358107,52.629278,On or near Primrose Crescent,E01026575,Broadland 016B,Violence and sexual offences,Investigation complete; no suspect identified,
cb82f06463dedf2d79e32e8698a3e5e776ff327d8c55c3b8d9c563b87c0c7646,2020-02,Norfolk Constabulary,Norfolk Constabulary,1.369142,52.630737,On or near Sports/Recreation Area,E01026575,Broadland 016B,Violence and sexual offences,Awaiting court outcome,
d45a9945b1915c59a09bc680c8ffabf21c1a867204ec5395657625bf6916d6e2,2020-02,Norfolk Constabulary,Norfolk Constabulary,1.369142,52.630737,On or near Sports/Recreation Area,E01026575,Broadland 016B,Violence and sexual offences,Awaiting court outcome,
4540e5fc734b7c4e742beea8d271a8eab573d62d6c60fe1099b63e253bc684ce,2020-02,Norfolk Constabulary,Norfolk Constabulary,1.369142,52.630737,On or near Sports/Recreation Area,E01026575,Broadland 016B,Violence and sexual offences,Court result unavailable,
4fd35ee2d7cd99e97f463ace573d5ecbe04c66e1d7c4166ac4352cfc14022912,2020-02,Norfolk Constabulary,Norfolk Constabulary,1.369142,52.630737,On or near Sports/Recreation Area,E01026575,Broadland 016B,Violence and sexual offences,Unable to prosecute suspect,
3acc65877c539af863297421e0447729b7de74ea9cdcbe6d2b23c89b49bd5fd7,2020-02,Norfolk Constabulary,Norfolk Constabulary,1.366329,52.626832,On or near Francis Stone Court,E01026575,Broadland 016B,Violence and sexual offences,Unable to prosecute suspect,
03c76bdaf2fd09d5d09f21ec12569bea485e0fcff3dfb8836fdd34c013e81bba,2020-02,Norfolk Constabulary,Norfolk Constabulary,1.369142,52.630737,On or near Sports/Recreation Area,E01026575,Broadland 016B,Violence and sexual offences,Unable to prosecute suspect,
500abbd59a3c2e17e1a6ffedad5d7c152e505e7ea0b4c537266c3170a9e58156,2020-02,Norfolk Constabulary,Norfolk Constabulary,1.369142,52.630737,On or near Sports/Recreation Area,E01026575,Broadland 016B,Violence and sexual offences,Action to be taken by another organisation,
bd3badb0fddc50dd2ced2c747f967ee65fbd2baa4a0264ca56ab396b1127a328,2020-02,Norfolk Constabulary,Norfolk Constabulary,1.369142,52.630737,On or near Sports/Recreation Area,E01026575,Broadland 016B,Violence and sexual offences,Unable to prosecute suspect,
aca96a752fb6844c32e07bad37a677895de4672a4c1ce247dfb9d694ea5a3984,2020-02,Norfolk Constabulary,Norfolk Constabulary,1.369142,52.630737,On or near Sports/Recreation Area,E01026575,Broadland 016B,Violence and sexual offences,Unable to prosecute suspect,
02de4b5a10733643ce76e55843f4bd9cd78b73069caf7f2b0e1410ef56be7cc0,2020-02,Norfolk Constabulary,Norfolk Constabulary,1.366329,52.626832,On or near Francis Stone Court,E01026575,Broadland 016B,Violence and sexual offences,Unable to prosecute suspect,
6e56fa93f5a0bfec08905e5d48073ea1be72fffe61e4213ae2fb15733375e841,2020-02,Norfolk Constabulary,Norfolk Constabulary,1.360063,52.630500,On or near Pound Lane,E01026575,Broadland 016B,Violence and sexual offences,Unable to prosecute suspect,
,2020-02,Norfolk Constabulary,Norfolk Constabulary,1.361022,52.640501,On or near Gunner Close,E01026576,Broadland 016C,Anti-social behaviour,,
,2020-02,Norfolk Constabulary,Norfolk Constabulary,1.362556,52.639873,On or near Association Way,E01026576,Broadland 016C,Anti-social behaviour,,
1ea7e5abada58d4dd7d709764af68a88a07aa52a5bf85d748a05c838070488e6,2020-02,Norfolk Constabulary,Norfolk Constabulary,1.361022,52.640501,On or near Gunner Close,E01026576,Broadland 016C,Criminal damage and arson,Investigation complete; no suspect identified,
7794c65c2c6664fa39ade3022a0fc80c057a422d5449daf60b3430cc34401f79,2020-02,Norfolk Constabulary,Norfolk Constabulary,1.368592,52.638955,On or near Dalbier Close,E01026576,Broadland 016C,Vehicle crime,Investigation complete; no suspect identified,
f776158d7bc8dc36129b150be16592b92d91e1aee3f3b2f8f6cc4e6897239af0,2020-02,Norfolk Constabulary,Norfolk Constabulary,1.369312,52.641209,On or near Pikeman Place,E01026576,Broadland 016C,Violence and sexual offences,Unable to prosecute suspect,
ee1e70107dcf53e02134e11b0813468746c90639489804b9cdb949e0d2d26e5e,2020-02,Norfolk Constabulary,Norfolk Constabulary,1.368592,52.638955,On or near Dalbier Close,E01026576,Broadland 016C,Violence and sexual offences,Unable to prosecute suspect,
691fb89109417557aa3fefd215999f7cade3352f8db0e3f215d4afc13dba5d7f,2020-02,Norfolk Constabulary,Norfolk Constabulary,1.364501,52.641139,On or near Dowsing Court,E01026576,Broadland 016C,Other crime,Awaiting court outcome,
0a6530bea1865bf072af67da63bb3654c4665c83055a97d74dd215433d33dd86,2020-02,Norfolk Constabulary,Norfolk Constabulary,1.350239,52.628053,On or near School Avenue,E01026577,Broadland 016D,Burglary,Unable to prosecute suspect,
c610b5cb0ddef876ff1b7f5764dfdca9fd3ca43b962687270d843e44269c5457,2020-02,Norfolk Constabulary,Norfolk Constabulary,1.342048,52.626081,On or near Yarmouth Road,E01026577,Broadland 016D,Criminal damage and arson,Investigation complete; no suspect identified,
65682ff09b39220c73706779447a03e4d7323aca68358acd606007fd8913f9fc,2020-02,Norfolk Constabulary,Norfolk Constabulary,1.330470,52.626597,On or near Thorpe Hall Close,E01026577,Broadland 016D,Criminal damage and arson,Investigation complete; no suspect identified,
33efc534d3373b78c330628558206a360f21761383dd87692257f320be98b540,2020-02,Norfolk Constabulary,Norfolk Constabulary,1.344905,52.626729,On or near Barber Place,E01026577,Broadland 016D,Violence and sexual offences,Formal action is not in the public interest,
6f6349ca5b097cdc038402a1f2248f9aca5f1b62a7ac861bc8d293fb6bae2654,2020-02,Norfolk Constabulary,Norfolk Constabulary,1.330470,52.626597,On or near Thorpe Hall Close,E01026577,Broadland 016D,Violence and sexual offences,Unable to prosecute suspect,
02897562d043f73660ac7998348d3225ff0f02125d32e61cc485a79a51f5d4cc,2020-02,Norfolk Constabulary,Norfolk Constabulary,1.350239,52.628053,On or near School Avenue,E01026577,Broadland 016D,Other crime,Action to be taken by another organisation,
b905ff4f456a98412b7b2d4308b25da8eddf2b9079b445f822a645882f8cc0e6,2020-02,Norfolk Constabulary,Norfolk Constabulary,1.430360,52.625165,On or near The Close,E01026508,Broadland 017A,Public order,Unable to prosecute suspect,
18eaebd4ca89446613cbd445e5f49a47b83016d5d1ae5fde4682269b8bd2029d,2020-02,Norfolk Constabulary,Norfolk Constabulary,1.432720,52.623783,On or near Cedar Way,E01026508,Broadland 017A,Public order,Unable to prosecute suspect,
965cc5f13e4e11d2a7ab616e403e327908232dfa579e62a30bd999d90401bad9,2020-02,Norfolk Constabulary,Norfolk Constabulary,1.430098,52.628995,On or near Berryfields,E01026508,Broadland 017A,Vehicle crime,Investigation complete; no suspect identified,
904e64cab7443b38d70c889445c52257ad976ffd62c9b0fb6f4373d6a232bc39,2020-02,Norfolk Constabulary,Norfolk Constabulary,1.432720,52.623783,On or near Cedar Way,E01026508,Broadland 017A,Violence and sexual offences,Action to be taken by another organisation,
baa7db4fb0c7421d79f833c6bebdcc730fdbe759be7868db79849aa5f59a864f,2020-02,Norfolk Constabulary,Norfolk Constabulary,1.433286,52.625170,On or near Links Avenue,E01026508,Broadland 017A,Violence and sexual offences,Status update unavailable,
345ab20dd29f87e9c0782cb26de05da67593d33da0b58e17456b1477a1a882cf,2020-02,Norfolk Constabulary,Norfolk Constabulary,1.430098,52.628995,On or near Berryfields,E01026508,Broadland 017A,Other crime,Awaiting court outcome,
998e7df798704230a5a466bf20bc18681901cf710579c63bc61f8ff6a4a12b51,2020-02,Norfolk Constabulary,Norfolk Constabulary,1.372410,52.628827,On or near Old Chapel Way,E01026509,Broadland 017B,Criminal damage and arson,Investigation complete; no suspect identified,
29143d15122377d5da20f1032e1919735a7e3d2c9ea9c34772c8c58d8af55be8,2020-02,Norfolk Constabulary,Norfolk Constabulary,1.424416,52.628736,On or near Foster Close,E01026509,Broadland 017B,Other theft,Investigation complete; no suspect identified,
f29e20d55816ec6adccd7f27e5337c88ff49a701aca9a53a38271944e6d00f42,2020-02,Norfolk Constabulary,Norfolk Constabulary,1.428022,52.628344,On or near Greenacre Close,E01026509,Broadland 017B,Violence and sexual offences,Awaiting court outcome,
,2020-02,Norfolk Constabulary,Norfolk Constabulary,1.441618,52.621168,On or near Petrol Station,E01026510,Broadland 017C,Anti-social behaviour,,
74d86939b68c0ae80603cb7e0fa8b0e866341ef2a65a3154563d818ef155b2c7,2020-02,Norfolk Constabulary,Norfolk Constabulary,1.437987,52.621409,On or near Braydeston Avenue,E01026510,Broadland 017C,Burglary,Investigation complete; no suspect identified,
89a87459f36af71e051fb71da58bae710dcf3dbcfe565662ef19f784b539ba45,2020-02,Norfolk Constabulary,Norfolk Constabulary,1.443800,52.623731,On or near Blofield Road,E01026510,Broadland 017C,Criminal damage and arson,Investigation complete; no suspect identified,
c8dca461115f42a9ba0c14f5505c3b770a7f1bb32a0c645eb8103be723a87fe6,2020-02,Norfolk Constabulary,Norfolk Constabulary,1.434408,52.622322,On or near Oakdale Road,E01026510,Broadland 017C,Vehicle crime,Investigation complete; no suspect identified,
aaaf88c21fda2612341c21fecd3297117a984ccb97308a98d1bb46b4792d0945,2020-02,Norfolk Constabulary,Norfolk Constabulary,1.468032,52.617303,On or near Herbert Colman Close,E01026510,Broadland 017C,Violence and sexual offences,Investigation complete; no suspect identified,
41d7ac3544eb03c50ba82d9f4bdef46164149d5a1ef81fa8a37b09d42cdf4585,2020-02,Norfolk Constabulary,Norfolk Constabulary,1.437987,52.621409,On or near Braydeston Avenue,E01026510,Broadland 017C,Other crime,Action to be taken by another organisation,
403ff24be60b94df60df7e443acaf87dba4e687622bca489417bedca2e83bf1b,2020-02,Norfolk Constabulary,Norfolk Constabulary,1.437987,52.621409,On or near Braydeston Avenue,E01026510,Broadland 017C,Other crime,Action to be taken by another organisation,
,2020-02,Norfolk Constabulary,Norfolk Constabulary,1.512331,52.578338,On or near Station Road,E01026511,Broadland 017D,Anti-social behaviour,,
,2020-02,Norfolk Constabulary,Norfolk Constabulary,1.512650,52.581953,On or near Church Close,E01026511,Broadland 017D,Anti-social behaviour,,
,2020-02,Norfolk Constabulary,Norfolk Constabulary,1.512331,52.578338,On or near Station Road,E01026511,Broadland 017D,Anti-social behaviour,,
f8d4605ae08ae8e0055b594cb3776d1d6f5428076b7bc01fdfd438babfb5afd9,2020-02,Norfolk Constabulary,Norfolk Constabulary,1.513719,52.578521,On or near Parking Area,E01026511,Broadland 017D,Violence and sexual offences,Unable to prosecute suspect,
94c8b5842407722f402d68c13c95ec9c06233cd7a0c8800de5ec63373ab193af,2020-02,Norfolk Constabulary,Norfolk Constabulary,1.509995,52.580701,On or near Stanley Close,E01026511,Broadland 017D,Other crime,Unable to prosecute suspect,
f7cb1e08afe37494a15ed770d1974ecee339b9cff169671bd8c0caa0582b245b,2020-02,Norfolk Constabulary,Norfolk Constabulary,1.548338,52.640007,On or near Old Forge Court,E01026497,Broadland 018A,Criminal damage and arson,Investigation complete; no suspect identified,
1998778cb34d85d3e8791077ae2273d7df173190b2efd49c29d239e309c4c653,2020-02,Norfolk Constabulary,Norfolk Constabulary,1.548338,52.640007,On or near Old Forge Court,E01026497,Broadland 018A,Criminal damage and arson,Investigation complete; no suspect identified,
6cb4004e6d2725909a6ce8733b84d37949a9fe0a236ffab5e74e108c7289f538,2020-02,Norfolk Constabulary,Norfolk Constabulary,1.552342,52.640517,On or near Phoenix Close,E01026497,Broadland 018A,Other crime,Further investigation is not in the public interest,
,2020-02,Norfolk Constabulary,Norfolk Constabulary,1.548963,52.632937,On or near Damgate Close,E01026498,Broadland 018B,Anti-social behaviour,,
,2020-02,Norfolk Constabulary,Norfolk Constabulary,1.548963,52.632937,On or near Damgate Close,E01026498,Broadland 018B,Anti-social behaviour,,
acafd3c983794377be128405cade089490a5ce405d9e5c37a27e273fc0e99812,2020-02,Norfolk Constabulary,Norfolk Constabulary,1.543398,52.636692,On or near Norwich Road,E01026498,Broadland 018B,Criminal damage and arson,Investigation complete; no suspect identified,
5e43a8f355922ebd4826fc593b99f177c22be80318536824b3fa71adda67b6a9,2020-02,Norfolk Constabulary,Norfolk Constabulary,1.547731,52.639450,On or near Supermarket,E01026498,Broadland 018B,Criminal damage and arson,Investigation complete; no suspect identified,
0e178540b7cde16e2ef66409bb817e12cabaccb23981e1578548cf6f3148f1f3,2020-02,Norfolk Constabulary,Norfolk Constabulary,1.548357,52.632209,On or near Carters Loke,E01026498,Broadland 018B,Other theft,Investigation complete; no suspect identified,
b8b5ce8d78457cba19a4eead2dbb9a52b5952c541d552c5aea19b57e0101de3e,2020-02,Norfolk Constabulary,Norfolk Constabulary,1.543398,52.636692,On or near Norwich Road,E01026498,Broadland 018B,Public order,Unable to prosecute suspect,
f167eb345c983c4228853206c3606fe5d1200338f42a036e0cc72a30b8376705,2020-02,Norfolk Constabulary,Norfolk Constabulary,1.547731,52.639450,On or near Supermarket,E01026498,Broadland 018B,Public order,Investigation complete; no suspect identified,
586fb9fb7a4c4f754f484621f75ed40aa3df6df1956da2b255711c19a1b0f029,2020-02,Norfolk Constabulary,Norfolk Constabulary,1.548963,52.632937,On or near Damgate Close,E01026498,Broadland 018B,Public order,Unable to prosecute suspect,
f6ad9c8e96b5f37c6db65723c8176afb8e5890a1b639f6c4478fa42485444975,2020-02,Norfolk Constabulary,Norfolk Constabulary,1.541651,52.643068,On or near Charles Close,E01026498,Broadland 018B,Violence and sexual offences,Further investigation is not in the public interest,
746394fdf904f243dc5e99247dd583d19ca2b0d34349f1eb98d4a8eac270be65,2020-02,Norfolk Constabulary,Norfolk Constabulary,1.548963,52.632937,On or near Damgate Close,E01026498,Broadland 018B,Violence and sexual offences,Action to be taken by another organisation,
b145f7c3ba81f6882fdb1d9b7a4684e884a9804dea58b8af46c21edd8ebd25e7,2020-02,Norfolk Constabulary,Norfolk Constabulary,1.548963,52.632937,On or near Damgate Close,E01026498,Broadland 018B,Violence and sexual offences,Unable to prosecute suspect,
9b73e0fc95bdaf7ed040040dd7109c98bce9e0a8b246a7a44810bf8ebae120e8,2020-02,Norfolk Constabulary,Norfolk Constabulary,1.543398,52.636692,On or near Norwich Road,E01026498,Broadland 018B,Violence and sexual offences,Unable to prosecute suspect,
0b9770abd7f9e9058d5d6fb5e24c19922a78ee1dd51eee646340d0d16e314870,2020-02,Norfolk Constabulary,Norfolk Constabulary,1.547731,52.639450,On or near Supermarket,E01026498,Broadland 018B,Violence and sexual offences,Unable to prosecute suspect,
b7cbc8361392936c2a350b02b36e2f71ad9b5ab800142b3ccf431ac425abb841,2020-02,Norfolk Constabulary,Norfolk Constabulary,1.541651,52.643068,On or near Charles Close,E01026498,Broadland 018B,Other crime,Further investigation is not in the public interest,
809f9d5b150d4e4fda1ded4da62c3b0b78403a7bc3849ee67f89249500471f45,2020-02,Norfolk Constabulary,Norfolk Constabulary,1.568800,52.561384,On or near New Road,E01026538,Broadland 018C,Bicycle theft,Investigation complete; no suspect identified,
7cb507fd9e6932d4826a91dc5c2d3262e25aff1a9c29857d7c81d976c8b2763b,2020-02,Norfolk Constabulary,Norfolk Constabulary,1.569348,52.561044,On or near Chapel Field,E01026538,Broadland 018C,Criminal damage and arson,Unable to prosecute suspect,
7eaa6bb16c712c322e0e0f76470bc3b132e90d98fa5ebeb83338e8c87fd7141b,2020-02,Norfolk Constabulary,Norfolk Constabulary,1.571485,52.559918,On or near School Hill,E01026538,Broadland 018C,Vehicle crime,Investigation complete; no suspect identified,
a592448dd4a05f119b3d218a3fa4794943a314c66c22e8cff37fb96428748026,2020-02,Norfolk Constabulary,Norfolk Constabulary,1.557926,52.592211,On or near Sutton Crescent,E01026538,Broadland 018C,Violence and sexual offences,Unable to prosecute suspect,
fba9529eb0819bc1de2d6cf8a15d33d52b101bf1107a6e8eeb35fad653095b92,2020-02,Norfolk Constabulary,Norfolk Constabulary,1.578482,52.566821,On or near Theme/Adventure Park,E01026538,Broadland 018C,Violence and sexual offences,Action to be taken by another organisation,
,2020-02,Norfolk Constabulary,Norfolk Constabulary,1.551321,52.587427,On or near Pearsons Close,E01026539,Broadland 018D,Anti-social behaviour,,
f85ee8659c6c64a837a6bcab1aa21c6ea3f5ca2d383f2bf8c5a5b822b466bdbe,2020-02,Norfolk Constabulary,Norfolk Constabulary,1.570838,52.608039,On or near Oaklands Close,E01026539,Broadland 018D,Other theft,Status update unavailable,
ac6ed8210bd8712245f7ebd0b60f0e4efa5b301f796d95e3a55108f8fa415682,2020-02,Norfolk Constabulary,Norfolk Constabulary,1.574114,52.605638,On or near Baker'S Road,E01026539,Broadland 018D,Public order,Unable to prosecute suspect,
46e8c20cb2d2afcbfe118a9034cebe746f927ca704c82220f85eaad6a13c81f7,2020-02,Norfolk Constabulary,Norfolk Constabulary,1.545009,52.589730,On or near The Loke,E01026539,Broadland 018D,Public order,Status update unavailable,
e92522563160b787949fe6ab85fb77ce88fc72f79557db4fc1fe5daac3341f60,2020-02,Norfolk Constabulary,Norfolk Constabulary,1.513675,52.610803,On or near Hantons Loke,E01026539,Broadland 018D,Violence and sexual offences,Status update unavailable,
26b5d693c56929fd999c06c32343b2b535c8194e5fe21bcf1565af369e7a440c,2020-02,Norfolk Constabulary,Norfolk Constabulary,1.566308,52.597940,On or near Mill Road,E01026539,Broadland 018D,Violence and sexual offences,Status update unavailable,
e481a214eaec5a320a21b15d936584afb903352f57ee01753d878de281533d7c,2020-02,Norfolk Constabulary,Norfolk Constabulary,-1.333421,54.759209,On or near Shopping Area,E01020746,County Durham 037A,Other theft,Court result unavailable,
f9ce267b8708c6e13f2a1721e00c74a3f7b3d7affb65520703133abc769edc8b,2020-02,Norfolk Constabulary,Norfolk Constabulary,-1.333421,54.759209,On or near Shopping Area,E01020746,County Durham 037A,Public order,Unable to prosecute suspect,
f6ccab79a04a92b8b67abbd8b19615d4c275e7b6229058e6073f2f9df9da150b,2020-02,Norfolk Constabulary,Norfolk Constabulary,-1.015211,53.574786,On or near Kinsbourne Green,E01007555,Doncaster 006B,Violence and sexual offences,Action to be taken by another organisation,
def471c9f318815e4d1f87a1314f936685a9c334d139202e31cfd53f1d9f819b,2020-02,Norfolk Constabulary,Norfolk Constabulary,0.266405,52.391290,On or near Parking Area,E01018026,East Cambridgeshire 004C,Violence and sexual offences,Unable to prosecute suspect,
af7df4e178459a37a0f04be816282dbcba9b26add37577fc0384937c4dfc6738,2020-02,Norfolk Constabulary,Norfolk Constabulary,-0.049637,51.652650,On or near Broadlands Close,E01001440,Enfield 012A,Other theft,Action to be taken by another organisation,
163eeb7388a5d22f06af97ba6aa5780fac2ff335e8e4e11a057ed9711fd8bc8e,2020-02,Norfolk Constabulary,Norfolk Constabulary,-0.065236,51.614249,On or near Supermarket,E01001558,Enfield 033E,Other crime,Action to be taken by another organisation,
5859490064643af1b25f9a28d5d148bc32c1575022843c8ce7a93058f66c1dad,2020-02,Norfolk Constabulary,Norfolk Constabulary,0.171675,52.673542,On or near Apeldoorn Walk,E01018109,Fenland 002E,Other crime,Unable to prosecute suspect,
ece8c3f803d51753a0860ba98b60e1098a516941a1c2743825562ec8f948c610,2020-02,Norfolk Constabulary,Norfolk Constabulary,0.176085,52.653033,On or near Blenheim Way,E01018069,Fenland 003A,Violence and sexual offences,Unable to prosecute suspect,
ba7af3ad73f65c84b821d5dc54be0693682ea21fd5c0e81daa4987e9ab73e0ef,2020-02,Norfolk Constabulary,Norfolk Constabulary,0.162898,52.651261,On or near Harrys Way,E01018070,Fenland 003B,Drugs,Awaiting court outcome,
,2020-02,Norfolk Constabulary,Norfolk Constabulary,0.200408,52.550261,On or near Upwell Road,E01018068,Fenland 004C,Anti-social behaviour,,
7c26ca1dcbc61e33e07376ab233618c2f56fb2de2099cf125cd03d2f92be7b39,2020-02,Norfolk Constabulary,Norfolk Constabulary,0.091892,52.549369,On or near Wherry Close,E01018077,Fenland 007A,Violence and sexual offences,Unable to prosecute suspect,
,2020-02,Norfolk Constabulary,Norfolk Constabulary,0.642944,52.449158,On or near Pheasant Way,E01029926,Forest Heath 001A,Anti-social behaviour,,
babed4ad41db3e9003712c50c54dfc50bd828176c5cab84dc1a97352a95a277b,2020-02,Norfolk Constabulary,Norfolk Constabulary,0.634944,52.448536,On or near St Benedicts Road,E01029926,Forest Heath 001A,Burglary,Investigation complete; no suspect identified,
69740373b77ff10a5bf67aace9d3d0bd543105fa81ee93956f837b7e3499b505,2020-02,Norfolk Constabulary,Norfolk Constabulary,0.634944,52.448536,On or near St Benedicts Road,E01029926,Forest Heath 001A,Criminal damage and arson,Unable to prosecute suspect,
,2020-02,Norfolk Constabulary,Norfolk Constabulary,0.621699,52.453246,On or near Station Way,E01029927,Forest Heath 001B,Anti-social behaviour,,
,2020-02,Norfolk Constabulary,Norfolk Constabulary,0.621699,52.453246,On or near Station Way,E01029927,Forest Heath 001B,Anti-social behaviour,,
24114d4027ccf7c0b5c85a9c7d354014ecb3ed1a3183fb1349a941eb4b4d34fc,2020-02,Norfolk Constabulary,Norfolk Constabulary,0.623892,52.447811,On or near Police Station,E01029927,Forest Heath 001B,Criminal damage and arson,Investigation complete; no suspect identified,
,2020-02,Norfolk Constabulary,Norfolk Constabulary,1.676842,52.699370,On or near Bridge Meadow,E01026605,Great Yarmouth 001A,Anti-social behaviour,,
de745f6465ed50ed582026f5daa4c41818236a6092871ae83db6a0fa6f110808,2020-02,Norfolk Constabulary,Norfolk Constabulary,1.690411,52.697698,On or near Hall Close,E01026605,Great Yarmouth 001A,Burglary,Investigation complete; no suspect identified,
774658a0994db34e3644111668a1c34eed3e543b78016bd9b1c0d17464b50892,2020-02,Norfolk Constabulary,Norfolk Constabulary,1.693257,52.716651,On or near Back Road,E01026606,Great Yarmouth 001B,Other theft,Unable to prosecute suspect,
c53a851a8d7b7f20d7d827b040f9600a6cd80c34826d244f4fb9ba998649f8c8,2020-02,Norfolk Constabulary,Norfolk Constabulary,1.692523,52.714803,On or near The Lane,E01026606,Great Yarmouth 001B,Public order,Unable to prosecute suspect,
c7cbad3faf04f3cc095d2edc6078ded851bc5fd8f81d3713189adfda844db392,2020-02,Norfolk Constabulary,Norfolk Constabulary,1.705093,52.697285,On or near The Glebe,E01026607,Great Yarmouth 001C,Burglary,Unable to prosecute suspect,
a2f83ea4b3008d107449e76ed3ce846406deaac9ebb77f4409d3a64f7d0fdffc,2020-02,Norfolk Constabulary,Norfolk Constabulary,1.689408,52.695112,On or near The Avenue,E01026607,Great Yarmouth 001C,Drugs,Awaiting court outcome,
b069e5aee7ab680cba69cfae6722386213a11d5dc2550b910e729c91cd8e63d7,2020-02,Norfolk Constabulary,Norfolk Constabulary,1.699351,52.691546,On or near Newport Road,E01026607,Great Yarmouth 001C,Public order,Unable to prosecute suspect,
9bbde5379c4d9a7a854c3c3cb31f407c1ad6d6e67ef1de0274a5fca2287d23b3,2020-02,Norfolk Constabulary,Norfolk Constabulary,1.705093,52.697285,On or near The Glebe,E01026607,Great Yarmouth 001C,Violence and sexual offences,Formal action is not in the public interest,
,2020-02,Norfolk Constabulary,Norfolk Constabulary,1.687213,52.675581,On or near West Avenue,E01026627,Great Yarmouth 001D,Anti-social behaviour,,
8c45ccd5eeafd645d6c71cc9f4234001842b43c7c3a0b0cfc8bbe2934efa53e4,2020-02,Norfolk Constabulary,Norfolk Constabulary,1.712492,52.682077,On or near Penguin Road,E01026627,Great Yarmouth 001D,Burglary,Investigation complete; no suspect identified,
589285b8f2da51bf629caca7c7160562fbdb6927b7a989d9dd1dd6b8ba57586f,2020-02,Norfolk Constabulary,Norfolk Constabulary,1.711686,52.678333,On or near Beach Road,E01026627,Great Yarmouth 001D,Criminal damage and arson,Unable to prosecute suspect,
37dd2beb5c07b170447ea47b314111ad0b3c5cab323308c0a6c461d45f196fc0,2020-02,Norfolk Constabulary,Norfolk Constabulary,1.709016,52.679316,On or near Heather Avenue,E01026627,Great Yarmouth 001D,Other theft,Awaiting court outcome,
1c2ad71ae446df961b30b13729c8db90813660dd20d27fd09ecf80ddc4935f5f,2020-02,Norfolk Constabulary,Norfolk Constabulary,1.696004,52.671916,On or near Sharpe Way,E01026628,Great Yarmouth 001E,Violence and sexual offences,Unable to prosecute suspect,
9ba32e1a25915040a69841061a9ea8dd4afe50bc76a7c9df61a1ff464a1bfa12,2020-02,Norfolk Constabulary,Norfolk Constabulary,1.697414,52.672493,On or near Bracecamp Close,E01026628,Great Yarmouth 001E,Violence and sexual offences,Unable to prosecute suspect,
5d89a9172ea39259a1cf3b3ac5dd2a17373fef9b6f657c5450aca9ac99e6e1a6,2020-02,Norfolk Constabulary,Norfolk Constabulary,1.696004,52.671916,On or near Sharpe Way,E01026628,Great Yarmouth 001E,Violence and sexual offences,Unable to prosecute suspect,
cc3d964e483f39bf51c3980be121594d03f05a7f9aa06a38845246a01aa891a0,2020-02,Norfolk Constabulary,Norfolk Constabulary,1.696004,52.671916,On or near Sharpe Way,E01026628,Great Yarmouth 001E,Violence and sexual offences,Court result unavailable,
9f9788af20ce7db8882fcaa251a00c7b7acad7b0c568b46acfb01ccdcc116050,2020-02,Norfolk Constabulary,Norfolk Constabulary,1.696004,52.671916,On or near Sharpe Way,E01026628,Great Yarmouth 001E,Violence and sexual offences,Unable to prosecute suspect,
3f5fe4219d2ce77387d8095c730dda98bbe0fe95c6f476efe348ade76cefcec0,2020-02,Norfolk Constabulary,Norfolk Constabulary,1.696004,52.671916,On or near Sharpe Way,E01026628,Great Yarmouth 001E,Violence and sexual offences,Unable to prosecute suspect,
afa4bd73c754c6cdf21342f7c0c251be22d005926d597d8231208127ae8392c8,2020-02,Norfolk Constabulary,Norfolk Constabulary,1.692508,52.672924,On or near Church View,E01026628,Great Yarmouth 001E,Violence and sexual offences,Unable to prosecute suspect,
a81c1f61a7db2c0b78ee24d4f864562066f4e3b8079020154629ac1380c3999a,2020-02,Norfolk Constabulary,Norfolk Constabulary,1.651274,52.677945,On or near Waterworks Road,E01026629,Great Yarmouth 001F,Burglary,Investigation complete; no suspect identified,
c31bddb9544348a4a36796916931ed1775b59cb2107ef334d7834cbcc5f029b6,2020-02,Norfolk Constabulary,Norfolk Constabulary,1.690781,52.672969,On or near Petrol Station,E01026629,Great Yarmouth 001F,Other theft,Unable to prosecute suspect,
1a4f124ff8ee0fac3676c129404f9f2ddf4f40d24fd19b5aee4c19ee664d2674,2020-02,Norfolk Constabulary,Norfolk Constabulary,1.685421,52.675565,On or near Appleton Drive,E01026629,Great Yarmouth 001F,Other theft,Investigation complete; no suspect identified,
4708e4cf30a6904bb02042982f497c1c579aebf066a821ff844f647d6d76b2f9,2020-02,Norfolk Constabulary,Norfolk Constabulary,1.683143,52.674341,On or near Manor Way,E01026629,Great Yarmouth 001F,Public order,Unable to prosecute suspect,
076798c81a2b6020030aa26b1e6dfe66d278bc4acecd90449fe8304b14dd8cd3,2020-02,Norfolk Constabulary,Norfolk Constabulary,1.688294,52.673829,On or near Wapping,E01026629,Great Yarmouth 001F,Public order,Unable to prosecute suspect,
10e2f1d65719614d3716b9e3144aa69d16da46093449747f69e8519f63ec7c43,2020-02,Norfolk Constabulary,Norfolk Constabulary,1.688294,52.673829,On or near Wapping,E01026629,Great Yarmouth 001F,Public order,Unable to prosecute suspect,
9135a3c6e87ed71cb2d79f67ca6ef489a799ca0dd47be0966d2f9dc78924a5a7,2020-02,Norfolk Constabulary,Norfolk Constabulary,1.688294,52.673829,On or near Wapping,E01026629,Great Yarmouth 001F,Public order,Unable to prosecute suspect,
774b6a81d200a0257e3fd28796244f03f5c460e22f14a17c792228218d283834,2020-02,Norfolk Constabulary,Norfolk Constabulary,1.688294,52.673829,On or near Wapping,E01026629,Great Yarmouth 001F,Vehicle crime,Investigation complete; no suspect identified,
6eb9eccdb551bfa927e4dd0066c3d1eaa81c3c267553819b2247d0e7ac52c38c,2020-02,Norfolk Constabulary,Norfolk Constabulary,1.690781,52.672969,On or near Petrol Station,E01026629,Great Yarmouth 001F,Vehicle crime,Unable to prosecute suspect,
e7f7b2921f0edfa4815e5f68bd9f2fc942ee53b61a4a90ef8eaa34f2a3c9b407,2020-02,Norfolk Constabulary,Norfolk Constabulary,1.649725,52.661866,On or near Church Lane,E01026608,Great Yarmouth 002A,Violence and sexual offences,Unable to prosecute suspect,
9232ab8bb1cccd7985585926ec393984056373a5839a02b2b83b09b4ce76dd7c,2020-02,Norfolk Constabulary,Norfolk Constabulary,1.649725,52.661866,On or near Church Lane,E01026608,Great Yarmouth 002A,Violence and sexual offences,Unable to prosecute suspect,
f0e4be415e4980b75e4c97bbcca682e7c44023e39b792617e62d02e6404c1387,2020-02,Norfolk Constabulary,Norfolk Constabulary,1.661503,52.661016,On or near Poplar Drive,E01026608,Great Yarmouth 002A,Violence and sexual offences,Unable to prosecute suspect,
3184cd6501951a727f370b76228171775157cffe3256099e5c160f76ce1b76f2,2020-02,Norfolk Constabulary,Norfolk Constabulary,1.660383,52.661420,On or near Paddock Farm Drive,E01026608,Great Yarmouth 002A,Violence and sexual offences,Unable to prosecute suspect,
658362f84e8cf0c73d5ed1741355c42470646f02de5e322f8be05331fa0d16d4,2020-02,Norfolk Constabulary,Norfolk Constabulary,1.658441,52.661543,On or near Filby Close,E01026608,Great Yarmouth 002A,Violence and sexual offences,Court result unavailable,
e9c05a344e3b1a24aca67c208ba8a5ebd7c537b8729702eefacdfd075c5cff01,2020-02,Norfolk Constabulary,Norfolk Constabulary,1.593332,52.667243,On or near Church Lane,E01026609,Great Yarmouth 002B,Burglary,Investigation complete; no suspect identified,
020849d561447c9c1d94109597cc36ef6827a27b7a468c7424574ef6b4236a1c,2020-02,Norfolk Constabulary,Norfolk Constabulary,1.585920,52.672109,On or near Hall Road,E01026609,Great Yarmouth 002B,Other theft,Investigation complete; no suspect identified,
146908bbea9180da4e56e561030caf40f13d9560704fcad46505ef60b9d5b1ab,2020-02,Norfolk Constabulary,Norfolk Constabulary,1.614516,52.671698,On or near St Margaret'S Way,E01026609,Great Yarmouth 002B,Violence and sexual offences,Unable to prosecute suspect,
380d1dd89f218440dc702164646539d7f3865cf3a772961578a4acc5182f792f,2020-02,Norfolk Constabulary,Norfolk Constabulary,1.624531,52.688094,On or near Park View Avenue,E01026636,Great Yarmouth 002C,Burglary,Unable to prosecute suspect,
c1a2aa4040177337db36a74550604d7ea2312be25e3aec3225573a9d7945acd1,2020-02,Norfolk Constabulary,Norfolk Constabulary,1.585875,52.703509,On or near High Road,E01026636,Great Yarmouth 002C,Criminal damage and arson,Unable to prosecute suspect,
69d0ae49b8bffbf9bed7b6e2c6b6550014e377b4b6f512c70ddb03c138e87d56,2020-02,Norfolk Constabulary,Norfolk Constabulary,1.581508,52.709488,On or near Bridge Road,E01026636,Great Yarmouth 002C,Other theft,Investigation complete; no suspect identified,
67400752cff85958770aea5a54f1f194650facc8b62aa363498bd1c63ded5da1,2020-02,Norfolk Constabulary,Norfolk Constabulary,1.624531,52.688094,On or near Park View Avenue,E01026636,Great Yarmouth 002C,Other theft,Unable to prosecute suspect,
59c39f72458ab7a9a2a2d203509f0cbaf2e572226d0bd269e7b519b3d6617746,2020-02,Norfolk Constabulary,Norfolk Constabulary,1.581508,52.709488,On or near Bridge Road,E01026636,Great Yarmouth 002C,Vehicle crime,Investigation complete; no suspect identified,
f5d0e79f508de8837670c7b83b0eb02e9e8581a76958976a4d5f1adebd8bede2,2020-02,Norfolk Constabulary,Norfolk Constabulary,1.616899,52.685305,On or near Rectory Close,E01026636,Great Yarmouth 002C,Violence and sexual offences,Action to be taken by another organisation,
93ae7d2b36c74acbc6ae203417ccbc8ac9e4f4deb4ded8c25681ae13f8aa482e,2020-02,Norfolk Constabulary,Norfolk Constabulary,1.624531,52.688094,On or near Park View Avenue,E01026636,Great Yarmouth 002C,Violence and sexual offences,Unable to prosecute suspect,
,2020-02,Norfolk Constabulary,Norfolk Constabulary,1.623589,52.700301,On or near Bosgate Rise,E01026637,Great Yarmouth 002D,Anti-social behaviour,,
9e2165eb1e1e75ef04dc0f1583d87edffc75a0baa4d80c2ed59e1de201f5d08d,2020-02,Norfolk Constabulary,Norfolk Constabulary,1.624500,52.700579,On or near Helen Avenue,E01026637,Great Yarmouth 002D,Other theft,Unable to prosecute suspect,
030689f5dc91c2c992bba583bd5607bcdccd8ff2740c0eabbc15efe94c1ec0b9,2020-02,Norfolk Constabulary,Norfolk Constabulary,1.637337,52.704494,On or near Back Lane,E01026637,Great Yarmouth 002D,Violence and sexual offences,Unable to prosecute suspect,
108b4dc38bb7463a55c6aeee56eb38b3851c0cde9a38b3ac9a676c016557c391,2020-02,Norfolk Constabulary,Norfolk Constabulary,1.627120,52.699852,On or near Hamilton Walk,E01026637,Great Yarmouth 002D,Violence and sexual offences,Formal action is not in the public interest,
c4f6bf1c4ac59c6543bad7f625220c338305537002b519e36ba7890bb5379842,2020-02,Norfolk Constabulary,Norfolk Constabulary,1.637938,52.701921,On or near Cherry Tree Avenue,E01026637,Great Yarmouth 002D,Violence and sexual offences,Unable to prosecute suspect,
ab36389152cf8c9eba9e13c30ce24b52d684bce744f02ca4fd8ef03e1a6b7cdf,2020-02,Norfolk Constabulary,Norfolk Constabulary,1.634283,52.709607,On or near Staithe Road,E01026637,Great Yarmouth 002D,Violence and sexual offences,Unable to prosecute suspect,
1a4c0a979cd5ea805313bb99170951e25bc4f415b83b8a4060ac5ac36d8f9283,2020-02,Norfolk Constabulary,Norfolk Constabulary,1.634280,52.705838,On or near Nursery Close,E01026637,Great Yarmouth 002D,Violence and sexual offences,Unable to prosecute suspect,
5e405b00ef05c6b2c7e46b7b45de2ec2376a60ae6ddfec4c5919cb844ce8ec3d,2020-02,Norfolk Constabulary,Norfolk Constabulary,1.631424,52.701581,On or near Station Close,E01026638,Great Yarmouth 002E,Criminal damage and arson,Investigation complete; no suspect identified,
dace6f50aa997255ab4983ddf40b17083ab039aaa1db1a145640ad6e7d60d09c,2020-02,Norfolk Constabulary,Norfolk Constabulary,1.628102,52.701521,On or near Blenheim Avenue,E01026638,Great Yarmouth 002E,Public order,Unable to prosecute suspect,
b92de320648f1c76ba474d16a3b494f96b020c712ac89ee80cd24f4d92af5e47,2020-02,Norfolk Constabulary,Norfolk Constabulary,1.639925,52.712087,On or near Bensley Road,E01026638,Great Yarmouth 002E,Public order,Unable to prosecute suspect,
4ee83b76b21a33a94068fc85711b7baab6e202bf666ca650756c1a3800e721d9,2020-02,Norfolk Constabulary,Norfolk Constabulary,1.639925,52.712087,On or near Bensley Road,E01026638,Great Yarmouth 002E,Public order,Unable to prosecute suspect,
c9da10744fe48c538dcbd47a50d2b25bbc5e994ef858841646f0603117b7cb00,2020-02,Norfolk Constabulary,Norfolk Constabulary,1.628154,52.701250,On or near Cromwell Close,E01026638,Great Yarmouth 002E,Violence and sexual offences,Unable to prosecute suspect,
f2c8bedcc7897d7bf0249fac7f4dc0ca981b9eb56df32d031ecf8fbaa986e95f,2020-02,Norfolk Constabulary,Norfolk Constabulary,1.628102,52.701521,On or near Blenheim Avenue,E01026638,Great Yarmouth 002E,Violence and sexual offences,Unable to prosecute suspect,
f92e2abd4d67f654778f202d8ab79079d02e1ecc7ca634aa5d82cd02ea3c9d6b,2020-02,Norfolk Constabulary,Norfolk Constabulary,1.625982,52.700948,On or near Woodstock Way,E01026638,Great Yarmouth 002E,Violence and sexual offences,Unable to prosecute suspect,
97d628d4b6fdacddeaeee0b222c6ce14a360a792ce2499e8eb41516d763283b6,2020-02,Norfolk Constabulary,Norfolk Constabulary,1.628102,52.701521,On or near Blenheim Avenue,E01026638,Great Yarmouth 002E,Other crime,Unable to prosecute suspect,
466d30f315e23747f05b180931bd78acc7aec73604865787fbe2b6f6686842eb,2020-02,Norfolk Constabulary,Norfolk Constabulary,1.718414,52.656859,On or near St Andrew'S Close,E01026589,Great Yarmouth 003A,Criminal damage and arson,Investigation complete; no suspect identified,
a8371c3cb55a57bdc71fe4b9709510d4d5dce6e7484373639bb7d68896e17c08,2020-02,Norfolk Constabulary,Norfolk Constabulary,1.719364,52.655507,On or near Yare Close,E01026589,Great Yarmouth 003A,Criminal damage and arson,Unable to prosecute suspect,
6586507e25c56064b1699fa2669357d0b79b366121f09ed39c4c10c7e4f6dab6,2020-02,Norfolk Constabulary,Norfolk Constabulary,1.721301,52.656201,On or near Pegasus Close,E01026589,Great Yarmouth 003A,Other theft,Investigation complete; no suspect identified,
d2d5513ed734017e898f3238596aa13e63a346f4b2be54b8b734b86fc9ea75cc,2020-02,Norfolk Constabulary,Norfolk Constabulary,1.715000,52.656894,On or near Beeleigh Way,E01026589,Great Yarmouth 003A,Public order,Unable to prosecute suspect,
462f0f0a9ad8a8e7dec5a8f51ed3fb92341e6f32dc171951a874dce53e32dfa6,2020-02,Norfolk Constabulary,Norfolk Constabulary,1.723432,52.650126,On or near Church Close,E01026590,Great Yarmouth 003B,Violence and sexual offences,Unable to prosecute suspect,
321b060ddfb0060eaeb432688c69f557c860799e7cd53dcda96b9dc503a0d23c,2020-02,Norfolk Constabulary,Norfolk Constabulary,1.714686,52.654421,On or near Forties Close,E01026590,Great Yarmouth 003B,Violence and sexual offences,Unable to prosecute suspect,
,2020-02,Norfolk Constabulary,Norfolk Constabulary,1.721477,52.660702,On or near Greenhill Avenue,E01026591,Great Yarmouth 003C,Anti-social behaviour,,
8c6fde1b4110022b2aee3c89b7642c5a7d78721a2ffe95ad66ff77e9b9bbe100,2020-02,Norfolk Constabulary,Norfolk Constabulary,1.724625,52.656843,On or near Branford Road,E01026591,Great Yarmouth 003C,Bicycle theft,Investigation complete; no suspect identified,
01259c371e4231d8c3b0c0843e19dfacd9d361c69639132ef1bf6b7456cdc8c9,2020-02,Norfolk Constabulary,Norfolk Constabulary,1.717206,52.661619,On or near Alexander Close,E01026591,Great Yarmouth 003C,Violence and sexual offences,Unable to prosecute suspect,
0b3d572e6716a03becda0c78a1f9f25b4fce7a23254de7497f475e8235fb952a,2020-02,Norfolk Constabulary,Norfolk Constabulary,1.724899,52.652940,On or near Seafield Road South,E01026592,Great Yarmouth 003D,Burglary,Investigation complete; no suspect identified,
7835003271a745d0a24d8de9f02aa837772dc9b2d50ac1aa9f88715c25d90626,2020-02,Norfolk Constabulary,Norfolk Constabulary,1.734147,52.646748,On or near Parking Area,E01026592,Great Yarmouth 003D,Public order,Formal action is not in the public interest,
2a5721e38cecb2e8376bdf6af790a07cc8c58463604f9e74a4866179eda8fd9c,2020-02,Norfolk Constabulary,Norfolk Constabulary,1.734147,52.646748,On or near Parking Area,E01026592,Great Yarmouth 003D,Vehicle crime,Investigation complete; no suspect identified,
a2f5e95aa725ba5c6efc52d282daa2d7882af0e89bdc13c0384913dc3daa2f2d,2020-02,Norfolk Constabulary,Norfolk Constabulary,1.725844,52.653783,On or near Seafield Road North,E01026592,Great Yarmouth 003D,Violence and sexual offences,Further investigation is not in the public interest,
78150f68c871882f47a8dfe07f10d3c64783d8d1c2d92846ac65db65a8b1e5c8,2020-02,Norfolk Constabulary,Norfolk Constabulary,1.725844,52.653783,On or near Seafield Road North,E01026592,Great Yarmouth 003D,Violence and sexual offences,Action to be taken by another organisation,
f712588cdba1f0ab2bfc68091499460ec13fc42fcd385b309c61588372a49cb7,2020-02,Norfolk Constabulary,Norfolk Constabulary,1.730202,52.651649,On or near Edinburgh Close,E01026592,Great Yarmouth 003D,Violence and sexual offences,Unable to prosecute suspect,
5077b40da3cce28951369c52652e41ec8696cc5c1bc6541c2ce46cdd25d515b0,2020-02,Norfolk Constabulary,Norfolk Constabulary,1.730202,52.651649,On or near Edinburgh Close,E01026592,Great Yarmouth 003D,Violence and sexual offences,Unable to prosecute suspect,
059a8b15327b4935a51feee1ebfd83d35fca44131f14468197250f9cbf2c384a,2020-02,Norfolk Constabulary,Norfolk Constabulary,1.726550,52.652006,On or near Jordan Road,E01026592,Great Yarmouth 003D,Violence and sexual offences,Local resolution,
172c0c07a3ccdd3e29e02391fcad26e2894643ec29a5e3fd3429c47ef95eab46,2020-02,Norfolk Constabulary,Norfolk Constabulary,1.725844,52.653783,On or near Seafield Road North,E01026592,Great Yarmouth 003D,Violence and sexual offences,Unable to prosecute suspect,
17e078cc5e5be31b579a92dd72ba0e12e6ab73c8014e6987f970f13e33694839,2020-02,Norfolk Constabulary,Norfolk Constabulary,1.725844,52.653783,On or near Seafield Road North,E01026592,Great Yarmouth 003D,Violence and sexual offences,Further investigation is not in the public interest,
889de2351647ba6a590287d2cd00f6b8f7e57090382c3efb7cf01750e98270a8,2020-02,Norfolk Constabulary,Norfolk Constabulary,1.725844,52.653783,On or near Seafield Road North,E01026592,Great Yarmouth 003D,Other crime,Formal action is not in the public interest,
d91d9d9c1e23f4b23ec557f58aa8a5ff7006a9e0c6c80f8ea3b5aaac03468379,2020-02,Norfolk Constabulary,Norfolk Constabulary,1.725844,52.653783,On or near Seafield Road North,E01026592,Great Yarmouth 003D,Other crime,Formal action is not in the public interest,
,2020-02,Norfolk Constabulary,Norfolk Constabulary,1.724478,52.648159,On or near Old Hall Gardens,E01026593,Great Yarmouth 003E,Anti-social behaviour,,
67371ce4e16fa0001fcfdc6df42291fd18cefb33e03971d6e5e28e6cdbe12fd9,2020-02,Norfolk Constabulary,Norfolk Constabulary,1.717735,52.649046,On or near Weston Rise,E01026593,Great Yarmouth 003E,Criminal damage and arson,Investigation complete; no suspect identified,
55bd67221ce0d161b34ed13f5dfdb8a49c59817fdc740f3043cfb49d7778f2dd,2020-02,Norfolk Constabulary,Norfolk Constabulary,1.721415,52.645539,On or near Westerley Close,E01026593,Great Yarmouth 003E,Drugs,Offender given penalty notice,
5379c22da235361a872913ac173ae4d3a214a892cd1c1b019192c97aa8cf21c5,2020-02,Norfolk Constabulary,Norfolk Constabulary,1.697039,52.659471,On or near A149,E01026593,Great Yarmouth 003E,Drugs,Investigation complete; no suspect identified,
cb217d5ff9342603944e167fb01c4ff9cc529a20f4a2d864fe1fec5c9b7cfb1d,2020-02,Norfolk Constabulary,Norfolk Constabulary,1.726566,52.648543,On or near Croft Road,E01026593,Great Yarmouth 003E,Public order,Formal action is not in the public interest,
00bf60d73ea1ac8aee156702c4926dc745a592d71ad2656d180128bbe33b7309,2020-02,Norfolk Constabulary,Norfolk Constabulary,1.726566,52.648543,On or near Croft Road,E01026593,Great Yarmouth 003E,Shoplifting,Court result unavailable,
ae2cfe67f035bf6bb610d6ce83927d02bc274030e005e9e7ce461b6c99447672,2020-02,Norfolk Constabulary,Norfolk Constabulary,1.726566,52.648543,On or near Croft Road,E01026593,Great Yarmouth 003E,Shoplifting,Local resolution,
d1ef8599ef446004cd04c08df19061271875306db15af1e9146510999172ecbf,2020-02,Norfolk Constabulary,Norfolk Constabulary,1.726566,52.648543,On or near Croft Road,E01026593,Great Yarmouth 003E,Shoplifting,Local resolution,
7f5510896e6c68b4ad1cfed2d93d22546ac504747f4cb1625a09771101ed87cf,2020-02,Norfolk Constabulary,Norfolk Constabulary,1.726566,52.648543,On or near Croft Road,E01026593,Great Yarmouth 003E,Shoplifting,Local resolution,
b82c4f1c1f9599bd99d380b7878f4a68b9724e116440ac0350e599eb4c0437b2,2020-02,Norfolk Constabulary,Norfolk Constabulary,1.726566,52.648543,On or near Croft Road,E01026593,Great Yarmouth 003E,Shoplifting,Local resolution,
84cb3bf133e4eef36820006b9c4f94d622ce066827c0c96d9b74389977aef007,2020-02,Norfolk Constabulary,Norfolk Constabulary,1.726566,52.648543,On or near Croft Road,E01026593,Great Yarmouth 003E,Shoplifting,Local resolution,
7ca068a5380bba5dfb514a9642bd7d9f953eb5e8d15540fffc835d487568bcdf,2020-02,Norfolk Constabulary,Norfolk Constabulary,1.693029,52.642983,On or near Front Road,E01026593,Great Yarmouth 003E,Violence and sexual offences,Unable to prosecute suspect,
571197fb8349c73dccc39016e80ef25348e2a50c837cc8f2a724e08105a21222,2020-02,Norfolk Constabulary,Norfolk Constabulary,1.726566,52.648543,On or near Croft Road,E01026593,Great Yarmouth 003E,Violence and sexual offences,Unable to prosecute suspect,
d180940c4f8dbd86596be4acda7cf7a75a704f4eaed53371f436762dfc93e309,2020-02,Norfolk Constabulary,Norfolk Constabulary,1.726566,52.648543,On or near Croft Road,E01026593,Great Yarmouth 003E,Violence and sexual offences,Unable to prosecute suspect,
4a59aa5cf534390e9ddca11c4cff13f25a1301b784c5cbe88f62649dd918003e,2020-02,Norfolk Constabulary,Norfolk Constabulary,1.718178,52.645731,On or near Coxswain Read Way,E01026593,Great Yarmouth 003E,Violence and sexual offences,Court result unavailable,
0c36b1b1e2177db983808eddea13c24fa1cbf63ea5a980c56e06bf7b798a349a,2020-02,Norfolk Constabulary,Norfolk Constabulary,1.718178,52.645731,On or near Coxswain Read Way,E01026593,Great Yarmouth 003E,Violence and sexual offences,Unable to prosecute suspect,
,2020-02,Norfolk Constabulary,Norfolk Constabulary,1.729909,52.644732,On or near Garfield Terrace,E01026594,Great Yarmouth 003F,Anti-social behaviour,,
794caee8c8936b0489c9f94929cc82201f95ae5d62a6b1379a36c66418ac9415,2020-02,Norfolk Constabulary,Norfolk Constabulary,1.728132,52.644356,On or near Bultitudes Loke,E01026594,Great Yarmouth 003F,Criminal damage and arson,Unable to prosecute suspect,
8a95d9c78441dd34da79d563a3603d017b421283d4706e8b86c517220d0218bc,2020-02,Norfolk Constabulary,Norfolk Constabulary,1.730647,52.643152,On or near St Julian Road,E01026594,Great Yarmouth 003F,Criminal damage and arson,Investigation complete; no suspect identified,
71a4b123ae8706b7a62cc6a0e8e6fa9e58176f704664764bb823db0cf43812bc,2020-02,Norfolk Constabulary,Norfolk Constabulary,1.727214,52.647812,On or near High Street,E01026594,Great Yarmouth 003F,Criminal damage and arson,Local resolution,
2fabbf2b9673f3e8c89ad802c27b0779a96d0e5b4e773872fdc8af718473f434,2020-02,Norfolk Constabulary,Norfolk Constabulary,1.728839,52.648660,On or near Kingston Avenue,E01026594,Great Yarmouth 003F,Other theft,Investigation complete; no suspect identified,
bae1f10e20b3fc8334c16d8225816ae003538cbd59392c51a15de0233b6dac95,2020-02,Norfolk Constabulary,Norfolk Constabulary,1.730647,52.643152,On or near St Julian Road,E01026594,Great Yarmouth 003F,Public order,Unable to prosecute suspect,
e19cda2b25f34def21d789ffcee343185f03edd8329c0ad45487ba2adf60ba8f,2020-02,Norfolk Constabulary,Norfolk Constabulary,1.729909,52.644732,On or near Garfield Terrace,E01026594,Great Yarmouth 003F,Public order,Unable to prosecute suspect,
5a3209bd609fe2d8f37dbe8fb70e11bdfc994b4d8ab7fb9b78df9970cc0112be,2020-02,Norfolk Constabulary,Norfolk Constabulary,1.727011,52.640569,On or near Supermarket,E01026594,Great Yarmouth 003F,Shoplifting,Investigation complete; no suspect identified,
9f977e7a381e2fb46a19309b8e23c275d5e41cfa82df71b97b04c3e28304651e,2020-02,Norfolk Constabulary,Norfolk Constabulary,1.730228,52.644137,On or near Buildings Road,E01026594,Great Yarmouth 003F,Violence and sexual offences,Unable to prosecute suspect,
d6b76ccd0a747b20a292452840acbb283186fcd4306eaf8a4cf0cb403af6fe35,2020-02,Norfolk Constabulary,Norfolk Constabulary,1.730228,52.644137,On or near Buildings Road,E01026594,Great Yarmouth 003F,Violence and sexual offences,Unable to prosecute suspect,
985ce14ff93af51bd3143ca7effde0572faf32b1e1f1892f118e5c0d0ddafce3,2020-02,Norfolk Constabulary,Norfolk Constabulary,1.731573,52.647423,On or near Beach Road,E01026594,Great Yarmouth 003F,Violence and sexual offences,Unable to prosecute suspect,
48e1d81c44266fc52d029824e12ae3935bf67a1585518fd1be2ae2487e2b0c2e,2020-02,Norfolk Constabulary,Norfolk Constabulary,1.729973,52.646700,On or near Lacon Road,E01026594,Great Yarmouth 003F,Violence and sexual offences,Unable to prosecute suspect,
f7d64ef0396966d62b60413f9082a8c14569d5e316f76ff6ffb86420ed67cba3,2020-02,Norfolk Constabulary,Norfolk Constabulary,1.729973,52.646700,On or near Lacon Road,E01026594,Great Yarmouth 003F,Violence and sexual offences,Awaiting court outcome,
dc7081a489d1e7f24a7b329b6d98640ab34b5bb3a63b883bbe2cb4cafc9d64ea,2020-02,Norfolk Constabulary,Norfolk Constabulary,1.731573,52.647423,On or near Beach Road,E01026594,Great Yarmouth 003F,Violence and sexual offences,Unable to prosecute suspect,
facdc90591888b4ee28c691ee9632249e2969baf5c701ee646cf98f30efee001,2020-02,Norfolk Constabulary,Norfolk Constabulary,1.731573,52.647423,On or near Beach Road,E01026594,Great Yarmouth 003F,Violence and sexual offences,Unable to prosecute suspect,
8dbf8bc60a44bb8806ca509a63d306efb272b344dcd29e177828071c88e8f8a9,2020-02,Norfolk Constabulary,Norfolk Constabulary,1.724084,52.645788,On or near Aspen Road,E01026594,Great Yarmouth 003F,Violence and sexual offences,Unable to prosecute suspect,
3cd247c1e7a840629d850d5b43a77a5eac6d8926b1144b8f241c18d1dd7ff84c,2020-02,Norfolk Constabulary,Norfolk Constabulary,1.727558,52.616760,On or near Nursery Terrace,E01026599,Great Yarmouth 004A,Burglary,Unable to prosecute suspect,
5ce2d1efbd1b7282686799ca2c012fa49f4b2fdd793e7066ae7823a65ff87cfa,2020-02,Norfolk Constabulary,Norfolk Constabulary,1.731157,52.619111,On or near Arundel Road,E01026599,Great Yarmouth 004A,Criminal damage and arson,Investigation complete; no suspect identified,
ba951704c9cdb8f100d5294f70ad3cce1e11bf9d84ce0c327ffa0117c639e7e5,2020-02,Norfolk Constabulary,Norfolk Constabulary,1.731157,52.619111,On or near Arundel Road,E01026599,Great Yarmouth 004A,Criminal damage and arson,Investigation complete; no suspect identified,
fa5acb51a01fbefa890b926720ec3f974343c72728e42312c971440b94d00484,2020-02,Norfolk Constabulary,Norfolk Constabulary,1.727558,52.616760,On or near Nursery Terrace,E01026599,Great Yarmouth 004A,Other theft,Investigation complete; no suspect identified,
6fe154b9a3d5f449e5a294b35fa9225ff132e799c922faf73121d6c2ef674f2d,2020-02,Norfolk Constabulary,Norfolk Constabulary,1.729508,52.619190,On or near Harley Road,E01026599,Great Yarmouth 004A,Other theft,Unable to prosecute suspect,
5f7977717ed88f86fdcadd5ac2b8f0444a0cd30bb14b5728fd5513601552e9d9,2020-02,Norfolk Constabulary,Norfolk Constabulary,1.727558,52.616760,On or near Nursery Terrace,E01026599,Great Yarmouth 004A,Vehicle crime,Unable to prosecute suspect,
7f29075e9af27f29d9929271fa0fefcd988fc246510f886aba7b9823a6544b10,2020-02,Norfolk Constabulary,Norfolk Constabulary,1.729508,52.619190,On or near Harley Road,E01026599,Great Yarmouth 004A,Violence and sexual offences,Offender given a caution,
cd8bfb46a7bb441747673ac7605f388ef5b35439a1b003a9b862b32023c3949b,2020-02,Norfolk Constabulary,Norfolk Constabulary,1.726694,52.616167,On or near Apollo Walk,E01026599,Great Yarmouth 004A,Violence and sexual offences,Unable to prosecute suspect,
cf41251314fcb988c93822119fa75dd58e0e8035cb688e0a74d4b5160c0dca23,2020-02,Norfolk Constabulary,Norfolk Constabulary,1.732894,52.619030,On or near Walpole Road,E01026599,Great Yarmouth 004A,Violence and sexual offences,Unable to prosecute suspect,
4c18d215be3d4719bdc0be23c67fb3e19183b7a1e653b4d86178ce8ca6af00eb,2020-02,Norfolk Constabulary,Norfolk Constabulary,1.732894,52.619030,On or near Walpole Road,E01026599,Great Yarmouth 004A,Violence and sexual offences,Unable to prosecute suspect,
85690fe8ecfdd79f7be81612b5c730d790caccf46a6ea6e247cff8ae8facf396,2020-02,Norfolk Constabulary,Norfolk Constabulary,1.732894,52.619030,On or near Walpole Road,E01026599,Great Yarmouth 004A,Violence and sexual offences,Unable to prosecute suspect,
abb5443b1d66e8fbd32e76a4473d1bf9abfa21bebda444f514f5a30f30549fac,2020-02,Norfolk Constabulary,Norfolk Constabulary,1.733283,52.618226,On or near Beaconsfield Road,E01026599,Great Yarmouth 004A,Other crime,Action to be taken by another organisation,
cdedf985f2e28dd5632fdd1117f0b9e386bb9473d1b20ed76c08f87276287bcd,2020-02,Norfolk Constabulary,Norfolk Constabulary,1.733022,52.619844,On or near Salisbury Road,E01026639,Great Yarmouth 004B,Bicycle theft,Investigation complete; no suspect identified,
0ea7e683c0d6e9c5c733d2b0acc6aacb912c4d4c3340739b37c10fa693ff40f9,2020-02,Norfolk Constabulary,Norfolk Constabulary,1.731262,52.620691,On or near Arundel Road,E01026639,Great Yarmouth 004B,Burglary,Investigation complete; no suspect identified,
8b30280681c853e9e85961864d99674917339cca9415576c59a69b0600ea66cd,2020-02,Norfolk Constabulary,Norfolk Constabulary,1.733022,52.619844,On or near Salisbury Road,E01026639,Great Yarmouth 004B,Criminal damage and arson,Unable to prosecute suspect,
a50d5652b5069274c9b84d786cfdc20621141d215d468f99eb987ce05f1d55ee,2020-02,Norfolk Constabulary,Norfolk Constabulary,1.732118,52.620682,On or near Churchill Road,E01026639,Great Yarmouth 004B,Criminal damage and arson,Investigation complete; no suspect identified,
09bd4d615eb1e343eaa36c07d47470191c8b91914e02fbe71e6e409c37a6df79,2020-02,Norfolk Constabulary,Norfolk Constabulary,1.733022,52.619844,On or near Salisbury Road,E01026639,Great Yarmouth 004B,Public order,Unable to prosecute suspect,
cf1c4d0e40f9c6b0d9ccd748061eb0c674c26cd36bc3c080bf2cdd3f02c85d5d,2020-02,Norfolk Constabulary,Norfolk Constabulary,1.732118,52.620682,On or near Churchill Road,E01026639,Great Yarmouth 004B,Public order,Unable to prosecute suspect,
cacf25050b1e932b0fbced619aabe2a26ed8fd36e18d641b56a3095c8e0ee09a,2020-02,Norfolk Constabulary,Norfolk Constabulary,1.731262,52.620691,On or near Arundel Road,E01026639,Great Yarmouth 004B,Violence and sexual offences,Unable to prosecute suspect,
508ca729302d69f4989ebd9b3274a8625ced4c3a7d7820f6f9491d6921925464,2020-02,Norfolk Constabulary,Norfolk Constabulary,1.737133,52.617969,On or near Marine Crescent,E01026639,Great Yarmouth 004B,Violence and sexual offences,Unable to prosecute suspect,
47fb6635b3c1cd96c76f38d1721a22815f7c24f13b7c71be2274382a2e40fd59,2020-02,Norfolk Constabulary,Norfolk Constabulary,1.736636,52.621142,On or near Collingwood Road,E01026639,Great Yarmouth 004B,Violence and sexual offences,Unable to prosecute suspect,
383e3079bad8312cebfc37f2cf45c60f08534ab0e85633805824de0b44ed1d3c,2020-02,Norfolk Constabulary,Norfolk Constabulary,1.732205,52.622227,On or near Windsor Avenue,E01026639,Great Yarmouth 004B,Violence and sexual offences,Unable to prosecute suspect,
08db0d6c082f06aded2fd54af22d6e0807ab00e7666dd1854845b8854f8af878,2020-02,Norfolk Constabulary,Norfolk Constabulary,1.730830,52.621523,On or near Hamilton Road,E01026639,Great Yarmouth 004B,Violence and sexual offences,Investigation complete; no suspect identified,
,2020-02,Norfolk Constabulary,Norfolk Constabulary,1.726818,52.630824,On or near Parking Area,E01026640,Great Yarmouth 004C,Anti-social behaviour,,
,2020-02,Norfolk Constabulary,Norfolk Constabulary,1.729665,52.624330,On or near Keyes Avenue,E01026640,Great Yarmouth 004C,Anti-social behaviour,,
28face3239f8ee3530b2d35a75f66b42015a6de820141685af13c9ad4bba723d,2020-02,Norfolk Constabulary,Norfolk Constabulary,1.733213,52.625208,On or near Beatty Road,E01026640,Great Yarmouth 004C,Burglary,Investigation complete; no suspect identified,
76eddce88e05fab2cb342e1fd2234bd3d390fb543436f30f31ed952908621c4b,2020-02,Norfolk Constabulary,Norfolk Constabulary,1.733213,52.625208,On or near Beatty Road,E01026640,Great Yarmouth 004C,Burglary,Investigation complete; no suspect identified,
990b16d64140bc63865ce180470becb0fd0f79ffe385b348f9ea15b62b880243,2020-02,Norfolk Constabulary,Norfolk Constabulary,1.726906,52.622475,On or near Wherry Way,E01026640,Great Yarmouth 004C,Burglary,Investigation complete; no suspect identified,
5868055be41a7744ead5a828b9b2e3de63d9600d3e024464849da537a0c30c63,2020-02,Norfolk Constabulary,Norfolk Constabulary,1.731517,52.626467,On or near Seymour Avenue,E01026640,Great Yarmouth 004C,Burglary,Investigation complete; no suspect identified,
a5c8db46698d6045d12947b988aad5ba4649ddbd13e21e96dfaf3375d9e3b806,2020-02,Norfolk Constabulary,Norfolk Constabulary,1.733213,52.625208,On or near Beatty Road,E01026640,Great Yarmouth 004C,Criminal damage and arson,Investigation complete; no suspect identified,
1dcbd1b6dbef9b137821a7bdb1d8448c70b6c5f693228ca1964b14080d27d63a,2020-02,Norfolk Constabulary,Norfolk Constabulary,1.731342,52.623540,On or near Onslow Avenue,E01026640,Great Yarmouth 004C,Drugs,Awaiting court outcome,
1a398768fbd58daf94ccf7ba22bec21c194ec0f301d43e9efeccb2265b318956,2020-02,Norfolk Constabulary,Norfolk Constabulary,1.729594,52.620717,On or near Harley Road,E01026640,Great Yarmouth 004C,Other theft,Investigation complete; no suspect identified,
f6dc48a7cf02f4d18f7c52d7124da239bd70b3572e954d2b31633e2c19c40f52,2020-02,Norfolk Constabulary,Norfolk Constabulary,1.728392,52.623093,On or near Barnard Crescent,E01026640,Great Yarmouth 004C,Other theft,Investigation complete; no suspect identified,
89c12cc4001393bcccc4e6e1bf3a4d35468bd4cb4d9e86f406f0301bb3922046,2020-02,Norfolk Constabulary,Norfolk Constabulary,1.726906,52.622475,On or near Wherry Way,E01026640,Great Yarmouth 004C,Other theft,Unable to prosecute suspect,
2310e3c3e824c4382927c43804f221347139aba4b4c2e38df2da5f2b8a9cce0e,2020-02,Norfolk Constabulary,Norfolk Constabulary,1.729594,52.620717,On or near Harley Road,E01026640,Great Yarmouth 004C,Other theft,Investigation complete; no suspect identified,
870bb2d88db08a2ba295e52de3d2358f4cb03e21b6dd57fff41f2aef7c6cc7e2,2020-02,Norfolk Constabulary,Norfolk Constabulary,1.729532,52.625549,On or near Hawkins Close,E01026640,Great Yarmouth 004C,Vehicle crime,Investigation complete; no suspect identified,
bf110ace7a8c10d67a3fc79a736d86d717f7a186c55cb065d5eff2f4feb73c68,2020-02,Norfolk Constabulary,Norfolk Constabulary,1.733213,52.625208,On or near Beatty Road,E01026640,Great Yarmouth 004C,Violence and sexual offences,Unable to prosecute suspect,
226fce3a3b083165d6c0e1ab47f389390015951b2cdc9bf225501f0027889d3d,2020-02,Norfolk Constabulary,Norfolk Constabulary,1.731059,52.626994,On or near Cradock Avenue,E01026640,Great Yarmouth 004C,Violence and sexual offences,Unable to prosecute suspect,
f13f202f8f36d371d480fef9a0f73c503a952ea3c0b2202e6eeccd4f5857e009,2020-02,Norfolk Constabulary,Norfolk Constabulary,1.728598,52.620820,On or near Bus/Coach Station,E01026640,Great Yarmouth 004C,Violence and sexual offences,Unable to prosecute suspect,
4c9264af922d6b1228bdeb1b59756b56183c4b82823cfee9bc1c2335938b63db,2020-02,Norfolk Constabulary,Norfolk Constabulary,1.731059,52.626994,On or near Cradock Avenue,E01026640,Great Yarmouth 004C,Violence and sexual offences,Unable to prosecute suspect,
b4581076cacf0a1627f2b07a4eda0d07e5c257d8bbc9c348d42586d56d8a9bfd,2020-02,Norfolk Constabulary,Norfolk Constabulary,1.731059,52.626994,On or near Cradock Avenue,E01026640,Great Yarmouth 004C,Violence and sexual offences,Unable to prosecute suspect,
bf5cf257416aa386fffb3fa8d4f04dc83ae218d4302a7e7e54f1350d556617f0,2020-02,Norfolk Constabulary,Norfolk Constabulary,1.733213,52.625208,On or near Beatty Road,E01026640,Great Yarmouth 004C,Violence and sexual offences,Unable to prosecute suspect,
002fbb80402e2600498cac927013ae7633617e628502209746c08b6177232efd,2020-02,Norfolk Constabulary,Norfolk Constabulary,1.731059,52.626994,On or near Cradock Avenue,E01026640,Great Yarmouth 004C,Violence and sexual offences,Unable to prosecute suspect,
,2020-02,Norfolk Constabulary,Norfolk Constabulary,1.732266,52.625022,On or near Grenville Place,E01026641,Great Yarmouth 004D,Anti-social behaviour,,
,2020-02,Norfolk Constabulary,Norfolk Constabulary,1.735931,52.625878,On or near Chaucer Road,E01026641,Great Yarmouth 004D,Anti-social behaviour,,
ba7684f5ff6b11302253bff7b6bc12451f01dc87b3dc31dbe4c38460e4a4c42f,2020-02,Norfolk Constabulary,Norfolk Constabulary,1.731553,52.625332,On or near Perebrown Avenue,E01026641,Great Yarmouth 004D,Criminal damage and arson,Investigation complete; no suspect identified,
aa439218f5db57486c656f846ae63d3013f212a67dda773ed3c4e76c3cd5e180,2020-02,Norfolk Constabulary,Norfolk Constabulary,1.731553,52.625332,On or near Perebrown Avenue,E01026641,Great Yarmouth 004D,Criminal damage and arson,Investigation complete; no suspect identified,
1f5fce33e45584b624278f498a17a6e3e755b4f3557fea7ba620882346229904,2020-02,Norfolk Constabulary,Norfolk Constabulary,1.731553,52.625332,On or near Perebrown Avenue,E01026641,Great Yarmouth 004D,Criminal damage and arson,Investigation complete; no suspect identified,
b6d7121f86f9c37e0c4617bb890861413485f05dd963ed337ff4ccd14272e60b,2020-02,Norfolk Constabulary,Norfolk Constabulary,1.734563,52.626128,On or near Sturdee Avenue,E01026641,Great Yarmouth 004D,Other theft,Offender given a caution,
e14c9fbbce94aa10a46250f65703cefbc8924aa6def68a66dae7bb8b205871e0,2020-02,Norfolk Constabulary,Norfolk Constabulary,1.733400,52.627577,On or near Jellicoe Road,E01026641,Great Yarmouth 004D,Other theft,Court result unavailable,
fe8d9b2f846081e284c88a32d9cf2f34d9ba6478b526679e8d9cc1d80c3dd8a6,2020-02,Norfolk Constabulary,Norfolk Constabulary,1.734104,52.623867,On or near Raleigh Avenue,E01026641,Great Yarmouth 004D,Other theft,Investigation complete; no suspect identified,
532e6779bd2a869335e081ee31a1ced6d1c10eba4d191661c10e5b6eeed4c715,2020-02,Norfolk Constabulary,Norfolk Constabulary,1.734666,52.624739,On or near Beatty Close,E01026641,Great Yarmouth 004D,Other theft,Unable to prosecute suspect,
119f75df9e617ea43618debb5747623dad8bf2f6359e02c399c5e57907200104,2020-02,Norfolk Constabulary,Norfolk Constabulary,1.737143,52.627090,On or near Milton Road,E01026641,Great Yarmouth 004D,Possession of weapons,Unable to prosecute suspect,
392328a649f16148418bb5fabe8ed3675fd47565c4dfb00a7ea6fea2fd956165,2020-02,Norfolk Constabulary,Norfolk Constabulary,1.737143,52.627090,On or near Milton Road,E01026641,Great Yarmouth 004D,Violence and sexual offences,Unable to prosecute suspect,
42b2f41ca7a5d6af54836cac32271a2a3881285c31c1b5ac4c6e81616c029f70,2020-02,Norfolk Constabulary,Norfolk Constabulary,1.731553,52.625332,On or near Perebrown Avenue,E01026641,Great Yarmouth 004D,Violence and sexual offences,Investigation complete; no suspect identified,
31d2df5a1a3d0b0da563e249e7273d6d921e35fdadc08464eddbe90e7df44ba0,2020-02,Norfolk Constabulary,Norfolk Constabulary,1.737143,52.627090,On or near Milton Road,E01026641,Great Yarmouth 004D,Violence and sexual offences,Unable to prosecute suspect,
4cf37991fcfe3b71feeb4cde73db448b51f9420dede72fc04660abd9c5193778,2020-02,Norfolk Constabulary,Norfolk Constabulary,1.735931,52.625878,On or near Chaucer Road,E01026641,Great Yarmouth 004D,Violence and sexual offences,Unable to prosecute suspect,
6240807dbebfc24cc94a132bef1021f47b4328fecfe302edf44b3bc11baf9784,2020-02,Norfolk Constabulary,Norfolk Constabulary,1.738232,52.625823,On or near Shakespeare Road,E01026641,Great Yarmouth 004D,Violence and sexual offences,Unable to prosecute suspect,
1e079c5c88a86585b32ad1f30119bb3affbb0f77f50a2eeb63f993d8ec9e0b78,2020-02,Norfolk Constabulary,Norfolk Constabulary,1.734666,52.624739,On or near Beatty Close,E01026641,Great Yarmouth 004D,Violence and sexual offences,Unable to prosecute suspect,
daa47d31f17ea536a5db5c590394792aab56f1e2f75227023a926c9e40061e9b,2020-02,Norfolk Constabulary,Norfolk Constabulary,1.734104,52.623867,On or near Raleigh Avenue,E01026641,Great Yarmouth 004D,Violence and sexual offences,Unable to prosecute suspect,
1cf57e78a6891b20b2484c252b61952b7d3fe8ada782f9a1a29e192cbdbc74a8,2020-02,Norfolk Constabulary,Norfolk Constabulary,1.737148,52.624724,On or near Tennyson Road,E01026641,Great Yarmouth 004D,Violence and sexual offences,Formal action is not in the public interest,
,2020-02,Norfolk Constabulary,Norfolk Constabulary,1.737055,52.611505,On or near Parking Area,E01026595,Great Yarmouth 005A,Anti-social behaviour,,
,2020-02,Norfolk Constabulary,Norfolk Constabulary,1.736232,52.612601,On or near Sports/Recreation Area,E01026595,Great Yarmouth 005A,Anti-social behaviour,,
,2020-02,Norfolk Constabulary,Norfolk Constabulary,1.729601,52.615760,On or near Maud Terrace,E01026595,Great Yarmouth 005A,Anti-social behaviour,,
,2020-02,Norfolk Constabulary,Norfolk Constabulary,1.735664,52.613563,On or near Sandown Road,E01026595,Great Yarmouth 005A,Anti-social behaviour,,
,2020-02,Norfolk Constabulary,Norfolk Constabulary,1.737055,52.611505,On or near Parking Area,E01026595,Great Yarmouth 005A,Anti-social behaviour,,
,2020-02,Norfolk Constabulary,Norfolk Constabulary,1.728591,52.614659,On or near Hammond Road,E01026595,Great Yarmouth 005A,Anti-social behaviour,,
d93d8ae202035d3b98d73fbe8480e4de46f98094e9b7177c1cd4962029149de2,2020-02,Norfolk Constabulary,Norfolk Constabulary,1.736408,52.616220,On or near Sports/Recreation Area,E01026595,Great Yarmouth 005A,Burglary,Investigation complete; no suspect identified,
ea5108022e4bad62e88486064a4214cf53b771bad5021442507d91b631de6518,2020-02,Norfolk Constabulary,Norfolk Constabulary,1.729874,52.615149,On or near Belvidere Road,E01026595,Great Yarmouth 005A,Criminal damage and arson,Investigation complete; no suspect identified,
e778e103df9551639d10a9d15ce67485ab2ea84336a30e9aa0742a5d27b9189a,2020-02,Norfolk Constabulary,Norfolk Constabulary,1.734177,52.613970,On or near Stephenson Close,E01026595,Great Yarmouth 005A,Criminal damage and arson,Unable to prosecute suspect,
c0c7f921941526a1650b3cba5586ebf0397ec787764cf4d9daddcebbfc706d5e,2020-02,Norfolk Constabulary,Norfolk Constabulary,1.730332,52.613938,On or near Kitchener Road,E01026595,Great Yarmouth 005A,Criminal damage and arson,Investigation complete; no suspect identified,
6cd4c42100828ada8eb666f8bc028f15ab4f1d4f02381a9ad5843a3453fadd88,2020-02,Norfolk Constabulary,Norfolk Constabulary,1.729009,52.613665,On or near North Road,E01026595,Great Yarmouth 005A,Criminal damage and arson,Court result unavailable,
ed1609e0d9f133562bb10d4f24da80326ee548db5bd351a6e84e6e95007731de,2020-02,Norfolk Constabulary,Norfolk Constabulary,1.729874,52.615149,On or near Belvidere Road,E01026595,Great Yarmouth 005A,Criminal damage and arson,Investigation complete; no suspect identified,
d5641bbc0f46760b8d66751eeddef35a8615b0dafad6af54ecb282c1db26c8dd,2020-02,Norfolk Constabulary,Norfolk Constabulary,1.734623,52.617644,On or near Sports/Recreation Area,E01026595,Great Yarmouth 005A,Criminal damage and arson,Investigation complete; no suspect identified,
f2358cc7275a02521e48d032454d6c3da92b740167ac49bc918123aca15f9d6d,2020-02,Norfolk Constabulary,Norfolk Constabulary,1.734623,52.617644,On or near Sports/Recreation Area,E01026595,Great Yarmouth 005A,Drugs,Offender given penalty notice,
2d6ccb8b7f6e3eb67276d34a20e9cdf9a9abb0133ee9e3482d21676af88a7424,2020-02,Norfolk Constabulary,Norfolk Constabulary,1.730332,52.613938,On or near Kitchener Road,E01026595,Great Yarmouth 005A,Other theft,Investigation complete; no suspect identified,
7b94f447bc2c48bf383aaec777c046379d6eabd217da33bf6b2927b43ac58180,2020-02,Norfolk Constabulary,Norfolk Constabulary,1.736408,52.616220,On or near Sports/Recreation Area,E01026595,Great Yarmouth 005A,Other theft,Status update unavailable,
97cca2cede3b59f7e09bf83ef2564e06b5e44c7e47ebabedd8f2cbca097b2578,2020-02,Norfolk Constabulary,Norfolk Constabulary,1.730811,52.616271,On or near Estcourt Road,E01026595,Great Yarmouth 005A,Public order,Unable to prosecute suspect,
ac7d420d8b7a17a3dff06717f2fe2400feb2bc8adaeebd87d2fd8e979036e4a2,2020-02,Norfolk Constabulary,Norfolk Constabulary,1.728880,52.615972,On or near Victoria Street,E01026595,Great Yarmouth 005A,Public order,Unable to prosecute suspect,
34ed6fe1036cd549c702467b416bc148e73305aad53624054a57d0ea354486ad,2020-02,Norfolk Constabulary,Norfolk Constabulary,1.731892,52.618027,On or near Churchill Road,E01026595,Great Yarmouth 005A,Shoplifting,Status update unavailable,
d080a05e64323ce6aedc76346aef369a29989e200e42529a586ee5f7fa43ef4e,2020-02,Norfolk Constabulary,Norfolk Constabulary,1.730379,52.618308,On or near Parking Area,E01026595,Great Yarmouth 005A,Violence and sexual offences,Unable to prosecute suspect,
e3f8c468e70083253aabcd1cf210a5cc609780ee125e6acee97c204b438a75b2,2020-02,Norfolk Constabulary,Norfolk Constabulary,1.734177,52.613970,On or near Stephenson Close,E01026595,Great Yarmouth 005A,Violence and sexual offences,Unable to prosecute suspect,
970a51503a3a78c468a23a345da8ef0bd8ffe01a041659f183ce78330d9ed296,2020-02,Norfolk Constabulary,Norfolk Constabulary,1.728170,52.612846,On or near Town Wall Road,E01026595,Great Yarmouth 005A,Violence and sexual offences,Unable to prosecute suspect,
6f2fa6ff520d58f55c2b0e079b730dfca23d2a763f01d72c6fe6595a81ff046b,2020-02,Norfolk Constabulary,Norfolk Constabulary,1.734177,52.613970,On or near Stephenson Close,E01026595,Great Yarmouth 005A,Violence and sexual offences,Unable to prosecute suspect,
b27cbe734341df69b75ee8713971546a217a706da9f8e4160d0f8e0617fe1145,2020-02,Norfolk Constabulary,Norfolk Constabulary,1.737897,52.614788,On or near North Drive,E01026595,Great Yarmouth 005A,Violence and sexual offences,Unable to prosecute suspect,
02f2bead72e0544ca8950c4559ca4ce09b3559136d049cc8e739f230d2f76957,2020-02,Norfolk Constabulary,Norfolk Constabulary,1.730379,52.618308,On or near Parking Area,E01026595,Great Yarmouth 005A,Violence and sexual offences,Unable to prosecute suspect,
9813045cdb50438062069f765742aa372e60eeb586ea44c33095a963dbb35ccb,2020-02,Norfolk Constabulary,Norfolk Constabulary,1.729694,52.612690,On or near East Road,E01026595,Great Yarmouth 005A,Violence and sexual offences,Unable to prosecute suspect,
294667db1329d0f1ab161172ad3fb3be25df177b5ab003c02851eed52f08e966,2020-02,Norfolk Constabulary,Norfolk Constabulary,1.728170,52.612846,On or near Town Wall Road,E01026595,Great Yarmouth 005A,Violence and sexual offences,Unable to prosecute suspect,
0c858d2c66eb0647f7c2e3e2bcefd859de860f6d218114770d45b8101d0a6b0e,2020-02,Norfolk Constabulary,Norfolk Constabulary,1.737055,52.611505,On or near Parking Area,E01026595,Great Yarmouth 005A,Violence and sexual offences,Unable to prosecute suspect,
85c242bee20a13988e5bc0884a33ff38d81bffbf4f487bee3e77c7f2f3f3dcec,2020-02,Norfolk Constabulary,Norfolk Constabulary,1.729601,52.615760,On or near Maud Terrace,E01026595,Great Yarmouth 005A,Violence and sexual offences,Unable to prosecute suspect,
2b91b90b1156da99abf001625afb8602e69d57aca4432ddd918299d15fa27a7b,2020-02,Norfolk Constabulary,Norfolk Constabulary,1.735664,52.613563,On or near Sandown Road,E01026595,Great Yarmouth 005A,Violence and sexual offences,Unable to prosecute suspect,
86515ee4efca792206eb61ce548eae8f0453ab6baabc789e6164928eea42786b,2020-02,Norfolk Constabulary,Norfolk Constabulary,1.730379,52.618308,On or near Parking Area,E01026595,Great Yarmouth 005A,Violence and sexual offences,Unable to prosecute suspect,
1c69f03022a014d62bdf1012f2a4efdcef7f4c25584fe97c6762f8166199eea5,2020-02,Norfolk Constabulary,Norfolk Constabulary,1.730379,52.618308,On or near Parking Area,E01026595,Great Yarmouth 005A,Violence and sexual offences,Unable to prosecute suspect,
80dbd692ebbe9bf8e22ae90d7354930d11ea3672294169097bf37ea2488cda73,2020-02,Norfolk Constabulary,Norfolk Constabulary,1.737897,52.614788,On or near North Drive,E01026595,Great Yarmouth 005A,Violence and sexual offences,Unable to prosecute suspect,
ba943a9815457d8d6d3d90b65854bd24d0882f0358a97d40436a10a8eea82990,2020-02,Norfolk Constabulary,Norfolk Constabulary,1.729009,52.613665,On or near North Road,E01026595,Great Yarmouth 005A,Violence and sexual offences,Unable to prosecute suspect,
2ae50c214231d90f952f74281c744ec5389fcd4fa44bffc172cd8fb1d63b91ee,2020-02,Norfolk Constabulary,Norfolk Constabulary,1.727334,52.614654,On or near Northgate Street,E01026595,Great Yarmouth 005A,Violence and sexual offences,Unable to prosecute suspect,
b58f93ce1304da94b48210f9a93757d9b04efca5f7c674e1955c08fe42406275,2020-02,Norfolk Constabulary,Norfolk Constabulary,1.735664,52.613563,On or near Sandown Road,E01026595,Great Yarmouth 005A,Violence and sexual offences,Unable to prosecute suspect,
5e4883d238b746656bd27de04073ba1479551b071783c126ea35f51c56f70169,2020-02,Norfolk Constabulary,Norfolk Constabulary,1.728880,52.615972,On or near Victoria Street,E01026595,Great Yarmouth 005A,Violence and sexual offences,Unable to prosecute suspect,
dbd30535835adb1f5cb4ece983d20357bd58099db571d31e72147957d41bc3ce,2020-02,Norfolk Constabulary,Norfolk Constabulary,1.730379,52.618308,On or near Parking Area,E01026595,Great Yarmouth 005A,Violence and sexual offences,Unable to prosecute suspect,
6931594f63b51a6f43debaa1e973507a388abfce96470d23e3d872809ae4957d,2020-02,Norfolk Constabulary,Norfolk Constabulary,1.728682,52.615034,On or near Moat Road,E01026595,Great Yarmouth 005A,Violence and sexual offences,Court result unavailable,
a4ad50759cf4744479f1aa5685e6699aa0c8633550982cd4b25b2136495691de,2020-02,Norfolk Constabulary,Norfolk Constabulary,1.728170,52.612846,On or near Town Wall Road,E01026595,Great Yarmouth 005A,Violence and sexual offences,Unable to prosecute suspect,
750be31c87f0b4f6c58c6e36893054468eafffa1d48c641105264c77f2298df7,2020-02,Norfolk Constabulary,Norfolk Constabulary,1.728880,52.615972,On or near Victoria Street,E01026595,Great Yarmouth 005A,Other crime,Unable to prosecute suspect,
,2020-02,Norfolk Constabulary,Norfolk Constabulary,1.728130,52.612020,On or near Ferrier Road,E01026596,Great Yarmouth 005B,Anti-social behaviour,,
,2020-02,Norfolk Constabulary,Norfolk Constabulary,1.725372,52.612952,On or near Rampart Road,E01026596,Great Yarmouth 005B,Anti-social behaviour,,
1a0371424aa6997d849dfc03b00e6d26e535fb7c7d1e57cbc921b6790599ab65,2020-02,Norfolk Constabulary,Norfolk Constabulary,1.722845,52.614345,On or near Archer'S Road,E01026596,Great Yarmouth 005B,Burglary,Investigation complete; no suspect identified,
6ac90851b24a7c95b3effde099e051ec36c64609b858d5b4ac945a558749834f,2020-02,Norfolk Constabulary,Norfolk Constabulary,1.725412,52.613599,On or near Garrison Road,E01026596,Great Yarmouth 005B,Criminal damage and arson,Investigation complete; no suspect identified,
d43b3f8c6ab518ee269e2bba16f79b22aa01be9bd481a31d096c4b5074b61c0e,2020-02,Norfolk Constabulary,Norfolk Constabulary,1.719687,52.618231,On or near Pattinson'S Road,E01026596,Great Yarmouth 005B,Criminal damage and arson,Unable to prosecute suspect,
58beb803f0327657d83aac0b0117fccc0849cb33fcc2835b0c33062d748c1156,2020-02,Norfolk Constabulary,Norfolk Constabulary,1.725372,52.612952,On or near Rampart Road,E01026596,Great Yarmouth 005B,Criminal damage and arson,Investigation complete; no suspect identified,
e68032d961d05e5e50d5317f93f9b461a6f5ff34deccea87b37fbcceb1352c18,2020-02,Norfolk Constabulary,Norfolk Constabulary,1.719687,52.618231,On or near Pattinson'S Road,E01026596,Great Yarmouth 005B,Drugs,Awaiting court outcome,
bd11b93a7ee37cc475f8767fb10e05dd98bb9930ac22b56b1e02945e78e9eb56,2020-02,Norfolk Constabulary,Norfolk Constabulary,1.719687,52.618231,On or near Pattinson'S Road,E01026596,Great Yarmouth 005B,Drugs,Offender given a drugs possession warning,
f768421f4b471aa8b828634216a31b75f0e0947c142b620e9df14494b98b9284,2020-02,Norfolk Constabulary,Norfolk Constabulary,1.724642,52.617230,On or near Lawn Avenue,E01026596,Great Yarmouth 005B,Public order,Unable to prosecute suspect,
05d670121b1e25f36afa379940fec2fc00e75130010e937f3abb0e7cfb8c8bc8,2020-02,Norfolk Constabulary,Norfolk Constabulary,1.719687,52.618231,On or near Pattinson'S Road,E01026596,Great Yarmouth 005B,Public order,Unable to prosecute suspect,
0ea49368c5029da31e96062eb6b8bcf955f08f48338abe77f56631c344f70c46,2020-02,Norfolk Constabulary,Norfolk Constabulary,1.719687,52.618231,On or near Pattinson'S Road,E01026596,Great Yarmouth 005B,Public order,Unable to prosecute suspect,
0a7e6999c1715f1ad11d8dfac51382dca089299dacf6988877d92ce77c7040b4,2020-02,Norfolk Constabulary,Norfolk Constabulary,1.721506,52.613893,On or near School Road,E01026596,Great Yarmouth 005B,Shoplifting,Unable to prosecute suspect,
d68826218092ab76579741469924eae5800939f5289ed639e7deb20a3d681e91,2020-02,Norfolk Constabulary,Norfolk Constabulary,1.719687,52.618231,On or near Pattinson'S Road,E01026596,Great Yarmouth 005B,Violence and sexual offences,Unable to prosecute suspect,
fbeba0e335f52bcbc62cf1ebda9b3ce7ee609e72f8d6fe5bf9e584fd54e206d4,2020-02,Norfolk Constabulary,Norfolk Constabulary,1.727885,52.613656,On or near Frederick Road,E01026596,Great Yarmouth 005B,Violence and sexual offences,Unable to prosecute suspect,
36fd1a6999dd65b8b4eaa789f5f1c3ae81b0692f748fc907f2fcb572f03b7985,2020-02,Norfolk Constabulary,Norfolk Constabulary,1.719687,52.618231,On or near Pattinson'S Road,E01026596,Great Yarmouth 005B,Violence and sexual offences,Unable to prosecute suspect,
c7b04a84031e259dafed30fa0ef592191891b832adde25652d427844f0470072,2020-02,Norfolk Constabulary,Norfolk Constabulary,1.728130,52.612020,On or near Ferrier Road,E01026596,Great Yarmouth 005B,Violence and sexual offences,Investigation complete; no suspect identified,
,2020-02,Norfolk Constabulary,Norfolk Constabulary,1.724351,52.609117,On or near Herries Close,E01026597,Great Yarmouth 005C,Anti-social behaviour,,
,2020-02,Norfolk Constabulary,Norfolk Constabulary,1.728887,52.607724,On or near Regent Boulevard,E01026597,Great Yarmouth 005C,Anti-social behaviour,,
,2020-02,Norfolk Constabulary,Norfolk Constabulary,1.724351,52.609117,On or near Herries Close,E01026597,Great Yarmouth 005C,Anti-social behaviour,,
,2020-02,Norfolk Constabulary,Norfolk Constabulary,1.724351,52.609117,On or near Herries Close,E01026597,Great Yarmouth 005C,Anti-social behaviour,,
,2020-02,Norfolk Constabulary,Norfolk Constabulary,1.724351,52.609117,On or near Herries Close,E01026597,Great Yarmouth 005C,Anti-social behaviour,,
,2020-02,Norfolk Constabulary,Norfolk Constabulary,1.724351,52.609117,On or near Herries Close,E01026597,Great Yarmouth 005C,Anti-social behaviour,,
,2020-02,Norfolk Constabulary,Norfolk Constabulary,1.728887,52.607724,On or near Regent Boulevard,E01026597,Great Yarmouth 005C,Anti-social behaviour,,
,2020-02,Norfolk Constabulary,Norfolk Constabulary,1.724351,52.609117,On or near Herries Close,E01026597,Great Yarmouth 005C,Anti-social behaviour,,
,2020-02,Norfolk Constabulary,Norfolk Constabulary,1.724351,52.609117,On or near Herries Close,E01026597,Great Yarmouth 005C,Anti-social behaviour,,
,2020-02,Norfolk Constabulary,Norfolk Constabulary,1.723056,52.609005,On or near Coronation Terrace,E01026597,Great Yarmouth 005C,Anti-social behaviour,,
,2020-02,Norfolk Constabulary,Norfolk Constabulary,1.724351,52.609117,On or near Herries Close,E01026597,Great Yarmouth 005C,Anti-social behaviour,,
,2020-02,Norfolk Constabulary,Norfolk Constabulary,1.724351,52.609117,On or near Herries Close,E01026597,Great Yarmouth 005C,Anti-social behaviour,,
,2020-02,Norfolk Constabulary,Norfolk Constabulary,1.723221,52.608505,On or near St Francis Way,E01026597,Great Yarmouth 005C,Anti-social behaviour,,
,2020-02,Norfolk Constabulary,Norfolk Constabulary,1.723221,52.608505,On or near St Francis Way,E01026597,Great Yarmouth 005C,Anti-social behaviour,,
,2020-02,Norfolk Constabulary,Norfolk Constabulary,1.723221,52.608505,On or near St Francis Way,E01026597,Great Yarmouth 005C,Anti-social behaviour,,
,2020-02,Norfolk Constabulary,Norfolk Constabulary,1.731114,52.609057,On or near Cobb'S Place,E01026597,Great Yarmouth 005C,Anti-social behaviour,,
344c71edf3c8c78a79c1da72eb9c1701a76bcb126ea0c022ca089f4b1a075ba1,2020-02,Norfolk Constabulary,Norfolk Constabulary,1.731220,52.608568,On or near Middle Market Road,E01026597,Great Yarmouth 005C,Burglary,Investigation complete; no suspect identified,
029d8d14a964bdb211b409d1a870d00c9e2f80bbd53f40ad4f9ec61e39313dc9,2020-02,Norfolk Constabulary,Norfolk Constabulary,1.724351,52.609117,On or near Herries Close,E01026597,Great Yarmouth 005C,Burglary,Unable to prosecute suspect,
026345192d48ef1c7fd761c18975b174aacff325a29853eb1a3d11ac4bc05632,2020-02,Norfolk Constabulary,Norfolk Constabulary,1.728182,52.608295,On or near Market Gates,E01026597,Great Yarmouth 005C,Criminal damage and arson,Local resolution,
74effe0d9ab5426b388c5e566abf09919e779a4bd011a7da6f07ebbfc9b829c6,2020-02,Norfolk Constabulary,Norfolk Constabulary,1.731436,52.609370,On or near Oliver Mews,E01026597,Great Yarmouth 005C,Criminal damage and arson,Investigation complete; no suspect identified,
30ce8643dd3dc30f2591370da34c7f12d38fd9a958d11beab8a40968f4d014d3,2020-02,Norfolk Constabulary,Norfolk Constabulary,1.724344,52.607642,On or near Parking Area,E01026597,Great Yarmouth 005C,Criminal damage and arson,Court result unavailable,
8e099305280aed5d7658b41c7bfed6a68867a915a5ddda0bfad0a327b52430b7,2020-02,Norfolk Constabulary,Norfolk Constabulary,1.726090,52.607668,On or near Shopping Area,E01026597,Great Yarmouth 005C,Drugs,Awaiting court outcome,
ff2d0da6c0b86b11e388cbbff258a7367569194bc7662f0ec6eb43920410b57d,2020-02,Norfolk Constabulary,Norfolk Constabulary,1.726337,52.608137,On or near Shopping Area,E01026597,Great Yarmouth 005C,Other theft,Investigation complete; no suspect identified,
fbe59e41165fa1f03f6f7b9f3ec227c63c040446e68aa4c29c7b23bcf41c9407,2020-02,Norfolk Constabulary,Norfolk Constabulary,1.722962,52.609286,On or near Patterson Close,E01026597,Great Yarmouth 005C,Other theft,Unable to prosecute suspect,
9bb7cc22b1db35067b57d9623ca570be93f7a6dea1786f86cd397213b75a10dd,2020-02,Norfolk Constabulary,Norfolk Constabulary,1.723056,52.609005,On or near Coronation Terrace,E01026597,Great Yarmouth 005C,Other theft,Unable to prosecute suspect,
51c3e6450f20d02fbae6f2f7cd69de3233bf9569b34532ada1b977a1b24e25e0,2020-02,Norfolk Constabulary,Norfolk Constabulary,1.721812,52.609835,On or near North Quay,E01026597,Great Yarmouth 005C,Possession of weapons,Offender given a caution,
7effaa3d24e6903c43cdeeb6b4a7b32661144397be3f3bda6915cf21abf58fb6,2020-02,Norfolk Constabulary,Norfolk Constabulary,1.724250,52.609831,On or near The Conge,E01026597,Great Yarmouth 005C,Possession of weapons,Offender given a caution,
f65835317084b2bc0bfabdcce85ad3d34a11ab95853be8ea35797527ab9e8cef,2020-02,Norfolk Constabulary,Norfolk Constabulary,1.727501,52.607408,On or near Shopping Area,E01026597,Great Yarmouth 005C,Public order,Unable to prosecute suspect,
aec32fa831dfaec9e36810c292c75f669b759b234660775c5fb317abf557abfa,2020-02,Norfolk Constabulary,Norfolk Constabulary,1.727501,52.607408,On or near Shopping Area,E01026597,Great Yarmouth 005C,Public order,Court result unavailable,
5d27ccb596ed353ff0997ee031aedd5f4ebfc31f5a18bcff617b4e1c3ca9ebd9,2020-02,Norfolk Constabulary,Norfolk Constabulary,1.726442,52.610067,On or near Fuller'S Hill,E01026597,Great Yarmouth 005C,Public order,Unable to prosecute suspect,
357ec7afc8d0a9e235b3e5ac14e7400416854b5750c65bcd14ec2f0a92df1942,2020-02,Norfolk Constabulary,Norfolk Constabulary,1.727058,52.609841,On or near Market Place,E01026597,Great Yarmouth 005C,Public order,Unable to prosecute suspect,
33e85382c5673f250fcc46b416292cd563e680a739a0f09cea8eaf6be3428ff6,2020-02,Norfolk Constabulary,Norfolk Constabulary,1.726337,52.608137,On or near Shopping Area,E01026597,Great Yarmouth 005C,Public order,Unable to prosecute suspect,
233e5a03b8f196ae17bf0b6156b552178512b2025c40df33ac843c99885fd5ae,2020-02,Norfolk Constabulary,Norfolk Constabulary,1.723221,52.608505,On or near St Francis Way,E01026597,Great Yarmouth 005C,Public order,Unable to prosecute suspect,
f0a9382edda8193a559f9cb44fb3fafa0fef3b8da9b3d902c2e9c354078afeb9,2020-02,Norfolk Constabulary,Norfolk Constabulary,1.727058,52.609841,On or near Market Place,E01026597,Great Yarmouth 005C,Public order,Further action is not in the public interest,
4f739f68237db019761e6f424f506247b6b3e92d96aace26617a6ec4521159af,2020-02,Norfolk Constabulary,Norfolk Constabulary,1.727501,52.607408,On or near Shopping Area,E01026597,Great Yarmouth 005C,Public order,Awaiting court outcome,
a16d2611b7ca1917deebf2b03688df45b664611812a4d0be5bb9c9dd1449922e,2020-02,Norfolk Constabulary,Norfolk Constabulary,1.728513,52.607843,On or near Shopping Area,E01026597,Great Yarmouth 005C,Public order,Court result unavailable,
e59b743e4be3c0d43d351c0e6a96a757b6555f62e0ba4dddb1efaa3541a74d7f,2020-02,Norfolk Constabulary,Norfolk Constabulary,1.723221,52.608505,On or near St Francis Way,E01026597,Great Yarmouth 005C,Public order,Unable to prosecute suspect,
9e2f9a980586e9f5d72360beaf0dc090684380f875c9689a14f6a08f170804b5,2020-02,Norfolk Constabulary,Norfolk Constabulary,1.727824,52.607208,On or near Theatre Plain,E01026597,Great Yarmouth 005C,Public order,Unable to prosecute suspect,
c90c7dd3d0f574ae8a0c3cf9aed8c9ae32a69c15dd084e9b5037ede907dc2606,2020-02,Norfolk Constabulary,Norfolk Constabulary,1.728513,52.607843,On or near Shopping Area,E01026597,Great Yarmouth 005C,Public order,Unable to prosecute suspect,
ff588697650e0ec6e2098bae204fcb4f6a191535779eabe17bdab2c05985c0a8,2020-02,Norfolk Constabulary,Norfolk Constabulary,1.729944,52.607816,On or near Supermarket,E01026597,Great Yarmouth 005C,Public order,Court result unavailable,
bcf93f2d3c76fe773f1dfb2c18fdd62814d2027ae8c4830c06d9bf21a7058dec,2020-02,Norfolk Constabulary,Norfolk Constabulary,1.724344,52.607642,On or near Parking Area,E01026597,Great Yarmouth 005C,Public order,Unable to prosecute suspect,
a1647c686b691872e92040b3bfe5b4837e3803fdd9a56dc4eedfdc44b460a282,2020-02,Norfolk Constabulary,Norfolk Constabulary,1.727058,52.609841,On or near Market Place,E01026597,Great Yarmouth 005C,Public order,Awaiting court outcome,
0f59389ead49523ec13c2bb6aa3085c36afa835d8345c8b68cc113bfc2af4455,2020-02,Norfolk Constabulary,Norfolk Constabulary,1.729376,52.609471,On or near Coniston Square,E01026597,Great Yarmouth 005C,Public order,Unable to prosecute suspect,
98db45756cd49eb08d3aed0810cf0ad95c1e3d2e5c0e3fbd4fac6736dd889951,2020-02,Norfolk Constabulary,Norfolk Constabulary,1.730330,52.610610,On or near Supermarket,E01026597,Great Yarmouth 005C,Robbery,Unable to prosecute suspect,
887adf2f39200410b81c2ed4646fd1245525c441cf8b3d7fbef57c91ce30ac6f,2020-02,Norfolk Constabulary,Norfolk Constabulary,1.727058,52.609841,On or near Market Place,E01026597,Great Yarmouth 005C,Robbery,Unable to prosecute suspect,
5df58e7843df748529e19085a2f7ea6277d54b46c3ae37565cca9e2314f15197,2020-02,Norfolk Constabulary,Norfolk Constabulary,1.727824,52.607208,On or near Theatre Plain,E01026597,Great Yarmouth 005C,Shoplifting,Investigation complete; no suspect identified,
fc92f5c45de765ea8807e56894da93f12e97da2e6615406f5409a4fbc3aec433,2020-02,Norfolk Constabulary,Norfolk Constabulary,1.722017,52.610342,On or near North Quay,E01026597,Great Yarmouth 005C,Shoplifting,Investigation complete; no suspect identified,
012205e7c3394e2236e0788b7ebc41e89f779a3b8efc026ae2788de759900504,2020-02,Norfolk Constabulary,Norfolk Constabulary,1.728679,52.607532,On or near Shopping Area,E01026597,Great Yarmouth 005C,Shoplifting,Court result unavailable,
d6c75edecdb74229bf9084e2ffeae0539ed955f2efe14b16d8807f5300369bc1,2020-02,Norfolk Constabulary,Norfolk Constabulary,1.722017,52.610342,On or near North Quay,E01026597,Great Yarmouth 005C,Shoplifting,Unable to prosecute suspect,
5476606ac82a52aff649a3df26300e6a3cee95250549c5717ec9ad8df6e750ef,2020-02,Norfolk Constabulary,Norfolk Constabulary,1.727501,52.607408,On or near Shopping Area,E01026597,Great Yarmouth 005C,Shoplifting,Further action is not in the public interest,
8fd70adb1fe6a18320e2a18a4892b5ec94f572d572a2bc78e388cab024d5de58,2020-02,Norfolk Constabulary,Norfolk Constabulary,1.722017,52.610342,On or near North Quay,E01026597,Great Yarmouth 005C,Shoplifting,Investigation complete; no suspect identified,
6ade870898aee70e08b18e1f3919986de3afcd8ffd5ef3c185f54aa989b4b32c,2020-02,Norfolk Constabulary,Norfolk Constabulary,1.722017,52.610342,On or near North Quay,E01026597,Great Yarmouth 005C,Shoplifting,Investigation complete; no suspect identified,
f255d38a9c67e70a1e7de1cf2b90aa6989ce4421ca71736cfd967911bbc81660,2020-02,Norfolk Constabulary,Norfolk Constabulary,1.728513,52.607843,On or near Shopping Area,E01026597,Great Yarmouth 005C,Shoplifting,Investigation complete; no suspect identified,
0307444d95a55dcc352a198aec9262442cb6fda4e532da60b5b2dba824ab3239,2020-02,Norfolk Constabulary,Norfolk Constabulary,1.726769,52.608879,On or near Parking Area,E01026597,Great Yarmouth 005C,Shoplifting,Suspect charged as part of another case,
52330c932acdac229c84f62759772fe1acd23dfbbf126cf36edd3494e4044b77,2020-02,Norfolk Constabulary,Norfolk Constabulary,1.728513,52.607843,On or near Shopping Area,E01026597,Great Yarmouth 005C,Shoplifting,Local resolution,
d5477c5681222aaef0e1921e8b0b460e5afd4dba72fd3b1bad55db2bfb1d5e3f,2020-02,Norfolk Constabulary,Norfolk Constabulary,1.727501,52.607408,On or near Shopping Area,E01026597,Great Yarmouth 005C,Shoplifting,Unable to prosecute suspect,
95d999bc28314739583ea305694c19850921236e3b8797bd60bfd80ab3453f85,2020-02,Norfolk Constabulary,Norfolk Constabulary,1.726769,52.608879,On or near Parking Area,E01026597,Great Yarmouth 005C,Shoplifting,Status update unavailable,
fbc17b07f17b331a922c47d286576c73b26830cfbb4373af19b46978656b7a47,2020-02,Norfolk Constabulary,Norfolk Constabulary,1.726769,52.608879,On or near Parking Area,E01026597,Great Yarmouth 005C,Shoplifting,Court result unavailable,
8e837ec423b5a6caaaf6cc8329040103ce59c86c607688e2377b49ef9b6afd09,2020-02,Norfolk Constabulary,Norfolk Constabulary,1.728679,52.607532,On or near Shopping Area,E01026597,Great Yarmouth 005C,Shoplifting,Court result unavailable,
fec118460eed6de8d0e710c49f3296242af8612dd3d06bab7068f21cb024f65c,2020-02,Norfolk Constabulary,Norfolk Constabulary,1.726769,52.608879,On or near Parking Area,E01026597,Great Yarmouth 005C,Shoplifting,Unable to prosecute suspect,
8019e6880259300f5b12fdd0e973504ffd5a85426b6d657597b9d4ad937dcb2c,2020-02,Norfolk Constabulary,Norfolk Constabulary,1.727501,52.607408,On or near Shopping Area,E01026597,Great Yarmouth 005C,Shoplifting,Investigation complete; no suspect identified,
9f1356631f6e65fdafcf325106f1ab63494e810b9d669c52f9c695a9f2049a73,2020-02,Norfolk Constabulary,Norfolk Constabulary,1.728679,52.607532,On or near Shopping Area,E01026597,Great Yarmouth 005C,Theft from the person,Unable to prosecute suspect,
4092fb119a16bc0c7d9aad734787b211c42c1635bde9d0b390de204d3f958d8a,2020-02,Norfolk Constabulary,Norfolk Constabulary,1.724351,52.609117,On or near Herries Close,E01026597,Great Yarmouth 005C,Theft from the person,Investigation complete; no suspect identified,
cda160601eb8334e5b64e3cbcb41457e0ecff1ec848abd225e149518a00579cf,2020-02,Norfolk Constabulary,Norfolk Constabulary,1.729376,52.609471,On or near Coniston Square,E01026597,Great Yarmouth 005C,Violence and sexual offences,Unable to prosecute suspect,
d1cd36fc415657ca8e87de3035c3711872f8d6031a959c333e58477aa9375e13,2020-02,Norfolk Constabulary,Norfolk Constabulary,1.724351,52.609117,On or near Herries Close,E01026597,Great Yarmouth 005C,Violence and sexual offences,Unable to prosecute suspect,
ec7a294224d2e10452d24f999795402e35b26ddebf1d7fdbdb22bcd1db2a46a6,2020-02,Norfolk Constabulary,Norfolk Constabulary,1.728182,52.608295,On or near Market Gates,E01026597,Great Yarmouth 005C,Violence and sexual offences,Unable to prosecute suspect,
85da1d6735ad6af3bdb0b97c82ef0ce30bbb37d628240eb52699bdb7157eaa09,2020-02,Norfolk Constabulary,Norfolk Constabulary,1.722570,52.612852,On or near Sidegate Road,E01026597,Great Yarmouth 005C,Violence and sexual offences,Unable to prosecute suspect,
1556944f8d7b4c3ffe6ba568626634bae8b8fa6abcc1ff7de4be6ad19682795f,2020-02,Norfolk Constabulary,Norfolk Constabulary,1.728182,52.608295,On or near Market Gates,E01026597,Great Yarmouth 005C,Violence and sexual offences,Unable to prosecute suspect,
ddfbf398f22d443fe64eff9d638a01b20835459db62eb9e430ed6a19683dda93,2020-02,Norfolk Constabulary,Norfolk Constabulary,1.724351,52.609117,On or near Herries Close,E01026597,Great Yarmouth 005C,Violence and sexual offences,Status update unavailable,
7a0f0ac4dd0fbd3c4445486f319dcb51b7ba4da5160ec18778c487a3e329a265,2020-02,Norfolk Constabulary,Norfolk Constabulary,1.728182,52.608295,On or near Market Gates,E01026597,Great Yarmouth 005C,Violence and sexual offences,Unable to prosecute suspect,
f6362bc9659c0c0be1b029cb2b6e9cf529554ee4451dcdab541db1d3c894adde,2020-02,Norfolk Constabulary,Norfolk Constabulary,1.729997,52.608786,On or near Swirle'S Place,E01026597,Great Yarmouth 005C,Violence and sexual offences,Unable to prosecute suspect,
77174264640934a93071123d58ca43d0bffcdf2bbfe1aa054d35027bc4fe31ea,2020-02,Norfolk Constabulary,Norfolk Constabulary,1.727501,52.607408,On or near Shopping Area,E01026597,Great Yarmouth 005C,Violence and sexual offences,Unable to prosecute suspect,
02c3fcbc9a0023c07de4fce18e29ec97a3dc4dcd209a8f8109c1456a0e33bdd6,2020-02,Norfolk Constabulary,Norfolk Constabulary,1.722962,52.609286,On or near Patterson Close,E01026597,Great Yarmouth 005C,Violence and sexual offences,Unable to prosecute suspect,
8087f47a118d158f95457cd1cf0324d969557ad66806da346c62c7e772abd04e,2020-02,Norfolk Constabulary,Norfolk Constabulary,1.726090,52.607668,On or near Shopping Area,E01026597,Great Yarmouth 005C,Violence and sexual offences,Unable to prosecute suspect,
85e0269abc6c9bfa846f7be82f5780d7681b8be9df4b918e9253ee69bb9d290c,2020-02,Norfolk Constabulary,Norfolk Constabulary,1.728182,52.608295,On or near Market Gates,E01026597,Great Yarmouth 005C,Violence and sexual offences,Unable to prosecute suspect,
29cfdb02674333c1985a79b45bdce572576c729e67f2da8d7822831164f166f7,2020-02,Norfolk Constabulary,Norfolk Constabulary,1.730665,52.608468,On or near The Crans,E01026597,Great Yarmouth 005C,Violence and sexual offences,Unable to prosecute suspect,
683b903f54b87620a07b015e365545e3c0b798c2e8b638d358734782f80a14f3,2020-02,Norfolk Constabulary,Norfolk Constabulary,1.724351,52.609117,On or near Herries Close,E01026597,Great Yarmouth 005C,Violence and sexual offences,Unable to prosecute suspect,
618839c253bbe568aea0bf6bb03579a033c796fd509f1b57ada11f0277ddf45e,2020-02,Norfolk Constabulary,Norfolk Constabulary,1.732509,52.610524,On or near Jury Street,E01026597,Great Yarmouth 005C,Violence and sexual offences,Investigation complete; no suspect identified,
33fe20e4144707cfc5b82b3088363e56250724e953995467d01080e0f7308226,2020-02,Norfolk Constabulary,Norfolk Constabulary,1.732509,52.610524,On or near Jury Street,E01026597,Great Yarmouth 005C,Violence and sexual offences,Investigation complete; no suspect identified,
6b6e6c4e0fb980117e8d403e2f1e33b1563c9ba0b1e7968ed7dac1b3641ec63e,2020-02,Norfolk Constabulary,Norfolk Constabulary,1.731114,52.609057,On or near Cobb'S Place,E01026597,Great Yarmouth 005C,Violence and sexual offences,Unable to prosecute suspect,
877b2bfc5797409b0509dbe354151e45c6f7f1cc7a9d2c1b9820879c0d4b658a,2020-02,Norfolk Constabulary,Norfolk Constabulary,1.727501,52.607408,On or near Shopping Area,E01026597,Great Yarmouth 005C,Violence and sexual offences,Awaiting court outcome,
118e1db66f9d200c0f5a212945be5f0b930e26a8485b76c363796db224fe151d,2020-02,Norfolk Constabulary,Norfolk Constabulary,1.729376,52.609471,On or near Coniston Square,E01026597,Great Yarmouth 005C,Violence and sexual offences,Unable to prosecute suspect,
3817a5ae2ae203fbd087cdc733476faf7a897a46cf9fefcd0ae8e24f9519c5b0,2020-02,Norfolk Constabulary,Norfolk Constabulary,1.722559,52.608193,On or near Parking Area,E01026597,Great Yarmouth 005C,Violence and sexual offences,Unable to prosecute suspect,
00ca4d985e81d85c0fc4ccf8509f61bc1ef67b7d619327a09582900998ed3987,2020-02,Norfolk Constabulary,Norfolk Constabulary,1.723221,52.608505,On or near St Francis Way,E01026597,Great Yarmouth 005C,Violence and sexual offences,Unable to prosecute suspect,
72c947ae2b8a1f613bceb6b892d4a825f28e911c1e65bd8d684edacb880bc6c4,2020-02,Norfolk Constabulary,Norfolk Constabulary,1.727058,52.609841,On or near Market Place,E01026597,Great Yarmouth 005C,Violence and sexual offences,Unable to prosecute suspect,
339bea2cdae0aa379a0cea7a90fc46f77082a40a2eddc5939c649e302e5db0d5,2020-02,Norfolk Constabulary,Norfolk Constabulary,1.731114,52.609057,On or near Cobb'S Place,E01026597,Great Yarmouth 005C,Violence and sexual offences,Unable to prosecute suspect,
49f67538b5e24e68572c134460218b726a410ff6f0b93262214a4970a9911654,2020-02,Norfolk Constabulary,Norfolk Constabulary,1.732509,52.610524,On or near Jury Street,E01026597,Great Yarmouth 005C,Violence and sexual offences,Unable to prosecute suspect,
eef93abb567f2a4e9a0cb630030ffa9ada3bdd3ec41e1c260ef6f35eff6fe6ee,2020-02,Norfolk Constabulary,Norfolk Constabulary,1.726090,52.607668,On or near Shopping Area,E01026597,Great Yarmouth 005C,Violence and sexual offences,Unable to prosecute suspect,
a449737e3d75940eea80ceb97f7c109b38d7691f80bbd7cce87702aec3892012,2020-02,Norfolk Constabulary,Norfolk Constabulary,1.724351,52.609117,On or near Herries Close,E01026597,Great Yarmouth 005C,Violence and sexual offences,Unable to prosecute suspect,
4c29c1d01dfbabba36ee8f5277cf3b0eedf4a1b816589566ef9e144776111f22,2020-02,Norfolk Constabulary,Norfolk Constabulary,1.726090,52.607668,On or near Shopping Area,E01026597,Great Yarmouth 005C,Violence and sexual offences,Unable to prosecute suspect,
57446e814630837490576c5689dbb671199a4d76da5f52280f86027ca3871133,2020-02,Norfolk Constabulary,Norfolk Constabulary,1.722962,52.609286,On or near Patterson Close,E01026597,Great Yarmouth 005C,Violence and sexual offences,Unable to prosecute suspect,
d1a3d815e7f4c14af4b2679417f6857c1237ddb16bf010e3bda4dbc371d1d631,2020-02,Norfolk Constabulary,Norfolk Constabulary,1.724331,52.607831,On or near Stonecutters Way,E01026597,Great Yarmouth 005C,Violence and sexual offences,Unable to prosecute suspect,
9c6554f2f60d23929f484c30ce90bc01d4b78b07123f56c112c5b0db19715168,2020-02,Norfolk Constabulary,Norfolk Constabulary,1.724331,52.607831,On or near Stonecutters Way,E01026597,Great Yarmouth 005C,Violence and sexual offences,Status update unavailable,
9f3bc97d636bb8c80bfef993e0a2320ce1f46f10bd54f3b834e4c79a7f3411bc,2020-02,Norfolk Constabulary,Norfolk Constabulary,1.727058,52.609841,On or near Market Place,E01026597,Great Yarmouth 005C,Violence and sexual offences,Unable to prosecute suspect,
bb62c330e43e19e9081ad6254f8f535ea77603455f3cb518d6e40ebd19ef40de,2020-02,Norfolk Constabulary,Norfolk Constabulary,1.726337,52.608137,On or near Shopping Area,E01026597,Great Yarmouth 005C,Violence and sexual offences,Court result unavailable,
586c66d6074b028fb6c746fda099be1e896f06c4af3d63ff9614ec044b42249d,2020-02,Norfolk Constabulary,Norfolk Constabulary,1.727501,52.607408,On or near Shopping Area,E01026597,Great Yarmouth 005C,Violence and sexual offences,Unable to prosecute suspect,
25673c8207b4fe157c8d84acea578addaded8c16416519591db80030ad1b3e31,2020-02,Norfolk Constabulary,Norfolk Constabulary,1.727058,52.609841,On or near Market Place,E01026597,Great Yarmouth 005C,Violence and sexual offences,Unable to prosecute suspect,
2d8728d9f7d158d9d0b51f42b107f46d8b25fe74c52ae2362f6bd37d18a31a52,2020-02,Norfolk Constabulary,Norfolk Constabulary,1.727501,52.607408,On or near Shopping Area,E01026597,Great Yarmouth 005C,Violence and sexual offences,Unable to prosecute suspect,
100aa0fda4f58550583e3bc6a29dc2442333dde9346282fed9be40be5e4236f5,2020-02,Norfolk Constabulary,Norfolk Constabulary,1.729376,52.609471,On or near Coniston Square,E01026597,Great Yarmouth 005C,Violence and sexual offences,Unable to prosecute suspect,
feba88bb73458fa0ea3e7447b25065fe93f57e08046a3992d7cfaa33b16adf9f,2020-02,Norfolk Constabulary,Norfolk Constabulary,1.728182,52.608295,On or near Market Gates,E01026597,Great Yarmouth 005C,Violence and sexual offences,Unable to prosecute suspect,
9b2717e7fe62e81872f66d9fd82bd161ab9fbf723e2943043ed4c06c69afaa49,2020-02,Norfolk Constabulary,Norfolk Constabulary,1.726090,52.607668,On or near Shopping Area,E01026597,Great Yarmouth 005C,Violence and sexual offences,Unable to prosecute suspect,
07498e53ca6cee4599942e648ca8fd7bbb28056fbc3b4394fa1631e3a5cff046,2020-02,Norfolk Constabulary,Norfolk Constabulary,1.722962,52.609286,On or near Patterson Close,E01026597,Great Yarmouth 005C,Violence and sexual offences,Unable to prosecute suspect,
673e51aff3e5ba5a48a671cc30e7e4df0a0524bfe47e9a63368f08df006093e7,2020-02,Norfolk Constabulary,Norfolk Constabulary,1.724351,52.609117,On or near Herries Close,E01026597,Great Yarmouth 005C,Violence and sexual offences,Unable to prosecute suspect,
39553dd4fbe71c8d16d6d4f3038cc742c55cff18261f137332c513b866e4f0f6,2020-02,Norfolk Constabulary,Norfolk Constabulary,1.722570,52.612852,On or near Sidegate Road,E01026597,Great Yarmouth 005C,Other crime,Status update unavailable,
4aa9b39b383132f0ebfc68867c5db2a3413833826d995e68d1acbf19f70b7112,2020-02,Norfolk Constabulary,Norfolk Constabulary,1.722570,52.612852,On or near Sidegate Road,E01026597,Great Yarmouth 005C,Other crime,Status update unavailable,
,2020-02,Norfolk Constabulary,Norfolk Constabulary,1.733504,52.608325,On or near Bermondsey Place West,E01026598,Great Yarmouth 005D,Anti-social behaviour,,
,2020-02,Norfolk Constabulary,Norfolk Constabulary,1.733617,52.610525,On or near Bus/Coach Station,E01026598,Great Yarmouth 005D,Anti-social behaviour,,
,2020-02,Norfolk Constabulary,Norfolk Constabulary,1.735870,52.609914,On or near Euston Road,E01026598,Great Yarmouth 005D,Anti-social behaviour,,
5b6f124950481ce0d16c5c81b754018b41433e67e47bf5bf84853b9babd64093,2020-02,Norfolk Constabulary,Norfolk Constabulary,1.733728,52.609919,On or near Euston Road,E01026598,Great Yarmouth 005D,Criminal damage and arson,Court result unavailable,
36f8ec8a741f6e861969357451899e395e87bc1f3b8d843e24e05afa33b621b5,2020-02,Norfolk Constabulary,Norfolk Constabulary,1.733728,52.609919,On or near Euston Road,E01026598,Great Yarmouth 005D,Criminal damage and arson,Investigation complete; no suspect identified,
6d332ef318fc4ae6e5ae2c52325a34f0f1c3bc6ad728fc96b0ececa445aa345b,2020-02,Norfolk Constabulary,Norfolk Constabulary,1.732069,52.607785,On or near Suffolk Place,E01026598,Great Yarmouth 005D,Criminal damage and arson,Unable to prosecute suspect,
c26ab224d6f185136ca4d5097ede3f8c5fed93eee687aafd420da35d91480ae9,2020-02,Norfolk Constabulary,Norfolk Constabulary,1.735870,52.609914,On or near Euston Road,E01026598,Great Yarmouth 005D,Drugs,Formal action is not in the public interest,
7b11afde45422bb2a478a113ce3fedb3daf7afc33322312e19600224fae37e4f,2020-02,Norfolk Constabulary,Norfolk Constabulary,1.735752,52.609216,On or near Paget Road,E01026598,Great Yarmouth 005D,Drugs,Court result unavailable,
bf158a7045975329b64df217a64821c24eb8e7b897a593b24bd3ad70be79e135,2020-02,Norfolk Constabulary,Norfolk Constabulary,1.735870,52.609914,On or near Euston Road,E01026598,Great Yarmouth 005D,Other theft,Investigation complete; no suspect identified,
1bd65c789c947bb08dad7684164bcf9788b67e52668d02a4a1b4e6dee50a371f,2020-02,Norfolk Constabulary,Norfolk Constabulary,1.735870,52.609914,On or near Euston Road,E01026598,Great Yarmouth 005D,Public order,Unable to prosecute suspect,
410119d71ba7d4b79c165008edac82e509948e590a4a2f17b094401bc663a717,2020-02,Norfolk Constabulary,Norfolk Constabulary,1.735870,52.609914,On or near Euston Road,E01026598,Great Yarmouth 005D,Public order,Unable to prosecute suspect,
9eb9a4ce9d78f9b716c6b379903d87944d6caf1b5984a81842a49dfdb5ad4fdb,2020-02,Norfolk Constabulary,Norfolk Constabulary,1.733728,52.609919,On or near Euston Road,E01026598,Great Yarmouth 005D,Public order,Court result unavailable,
ee65c401f56c22ee369b8990a259785208c8f64146e5b4a7865a8c69d0a3adf5,2020-02,Norfolk Constabulary,Norfolk Constabulary,1.733732,52.609091,On or near Southampton Place,E01026598,Great Yarmouth 005D,Violence and sexual offences,Unable to prosecute suspect,
9ecd825c422419f3b32f65ce90fbc36de78216b42bd8506da627b58778ad88f3,2020-02,Norfolk Constabulary,Norfolk Constabulary,1.733617,52.610525,On or near Bus/Coach Station,E01026598,Great Yarmouth 005D,Violence and sexual offences,Unable to prosecute suspect,
16ca2ebec32f752d75799d4524c90c22b3a5a543e086a4bfaad7568599b94ddf,2020-02,Norfolk Constabulary,Norfolk Constabulary,1.735752,52.609216,On or near Paget Road,E01026598,Great Yarmouth 005D,Violence and sexual offences,Investigation complete; no suspect identified,
689fdb87efd7401e829de8c549b905e5133e8322987cc9cfaef312847711ebf1,2020-02,Norfolk Constabulary,Norfolk Constabulary,1.734685,52.608143,On or near Bermondsey Place South,E01026598,Great Yarmouth 005D,Violence and sexual offences,Unable to prosecute suspect,
2d270c2d35d36b06bae4bfa505425733480ec7c5a584ba05c86fe5c215f3d5fc,2020-02,Norfolk Constabulary,Norfolk Constabulary,1.735752,52.609216,On or near Paget Road,E01026598,Great Yarmouth 005D,Violence and sexual offences,Unable to prosecute suspect,
f30958339b8bf1c3a0db9c0e6faac56bdf3b3fa2b660a1752ec5b936f4be145b,2020-02,Norfolk Constabulary,Norfolk Constabulary,1.733617,52.610525,On or near Bus/Coach Station,E01026598,Great Yarmouth 005D,Violence and sexual offences,Court result unavailable,
e8a540e9a6e15e37d87f69da243da419126c8b1d930732da258e64ee5849ae47,2020-02,Norfolk Constabulary,Norfolk Constabulary,1.733617,52.610525,On or near Bus/Coach Station,E01026598,Great Yarmouth 005D,Violence and sexual offences,Unable to prosecute suspect,
a13b2999e9ee77f96d3b25caf850942b6b0a303a29aefca34ac2565e293d5a23,2020-02,Norfolk Constabulary,Norfolk Constabulary,1.735752,52.609216,On or near Paget Road,E01026598,Great Yarmouth 005D,Violence and sexual offences,Unable to prosecute suspect,
ed49724785867fe60a1a469d29bdb59655740ab66f9e3b8f5adf4944b06292b3,2020-02,Norfolk Constabulary,Norfolk Constabulary,1.735870,52.609914,On or near Euston Road,E01026598,Great Yarmouth 005D,Violence and sexual offences,Unable to prosecute suspect,
,2020-02,Norfolk Constabulary,Norfolk Constabulary,1.731741,52.593683,On or near Copperfield Avenue,E01026622,Great Yarmouth 006A,Anti-social behaviour,,
,2020-02,Norfolk Constabulary,Norfolk Constabulary,1.733780,52.593349,On or near Harbord Crescent,E01026622,Great Yarmouth 006A,Anti-social behaviour,,
,2020-02,Norfolk Constabulary,Norfolk Constabulary,1.729022,52.596449,On or near Exmouth Road,E01026622,Great Yarmouth 006A,Anti-social behaviour,,
,2020-02,Norfolk Constabulary,Norfolk Constabulary,1.733780,52.593349,On or near Harbord Crescent,E01026622,Great Yarmouth 006A,Anti-social behaviour,,
,2020-02,Norfolk Constabulary,Norfolk Constabulary,1.735135,52.596256,On or near Parking Area,E01026622,Great Yarmouth 006A,Anti-social behaviour,,
,2020-02,Norfolk Constabulary,Norfolk Constabulary,1.733780,52.593349,On or near Harbord Crescent,E01026622,Great Yarmouth 006A,Anti-social behaviour,,
,2020-02,Norfolk Constabulary,Norfolk Constabulary,1.729547,52.594463,On or near Barrack Road,E01026622,Great Yarmouth 006A,Anti-social behaviour,,
,2020-02,Norfolk Constabulary,Norfolk Constabulary,1.729547,52.594463,On or near Barrack Road,E01026622,Great Yarmouth 006A,Anti-social behaviour,,
,2020-02,Norfolk Constabulary,Norfolk Constabulary,1.729022,52.596449,On or near Exmouth Road,E01026622,Great Yarmouth 006A,Anti-social behaviour,,
3c63dc8dc01063f26b4e6595bc4991b8931e1e6fd2f6c68dca017f369e8b60f4,2020-02,Norfolk Constabulary,Norfolk Constabulary,1.732689,52.589030,On or near Salmon Road,E01026622,Great Yarmouth 006A,Criminal damage and arson,Unable to prosecute suspect,
873988213934567c792d2b5f947845e2fae8bf41ee8f69565266d500416ecab1,2020-02,Norfolk Constabulary,Norfolk Constabulary,1.732732,52.593705,On or near Micawber Avenue,E01026622,Great Yarmouth 006A,Criminal damage and arson,Unable to prosecute suspect,
e4dae7489a90222e0e64607eec4a7977679677d5b11fcf20eb2493f793040020,2020-02,Norfolk Constabulary,Norfolk Constabulary,1.730006,52.596382,On or near Ordnance Road,E01026622,Great Yarmouth 006A,Criminal damage and arson,Unable to prosecute suspect,
05390b2b754117664ebb4475e9d7529f0de26dc93da11312e4fd02ae0871319b,2020-02,Norfolk Constabulary,Norfolk Constabulary,1.733780,52.593349,On or near Harbord Crescent,E01026622,Great Yarmouth 006A,Criminal damage and arson,Unable to prosecute suspect,
c0eb787073e2f3ab0166ba1967b6b666e8a7a5ff751490528b100a751e3bef16,2020-02,Norfolk Constabulary,Norfolk Constabulary,1.731741,52.593683,On or near Copperfield Avenue,E01026622,Great Yarmouth 006A,Criminal damage and arson,Unable to prosecute suspect,
2615c1d61ed6e73d3f725d7258997c3979655ec7226f4dea667819213b2a48d3,2020-02,Norfolk Constabulary,Norfolk Constabulary,1.735798,52.595192,On or near Theme/Adventure Park,E01026622,Great Yarmouth 006A,Criminal damage and arson,Court result unavailable,
f88748e3b64a861c8cd43299d4a1118ac01d056552effcb3875a6f9629457fe6,2020-02,Norfolk Constabulary,Norfolk Constabulary,1.729636,52.592553,On or near Middle Road West,E01026622,Great Yarmouth 006A,Other theft,Investigation complete; no suspect identified,
8f5d22ce6c2810a56061209e0fcf2234cbf1f2cbc99e5a05bd797696d8cbfa22,2020-02,Norfolk Constabulary,Norfolk Constabulary,1.732512,52.594594,On or near Barkis Road,E01026622,Great Yarmouth 006A,Other theft,Unable to prosecute suspect,
fd325ad90175c586a3a106baf566d83bb96341348ae86f3a87ba89bd9bad76c9,2020-02,Norfolk Constabulary,Norfolk Constabulary,1.731873,52.591934,On or near Swanston'S Road,E01026622,Great Yarmouth 006A,Possession of weapons,Offender given a caution,
b211504e6ffd797a7332c854d3e54ebe62af6c5db8c5b17f62b14bc19009aaef,2020-02,Norfolk Constabulary,Norfolk Constabulary,1.735871,52.589981,On or near Parking Area,E01026622,Great Yarmouth 006A,Public order,Unable to prosecute suspect,
b939937ba8fe54b13efe2fd3d302ca2cc68db26bd826bf62b72352528c67d276,2020-02,Norfolk Constabulary,Norfolk Constabulary,1.729547,52.594463,On or near Barrack Road,E01026622,Great Yarmouth 006A,Public order,Offender given a caution,
a96c59fdb891edc1157a5bb0cf14b71d8cddaa232690096859fac205ccbd1586,2020-02,Norfolk Constabulary,Norfolk Constabulary,1.732512,52.594594,On or near Barkis Road,E01026622,Great Yarmouth 006A,Public order,Investigation complete; no suspect identified,
e8b923c6728f2da020d8fb41d1adcd2b76d718566f2f97e9adcea2d9c00f0459,2020-02,Norfolk Constabulary,Norfolk Constabulary,1.732732,52.593705,On or near Micawber Avenue,E01026622,Great Yarmouth 006A,Public order,Court result unavailable,
fe3cafc8c5953c19e97e0b7396d70ffa7fcc72a67b27e1c88b7ac7df8579ebfa,2020-02,Norfolk Constabulary,Norfolk Constabulary,1.733780,52.593349,On or near Harbord Crescent,E01026622,Great Yarmouth 006A,Public order,Unable to prosecute suspect,
c2ef03dc2712f9976a23796b199d3b269b42953dec615e1ea25ef287cf6813c0,2020-02,Norfolk Constabulary,Norfolk Constabulary,1.732512,52.594594,On or near Barkis Road,E01026622,Great Yarmouth 006A,Shoplifting,Investigation complete; no suspect identified,
80b6de39755078ea870ad45203d52fa96732281fef7a4ee403a5a5759978a492,2020-02,Norfolk Constabulary,Norfolk Constabulary,1.733780,52.593349,On or near Harbord Crescent,E01026622,Great Yarmouth 006A,Vehicle crime,Unable to prosecute suspect,
7e42066461fc18b1aa2d45c41bf63b07e5b556c34377c0e08b32745ea52241de,2020-02,Norfolk Constabulary,Norfolk Constabulary,1.732566,52.589843,On or near Suffling Road,E01026622,Great Yarmouth 006A,Vehicle crime,Investigation complete; no suspect identified,
bc79dfcb5a9e14243d8db2dbfe371ed683954e7dd12251287e1e56ae26e16963,2020-02,Norfolk Constabulary,Norfolk Constabulary,1.733780,52.593349,On or near Harbord Crescent,E01026622,Great Yarmouth 006A,Violence and sexual offences,Unable to prosecute suspect,
9694058618820ddd50ced2105bb6842bb7b4dc257903228123c740213f7977f2,2020-02,Norfolk Constabulary,Norfolk Constabulary,1.733780,52.593349,On or near Harbord Crescent,E01026622,Great Yarmouth 006A,Violence and sexual offences,Unable to prosecute suspect,
9234ce699ea0075672b417c39daba1dd9de05333c506da7cb57fa15afff818ce,2020-02,Norfolk Constabulary,Norfolk Constabulary,1.732512,52.594594,On or near Barkis Road,E01026622,Great Yarmouth 006A,Violence and sexual offences,Unable to prosecute suspect,
d51e126efd75b5bfd54eb3dc82063966c5e81be9e37a77c9f8698b0488e5896f,2020-02,Norfolk Constabulary,Norfolk Constabulary,1.730006,52.596382,On or near Ordnance Road,E01026622,Great Yarmouth 006A,Violence and sexual offences,Unable to prosecute suspect,
0c6051a4f8d63d5233189e6742cbbfd8fdb3e71ade0a3b1df78cc13ae362410d,2020-02,Norfolk Constabulary,Norfolk Constabulary,1.735871,52.589981,On or near Parking Area,E01026622,Great Yarmouth 006A,Violence and sexual offences,Unable to prosecute suspect,
d0de5fdcbab227903a5fa8b25b27d20bbda9b7b709053668c9bdbeb0e39ae0c8,2020-02,Norfolk Constabulary,Norfolk Constabulary,1.729547,52.594463,On or near Barrack Road,E01026622,Great Yarmouth 006A,Violence and sexual offences,Unable to prosecute suspect,
99cb8ff33d47b60a0421d4e3d41eaee33e916a57c832fce4f4b6808ed1c9525d,2020-02,Norfolk Constabulary,Norfolk Constabulary,1.729547,52.594463,On or near Barrack Road,E01026622,Great Yarmouth 006A,Violence and sexual offences,Unable to prosecute suspect,
53aeb7057c3d7901eed476cd0b15b124d896c4f306656d826b8fa2cf770ba832,2020-02,Norfolk Constabulary,Norfolk Constabulary,1.730211,52.588892,On or near South Denes Road,E01026622,Great Yarmouth 006A,Other crime,Status update unavailable,
,2020-02,Norfolk Constabulary,Norfolk Constabulary,1.728495,52.606765,On or near Shopping Area,E01026623,Great Yarmouth 006B,Anti-social behaviour,,
,2020-02,Norfolk Constabulary,Norfolk Constabulary,1.735481,52.607767,On or near Shopping Area,E01026623,Great Yarmouth 006B,Anti-social behaviour,,
,2020-02,Norfolk Constabulary,Norfolk Constabulary,1.728495,52.606765,On or near Shopping Area,E01026623,Great Yarmouth 006B,Anti-social behaviour,,
,2020-02,Norfolk Constabulary,Norfolk Constabulary,1.728495,52.606765,On or near Shopping Area,E01026623,Great Yarmouth 006B,Anti-social behaviour,,
,2020-02,Norfolk Constabulary,Norfolk Constabulary,1.726744,52.606154,On or near Parking Area,E01026623,Great Yarmouth 006B,Anti-social behaviour,,
,2020-02,Norfolk Constabulary,Norfolk Constabulary,1.725888,52.606505,On or near Howard Street South,E01026623,Great Yarmouth 006B,Anti-social behaviour,,
,2020-02,Norfolk Constabulary,Norfolk Constabulary,1.728495,52.606765,On or near Shopping Area,E01026623,Great Yarmouth 006B,Anti-social behaviour,,
,2020-02,Norfolk Constabulary,Norfolk Constabulary,1.728085,52.606112,On or near King Street,E01026623,Great Yarmouth 006B,Anti-social behaviour,,
,2020-02,Norfolk Constabulary,Norfolk Constabulary,1.728085,52.606112,On or near King Street,E01026623,Great Yarmouth 006B,Anti-social behaviour,,
,2020-02,Norfolk Constabulary,Norfolk Constabulary,1.726744,52.606154,On or near Parking Area,E01026623,Great Yarmouth 006B,Anti-social behaviour,,
,2020-02,Norfolk Constabulary,Norfolk Constabulary,1.733574,52.607414,On or near Roman Place,E01026623,Great Yarmouth 006B,Anti-social behaviour,,
,2020-02,Norfolk Constabulary,Norfolk Constabulary,1.728495,52.606765,On or near Shopping Area,E01026623,Great Yarmouth 006B,Anti-social behaviour,,
,2020-02,Norfolk Constabulary,Norfolk Constabulary,1.732526,52.606206,On or near Crown Road,E01026623,Great Yarmouth 006B,Anti-social behaviour,,
,2020-02,Norfolk Constabulary,Norfolk Constabulary,1.728495,52.606765,On or near Shopping Area,E01026623,Great Yarmouth 006B,Anti-social behaviour,,
,2020-02,Norfolk Constabulary,Norfolk Constabulary,1.728085,52.606112,On or near King Street,E01026623,Great Yarmouth 006B,Anti-social behaviour,,
,2020-02,Norfolk Constabulary,Norfolk Constabulary,1.728495,52.606765,On or near Shopping Area,E01026623,Great Yarmouth 006B,Anti-social behaviour,,
b6abf3e928cfd6b5bd6e8032a59e78193a7d78d3d0224f46c04040f1ccec4a89,2020-02,Norfolk Constabulary,Norfolk Constabulary,1.729652,52.606116,On or near Alexandra Road,E01026623,Great Yarmouth 006B,Burglary,Investigation complete; no suspect identified,
d3c1980c34efd69297d18d0df679d97e3c3fa4cde6beede673c2e265b96c0be2,2020-02,Norfolk Constabulary,Norfolk Constabulary,1.734253,52.606187,On or near Russell Road,E01026623,Great Yarmouth 006B,Burglary,Awaiting court outcome,
be75c5da91b986c91ceed3bf4a269f0044bf9070fb4f24ceec4d3d2423c8e75a,2020-02,Norfolk Constabulary,Norfolk Constabulary,1.735481,52.607767,On or near Shopping Area,E01026623,Great Yarmouth 006B,Criminal damage and arson,Unable to prosecute suspect,
6d531784b228efcd3b621b152b79d1c4529c7a62026a13d23ad4617c13d79a33,2020-02,Norfolk Constabulary,Norfolk Constabulary,1.736247,52.607572,On or near Britannia Road,E01026623,Great Yarmouth 006B,Criminal damage and arson,Unable to prosecute suspect,
f617862a5e014ceea407375fe8b1706d473ea7be108790d25c8414fece4dba6e,2020-02,Norfolk Constabulary,Norfolk Constabulary,1.736086,52.607937,On or near Nightclub,E01026623,Great Yarmouth 006B,Criminal damage and arson,Local resolution,
2ed6bed66c24047bf5fd60ecfdfab96523392dcbfc2ee33e9bd429091570a8ce,2020-02,Norfolk Constabulary,Norfolk Constabulary,1.726744,52.606154,On or near Parking Area,E01026623,Great Yarmouth 006B,Criminal damage and arson,Investigation complete; no suspect identified,
536d3ac59100e934246a3773fd23dcb4bd3f90109df833c6c3e54d97fb6be077,2020-02,Norfolk Constabulary,Norfolk Constabulary,1.725888,52.606505,On or near Howard Street South,E01026623,Great Yarmouth 006B,Drugs,Offender given a drugs possession warning,
0fc46786bfccc25d70e9a20b823ff88a75a6da3519083f2635cffe13eceab60a,2020-02,Norfolk Constabulary,Norfolk Constabulary,1.735481,52.607767,On or near Shopping Area,E01026623,Great Yarmouth 006B,Drugs,Formal action is not in the public interest,
b8a3b0529d58cafa803c4c28e68b0c924819304c4f47c29c8832c23c1fc0d7b5,2020-02,Norfolk Constabulary,Norfolk Constabulary,1.733574,52.607414,On or near Roman Place,E01026623,Great Yarmouth 006B,Drugs,Unable to prosecute suspect,
05e0ba420513ba14cdcc588202c0d7fb1bda6e3297ba85e46ff826fc5cc2d441,2020-02,Norfolk Constabulary,Norfolk Constabulary,1.728495,52.606765,On or near Shopping Area,E01026623,Great Yarmouth 006B,Drugs,Formal action is not in the public interest,
80b38407200b6f8b0c0c8018ba729e9f98c71e432756d8d18933068e03bec19b,2020-02,Norfolk Constabulary,Norfolk Constabulary,1.736247,52.607572,On or near Britannia Road,E01026623,Great Yarmouth 006B,Drugs,Court result unavailable,
e3900fc36eb56c0a99eae5ae63c32a1882f25b44729947c0f7711594f036fd19,2020-02,Norfolk Constabulary,Norfolk Constabulary,1.724903,52.606221,On or near Hall Plain,E01026623,Great Yarmouth 006B,Drugs,Court result unavailable,
fc8ca1cfd1067cbcd5d4f71abe721edfefd168aec982b8786f410a7d2db17050,2020-02,Norfolk Constabulary,Norfolk Constabulary,1.733574,52.607414,On or near Roman Place,E01026623,Great Yarmouth 006B,Drugs,Offender given a caution,
f9530f2c17276321d6aa93215f34123295f4906d914459a80be70d1432330cf7,2020-02,Norfolk Constabulary,Norfolk Constabulary,1.728495,52.606765,On or near Shopping Area,E01026623,Great Yarmouth 006B,Other theft,Unable to prosecute suspect,
361a9151db321380be00e1cdd17196fad673bf830859c34322923f03f38466f7,2020-02,Norfolk Constabulary,Norfolk Constabulary,1.735481,52.607767,On or near Shopping Area,E01026623,Great Yarmouth 006B,Other theft,Unable to prosecute suspect,
cb60c2c1514b2960210a8602e7b6bdc593b0bedb9be8fe801f191d3f954886b2,2020-02,Norfolk Constabulary,Norfolk Constabulary,1.735481,52.607767,On or near Shopping Area,E01026623,Great Yarmouth 006B,Other theft,Unable to prosecute suspect,
9534557ba0c2cd179dc9d1ccde420b34de9f468c7c2a127a0c2c2281109d1e48,2020-02,Norfolk Constabulary,Norfolk Constabulary,1.730311,52.606743,On or near Wellington Place,E01026623,Great Yarmouth 006B,Possession of weapons,Unable to prosecute suspect,
e78865242d5ae4c8aabb84712941bfc15ab8623031d4a1e7c71f06ed80dfa394,2020-02,Norfolk Constabulary,Norfolk Constabulary,1.728495,52.606765,On or near Shopping Area,E01026623,Great Yarmouth 006B,Public order,Unable to prosecute suspect,
e8e6755b01606a9dd4baa55e80c491793ff0b2a556caa0f909ef65b579431b69,2020-02,Norfolk Constabulary,Norfolk Constabulary,1.732799,52.605603,On or near Nelson Road Central,E01026623,Great Yarmouth 006B,Public order,Formal action is not in the public interest,
69e0ae737c0a4a57e51d0984849424a309a4b2d36ebb1c5ed1522ce698534f0c,2020-02,Norfolk Constabulary,Norfolk Constabulary,1.728495,52.606765,On or near Shopping Area,E01026623,Great Yarmouth 006B,Public order,Offender given penalty notice,
b3177c955bfbbcb2955d26c6cbff15eb499c1e92ad86252442639825e659be85,2020-02,Norfolk Constabulary,Norfolk Constabulary,1.735679,52.605935,On or near Apsley Road,E01026623,Great Yarmouth 006B,Public order,Court result unavailable,
348abd7f491df4990211e7b336e4e93cb6059c3646018979f75c94244775cb85,2020-02,Norfolk Constabulary,Norfolk Constabulary,1.736086,52.607937,On or near Nightclub,E01026623,Great Yarmouth 006B,Public order,Formal action is not in the public interest,
bf0f4d8cd539d176051be232822cce771e8dd2a2946307a21c02bf08d9e3d3d8,2020-02,Norfolk Constabulary,Norfolk Constabulary,1.729652,52.606116,On or near Alexandra Road,E01026623,Great Yarmouth 006B,Public order,Unable to prosecute suspect,
d10be3d0094333932830617d9b3d7a449943c74ff2a2c42eea8d6702bb798c71,2020-02,Norfolk Constabulary,Norfolk Constabulary,1.727820,52.606813,On or near Regent Road,E01026623,Great Yarmouth 006B,Public order,Unable to prosecute suspect,
80bf6e567b79c53fad6b74f7629a30741f4563aa1a20f8c1b9970097d7327466,2020-02,Norfolk Constabulary,Norfolk Constabulary,1.736247,52.607572,On or near Britannia Road,E01026623,Great Yarmouth 006B,Public order,Court result unavailable,
2992c381f1381bb2ba9bfce0afc8094224da623fc06d0f9e256a499c871fbc89,2020-02,Norfolk Constabulary,Norfolk Constabulary,1.728085,52.606112,On or near King Street,E01026623,Great Yarmouth 006B,Public order,Awaiting court outcome,
3ed9484262a9b5eb4da0e385556b7ab1f74710b9161cfda9d756b66aa6c77dac,2020-02,Norfolk Constabulary,Norfolk Constabulary,1.730008,52.606834,On or near Exmouth Place,E01026623,Great Yarmouth 006B,Public order,Unable to prosecute suspect,
018822f68b51390208a2c4064bd2c32cd0b2aef742d584732b998bb516d011d4,2020-02,Norfolk Constabulary,Norfolk Constabulary,1.728495,52.606765,On or near Shopping Area,E01026623,Great Yarmouth 006B,Public order,Unable to prosecute suspect,
485ec33d0d23377081b58306b1deaf47d8ef76e86fa54568d808d25ffaa497af,2020-02,Norfolk Constabulary,Norfolk Constabulary,1.736056,52.605501,On or near Trafalgar Square,E01026623,Great Yarmouth 006B,Public order,Investigation complete; no suspect identified,
720b06cb2dcea28f37127f53941033a28ee4fcfd5d1305e03accf4c02bfbf636,2020-02,Norfolk Constabulary,Norfolk Constabulary,1.728495,52.606765,On or near Shopping Area,E01026623,Great Yarmouth 006B,Shoplifting,Court result unavailable,
24f7a0b9ba69432fadb2d4127a9af13aded42b6952b4efb3d61be313fd24b317,2020-02,Norfolk Constabulary,Norfolk Constabulary,1.724903,52.606221,On or near Hall Plain,E01026623,Great Yarmouth 006B,Vehicle crime,Awaiting court outcome,
45afea519dc8915569abbeece97d9f3734c189da5c69b26760145563c90fa6e3,2020-02,Norfolk Constabulary,Norfolk Constabulary,1.725949,52.605136,On or near Queen Street,E01026623,Great Yarmouth 006B,Violence and sexual offences,Unable to prosecute suspect,
791b7fd982d1aa43b9269d37ff2b003d22a49e2c5c15b16cd894bd29894774a9,2020-02,Norfolk Constabulary,Norfolk Constabulary,1.727820,52.606813,On or near Regent Road,E01026623,Great Yarmouth 006B,Violence and sexual offences,Court result unavailable,
42d1d57b880cbac5aac1cc93f3c8b93a9d367adbbaeade670ac33cf553e063ca,2020-02,Norfolk Constabulary,Norfolk Constabulary,1.726112,52.606705,On or near Regent Street,E01026623,Great Yarmouth 006B,Violence and sexual offences,Unable to prosecute suspect,
78e548dd1fbeb4d1925761f6195014b5e6b1c50712aa3f65440ea5578a7c6cd1,2020-02,Norfolk Constabulary,Norfolk Constabulary,1.728495,52.606765,On or near Shopping Area,E01026623,Great Yarmouth 006B,Violence and sexual offences,Unable to prosecute suspect,
99532d32075725fb3a342719af398ed4a1652f2c32054dd99301e71420858881,2020-02,Norfolk Constabulary,Norfolk Constabulary,1.726744,52.606154,On or near Parking Area,E01026623,Great Yarmouth 006B,Violence and sexual offences,Unable to prosecute suspect,
4615bd80a679a31aa6657d314cce7077eb56a127c29629202528bbcb49e32de9,2020-02,Norfolk Constabulary,Norfolk Constabulary,1.726744,52.606154,On or near Parking Area,E01026623,Great Yarmouth 006B,Violence and sexual offences,Unable to prosecute suspect,
294654653f39be9efd0cf710a431efc5385c5e3f5b1d63a7d6678f354f842ddf,2020-02,Norfolk Constabulary,Norfolk Constabulary,1.726112,52.606705,On or near Regent Street,E01026623,Great Yarmouth 006B,Violence and sexual offences,Unable to prosecute suspect,
e3408016a72e9766288e033a62c3be0d9af2c13a7b6297ed5cb29983d268983f,2020-02,Norfolk Constabulary,Norfolk Constabulary,1.736086,52.607937,On or near Nightclub,E01026623,Great Yarmouth 006B,Violence and sexual offences,Awaiting court outcome,
97c913b50f5d89b18151cf35893e3fe812c4a5e0383e3a1df76ed830b83c9d0f,2020-02,Norfolk Constabulary,Norfolk Constabulary,1.735481,52.607767,On or near Shopping Area,E01026623,Great Yarmouth 006B,Violence and sexual offences,Unable to prosecute suspect,
b3723e4e5dc025e9211e8ea323d4b6ff4df46dabae88192bab4bcff9462806e1,2020-02,Norfolk Constabulary,Norfolk Constabulary,1.736086,52.607937,On or near Nightclub,E01026623,Great Yarmouth 006B,Violence and sexual offences,Court result unavailable,
6283d805c1c58594a7fc553c36715acd376e31e98aa67ff16c5d3e2af4ab10fc,2020-02,Norfolk Constabulary,Norfolk Constabulary,1.736247,52.607572,On or near Britannia Road,E01026623,Great Yarmouth 006B,Violence and sexual offences,Unable to prosecute suspect,
40ba92403db9cc5cbb0ed57c9f1285153a027ca9de0d7a18710046e8457b450f,2020-02,Norfolk Constabulary,Norfolk Constabulary,1.725888,52.606505,On or near Howard Street South,E01026623,Great Yarmouth 006B,Violence and sexual offences,Unable to prosecute suspect,
203ba5e9730b1284c222043fd07a7da7ca1a70dfb8fb258f65f815fbacdb9601,2020-02,Norfolk Constabulary,Norfolk Constabulary,1.734253,52.606187,On or near Russell Road,E01026623,Great Yarmouth 006B,Violence and sexual offences,Unable to prosecute suspect,
141e2e757859668988958d13e24b60836fac2bcbad1c17fe8385978df77add1e,2020-02,Norfolk Constabulary,Norfolk Constabulary,1.736247,52.607572,On or near Britannia Road,E01026623,Great Yarmouth 006B,Violence and sexual offences,Unable to prosecute suspect,
7b8c5605c796cf832b819bdc9547e3e846fc3358e9e016723eef930fa2764057,2020-02,Norfolk Constabulary,Norfolk Constabulary,1.728085,52.606112,On or near King Street,E01026623,Great Yarmouth 006B,Violence and sexual offences,Unable to prosecute suspect,
63399ef40032efae676b831b7b599ef5e438e993ca6c2ce82e920c16cdf05c27,2020-02,Norfolk Constabulary,Norfolk Constabulary,1.736217,52.606350,On or near Marlborough Terrace,E01026623,Great Yarmouth 006B,Violence and sexual offences,Investigation complete; no suspect identified,
eb6c1352baca133277989596d0d965043ef0b40597ef4ec9e981d1de54411c6a,2020-02,Norfolk Constabulary,Norfolk Constabulary,1.726744,52.606154,On or near Parking Area,E01026623,Great Yarmouth 006B,Violence and sexual offences,Unable to prosecute suspect,
3c7faa722b4345eb9d4ddad8033840a2f5987b19b7a4a83982d1d78c8b58b3be,2020-02,Norfolk Constabulary,Norfolk Constabulary,1.735679,52.605935,On or near Apsley Road,E01026623,Great Yarmouth 006B,Violence and sexual offences,Unable to prosecute suspect,
c081ebe45b302c993f26d4b2752ebc6763df48f5855fbfd10e91a8c490309703,2020-02,Norfolk Constabulary,Norfolk Constabulary,1.736086,52.607937,On or near Nightclub,E01026623,Great Yarmouth 006B,Violence and sexual offences,Unable to prosecute suspect,
c2795a27704d9d2ad87070a62ba0c00425b69dfe10cdbc711ba2a7e8db389968,2020-02,Norfolk Constabulary,Norfolk Constabulary,1.732799,52.605603,On or near Nelson Road Central,E01026623,Great Yarmouth 006B,Violence and sexual offences,Action to be taken by another organisation,
8f357c72b601e90919bc420a1d291eb4972348be471c937b8e3742b61a3ab8e9,2020-02,Norfolk Constabulary,Norfolk Constabulary,1.736247,52.607572,On or near Britannia Road,E01026623,Great Yarmouth 006B,Violence and sexual offences,Offender given a caution,
4db1035ac149ec351238c07ca3061803efadc1b92e455c032eeb524faa681e3d,2020-02,Norfolk Constabulary,Norfolk Constabulary,1.724903,52.606221,On or near Hall Plain,E01026623,Great Yarmouth 006B,Violence and sexual offences,Unable to prosecute suspect,
d62bfbac6a44e97c66350471ff2e7308dc1d734118502f9a7feb4d435c7960fc,2020-02,Norfolk Constabulary,Norfolk Constabulary,1.727820,52.606813,On or near Regent Road,E01026623,Great Yarmouth 006B,Violence and sexual offences,Unable to prosecute suspect,
16214dd46903576ca46ddc75596402c6db47aef9e3e9f770904cf6623f4f830f,2020-02,Norfolk Constabulary,Norfolk Constabulary,1.734253,52.606187,On or near Russell Road,E01026623,Great Yarmouth 006B,Violence and sexual offences,Unable to prosecute suspect,
8a84bbb0ba74e09e261867a3857b1091baf6c257a24a211544a863ed3f53c251,2020-02,Norfolk Constabulary,Norfolk Constabulary,1.736217,52.606350,On or near Marlborough Terrace,E01026623,Great Yarmouth 006B,Violence and sexual offences,Investigation complete; no suspect identified,
c7157e7ef627bf1e20ddba63f01a457a5a79c6446b25ea8de207cd6f424de418,2020-02,Norfolk Constabulary,Norfolk Constabulary,1.733574,52.607414,On or near Roman Place,E01026623,Great Yarmouth 006B,Violence and sexual offences,Unable to prosecute suspect,
2d4779bfe62a2684c699481e6e5903d6fb9e9823c9fd5d4e47f4b57c7a04d5e8,2020-02,Norfolk Constabulary,Norfolk Constabulary,1.736247,52.607572,On or near Britannia Road,E01026623,Great Yarmouth 006B,Violence and sexual offences,Offender given a caution,
83f8fd5fe3be8571fa225461de8a698c72ec58669d0a64c3c247c538ce0f8b90,2020-02,Norfolk Constabulary,Norfolk Constabulary,1.728085,52.606112,On or near King Street,E01026623,Great Yarmouth 006B,Violence and sexual offences,Unable to prosecute suspect,
4b007984d231b923e3b22152858937ba11627dfc81975cd86f68b41b1a7c8696,2020-02,Norfolk Constabulary,Norfolk Constabulary,1.725949,52.605136,On or near Queen Street,E01026623,Great Yarmouth 006B,Violence and sexual offences,Unable to prosecute suspect,
e33abbb9e9bc314b889c1b6ef1ef3ea582d4515a02066715b817d4741594aedb,2020-02,Norfolk Constabulary,Norfolk Constabulary,1.736217,52.606350,On or near Marlborough Terrace,E01026623,Great Yarmouth 006B,Violence and sexual offences,Offender given a caution,
e8250066faa9adb6aadabcb917810765b6f77ffbf00fc57b72df1507a6d3ce08,2020-02,Norfolk Constabulary,Norfolk Constabulary,1.726744,52.606154,On or near Parking Area,E01026623,Great Yarmouth 006B,Violence and sexual offences,Unable to prosecute suspect,
373256a263fca06b68575f90d70aa6e20aa572266802c0efa19cf1dd752352e2,2020-02,Norfolk Constabulary,Norfolk Constabulary,1.730311,52.606743,On or near Wellington Place,E01026623,Great Yarmouth 006B,Violence and sexual offences,Awaiting court outcome,
,2020-02,Norfolk Constabulary,Norfolk Constabulary,1.732825,52.601735,On or near Victoria Road,E01026624,Great Yarmouth 006C,Anti-social behaviour,,
,2020-02,Norfolk Constabulary,Norfolk Constabulary,1.732226,52.603553,On or near Oxborough Walk,E01026624,Great Yarmouth 006C,Anti-social behaviour,,
,2020-02,Norfolk Constabulary,Norfolk Constabulary,1.734114,52.602819,On or near Napoleon Place,E01026624,Great Yarmouth 006C,Anti-social behaviour,,
,2020-02,Norfolk Constabulary,Norfolk Constabulary,1.733372,52.603130,On or near Lancaster Road,E01026624,Great Yarmouth 006C,Anti-social behaviour,,
,2020-02,Norfolk Constabulary,Norfolk Constabulary,1.732661,52.602586,On or near St Peter'S Road,E01026624,Great Yarmouth 006C,Anti-social behaviour,,
,2020-02,Norfolk Constabulary,Norfolk Constabulary,1.734114,52.602819,On or near Napoleon Place,E01026624,Great Yarmouth 006C,Anti-social behaviour,,
,2020-02,Norfolk Constabulary,Norfolk Constabulary,1.733372,52.603130,On or near Lancaster Road,E01026624,Great Yarmouth 006C,Anti-social behaviour,,
244df5733c9e0ef8eaa338be78a2c4bb88d2de7b9e643dd709684954fef192bb,2020-02,Norfolk Constabulary,Norfolk Constabulary,1.730417,52.602090,On or near Dene Side,E01026624,Great Yarmouth 006C,Burglary,Investigation complete; no suspect identified,
72bddf0e498535bf02cf556492bf26db077138e977fc45f0eec7170aff826360,2020-02,Norfolk Constabulary,Norfolk Constabulary,1.729779,52.604835,On or near Dene Side,E01026624,Great Yarmouth 006C,Burglary,Investigation complete; no suspect identified,
6db4a4e9b6e546b39b5d374f9615166c35917ccebac1412739343cc013592617,2020-02,Norfolk Constabulary,Norfolk Constabulary,1.730930,52.603953,On or near St Peters' Plain,E01026624,Great Yarmouth 006C,Criminal damage and arson,Investigation complete; no suspect identified,
e01775041c7a78545c8a0c70ef01586c3ad9a9a90cc4a7951a5e077ce3c8057c,2020-02,Norfolk Constabulary,Norfolk Constabulary,1.730930,52.603953,On or near St Peters' Plain,E01026624,Great Yarmouth 006C,Criminal damage and arson,Investigation complete; no suspect identified,
914ceac493390a355d3da8396f1e56b4a29c8ef3964ec78cdb1611d5f91a8cda,2020-02,Norfolk Constabulary,Norfolk Constabulary,1.734114,52.602819,On or near Napoleon Place,E01026624,Great Yarmouth 006C,Criminal damage and arson,Unable to prosecute suspect,
75f38636bd74d8b7c60fb5b8f1eee5186f7a294415eac168f2cc54aa0b3a4908,2020-02,Norfolk Constabulary,Norfolk Constabulary,1.734114,52.602819,On or near Napoleon Place,E01026624,Great Yarmouth 006C,Criminal damage and arson,Unable to prosecute suspect,
1ba7453b772661894ce12a0c912baa3b36f84330c827ee135df2ac566e10bf07,2020-02,Norfolk Constabulary,Norfolk Constabulary,1.731640,52.601871,On or near Well Road,E01026624,Great Yarmouth 006C,Drugs,Awaiting court outcome,
4d5c97ab107ffa4d662f5768f0dd6f989b523a0346e411319df4fe2efc723547,2020-02,Norfolk Constabulary,Norfolk Constabulary,1.733093,52.604542,On or near Rodney Road,E01026624,Great Yarmouth 006C,Other theft,Unable to prosecute suspect,
59104d7cfc3106473b975529878451265f93335683e95f47be1e01434ce3d9d4,2020-02,Norfolk Constabulary,Norfolk Constabulary,1.732825,52.601735,On or near Victoria Road,E01026624,Great Yarmouth 006C,Other theft,Investigation complete; no suspect identified,
aa4950dc6b105567904085a48f931b1bc2bf541611996b2af7e9e2f5a1a4d2f0,2020-02,Norfolk Constabulary,Norfolk Constabulary,1.734114,52.602819,On or near Napoleon Place,E01026624,Great Yarmouth 006C,Shoplifting,Investigation complete; no suspect identified,
6dd62efa895cc7b630f6f450358d3029d12552c1355db1f33d0a7e79d20c97da,2020-02,Norfolk Constabulary,Norfolk Constabulary,1.733632,52.602546,On or near St Peter'S Road,E01026624,Great Yarmouth 006C,Vehicle crime,Court result unavailable,
02bdddfab32ca587cdc94ac58cde18a0d0e05a25044118b86b00757473bde25f,2020-02,Norfolk Constabulary,Norfolk Constabulary,1.733211,52.602109,On or near Old Wellington Passage,E01026624,Great Yarmouth 006C,Vehicle crime,Investigation complete; no suspect identified,
5c91e8066509c1d12b68958dcb307640b803ce80180cb0c32fc8443016fc4165,2020-02,Norfolk Constabulary,Norfolk Constabulary,1.733093,52.604542,On or near Rodney Road,E01026624,Great Yarmouth 006C,Violence and sexual offences,Unable to prosecute suspect,
e33456f852484b6a0240fae334d4f937957e80e36ac845b5aec4bf564ebb9a2b,2020-02,Norfolk Constabulary,Norfolk Constabulary,1.732226,52.603553,On or near Oxborough Walk,E01026624,Great Yarmouth 006C,Violence and sexual offences,Unable to prosecute suspect,
f0f3d6c57eb39651d0e707816b37d8f7da238d19aad3dcde24dae13120f22d77,2020-02,Norfolk Constabulary,Norfolk Constabulary,1.730930,52.603953,On or near St Peters' Plain,E01026624,Great Yarmouth 006C,Violence and sexual offences,Unable to prosecute suspect,
365b184bc6d8f78cb588a892c316c1eea41248d7534b2240fd9a246c41eb51fb,2020-02,Norfolk Constabulary,Norfolk Constabulary,1.733706,52.604792,On or near Bath Hill,E01026624,Great Yarmouth 006C,Violence and sexual offences,Formal action is not in the public interest,
482979c6179dedf3ece1b9b21982f981c86ace52edda837299ae3f028fc43bf0,2020-02,Norfolk Constabulary,Norfolk Constabulary,1.733309,52.604301,On or near St George'S Road,E01026624,Great Yarmouth 006C,Violence and sexual offences,Unable to prosecute suspect,
70c39c0cd50faa083ab33d760e8d9de5b8132cafae79f5040792e95ef1b81e3d,2020-02,Norfolk Constabulary,Norfolk Constabulary,1.732226,52.603553,On or near Oxborough Walk,E01026624,Great Yarmouth 006C,Violence and sexual offences,Unable to prosecute suspect,
13cea3731bda7a7e0eee2d4ed4fadd55232dc4d33bd6f8c22605327ff1679eb3,2020-02,Norfolk Constabulary,Norfolk Constabulary,1.731640,52.601871,On or near Well Road,E01026624,Great Yarmouth 006C,Violence and sexual offences,Unable to prosecute suspect,
4194a3dd92fa4494c737c4140b1996fe5e0bfe2b396ee17f70ec3a6cd8c4da5a,2020-02,Norfolk Constabulary,Norfolk Constabulary,1.729779,52.604835,On or near Dene Side,E01026624,Great Yarmouth 006C,Violence and sexual offences,Unable to prosecute suspect,
23af6f56689ea83d2849ea266bb2c7685fa51a9cebeafb880d36343896a4c50f,2020-02,Norfolk Constabulary,Norfolk Constabulary,1.732226,52.603553,On or near Oxborough Walk,E01026624,Great Yarmouth 006C,Violence and sexual offences,Unable to prosecute suspect,
ca03deb0223307200cbbf187002c8de83114564901ff04157993ff8141a1d0af,2020-02,Norfolk Constabulary,Norfolk Constabulary,1.732226,52.603553,On or near Oxborough Walk,E01026624,Great Yarmouth 006C,Violence and sexual offences,Unable to prosecute suspect,
b82c579d2b45b9492512d342e8be9a367e5533327b39830691ea796786010f7c,2020-02,Norfolk Constabulary,Norfolk Constabulary,1.729779,52.604835,On or near Dene Side,E01026624,Great Yarmouth 006C,Violence and sexual offences,Unable to prosecute suspect,
f3b0e6162b3189e8f0f2b01150a9bdee2877912d44aeb37147f91f67c0dd361e,2020-02,Norfolk Constabulary,Norfolk Constabulary,1.730930,52.603953,On or near St Peters' Plain,E01026624,Great Yarmouth 006C,Violence and sexual offences,Unable to prosecute suspect,
bd525a083315d46cb873279582a7a60654f7b5b9d2af5d2ae697117925d4088f,2020-02,Norfolk Constabulary,Norfolk Constabulary,1.730417,52.602090,On or near Dene Side,E01026624,Great Yarmouth 006C,Violence and sexual offences,Unable to prosecute suspect,
620405322eacc1260106cf865e0474dd9bc572b1feb5b13bfc2164eef19f82c1,2020-02,Norfolk Constabulary,Norfolk Constabulary,1.733093,52.604542,On or near Rodney Road,E01026624,Great Yarmouth 006C,Violence and sexual offences,Unable to prosecute suspect,
42535acc00910fb1edea1cb0205199a1bc82d14fd1b7f034a38ffb3072d65924,2020-02,Norfolk Constabulary,Norfolk Constabulary,1.733093,52.604542,On or near Rodney Road,E01026624,Great Yarmouth 006C,Violence and sexual offences,Unable to prosecute suspect,
dab7db6d1951cfce9328c01a2c532253bd57ef0fecb945bd2e28339f4724d40d,2020-02,Norfolk Constabulary,Norfolk Constabulary,1.733063,52.603670,On or near York Road,E01026624,Great Yarmouth 006C,Violence and sexual offences,Status update unavailable,
818c3b7373a20a6bde7856c261f3c63425604363f3fa450112c10dbe36618884,2020-02,Norfolk Constabulary,Norfolk Constabulary,1.734114,52.602819,On or near Napoleon Place,E01026624,Great Yarmouth 006C,Violence and sexual offences,Investigation complete; no suspect identified,
680ce87e7ad2041ed78935407256ffe8d66e9e51948e3400cd592ebfab65656a,2020-02,Norfolk Constabulary,Norfolk Constabulary,1.733093,52.604542,On or near Rodney Road,E01026624,Great Yarmouth 006C,Violence and sexual offences,Unable to prosecute suspect,
dbca5a0ec7d174b783176a7e52e60107d981670f833107fe966c5e610c4653c5,2020-02,Norfolk Constabulary,Norfolk Constabulary,1.732226,52.603553,On or near Oxborough Walk,E01026624,Great Yarmouth 006C,Violence and sexual offences,Unable to prosecute suspect,
5816c0cc8eaccb7cfcbe618002e7b91a2f96d42a6a02498e6b923a990959dc40,2020-02,Norfolk Constabulary,Norfolk Constabulary,1.732226,52.603553,On or near Oxborough Walk,E01026624,Great Yarmouth 006C,Violence and sexual offences,Unable to prosecute suspect,
069b461d805d9f8d020301d4cfa8fdb8971b27c25f15b6e3ecdc33a638e3d271,2020-02,Norfolk Constabulary,Norfolk Constabulary,1.729779,52.604835,On or near Dene Side,E01026624,Great Yarmouth 006C,Violence and sexual offences,Status update unavailable,
77a04172c4b241115ad3ee2c91592f953e40dd48efb21a8a1311ed9a97b31aad,2020-02,Norfolk Constabulary,Norfolk Constabulary,1.733372,52.603130,On or near Lancaster Road,E01026624,Great Yarmouth 006C,Violence and sexual offences,Unable to prosecute suspect,
3428465dd01263f49c3a125b57e820cce857ee4a0e27f7b02583afb06034a3b7,2020-02,Norfolk Constabulary,Norfolk Constabulary,1.730930,52.603953,On or near St Peters' Plain,E01026624,Great Yarmouth 006C,Violence and sexual offences,Unable to prosecute suspect,
0982b526f1aebed2bfe2dcfbdd01ddb2de051d5583b5cc161d60be67a102482f,2020-02,Norfolk Constabulary,Norfolk Constabulary,1.733517,52.601362,On or near Duncan Road,E01026624,Great Yarmouth 006C,Violence and sexual offences,Unable to prosecute suspect,
,2020-02,Norfolk Constabulary,Norfolk Constabulary,1.731483,52.598809,On or near Pier Place,E01026625,Great Yarmouth 006D,Anti-social behaviour,,
,2020-02,Norfolk Constabulary,Norfolk Constabulary,1.728870,52.602831,On or near Nottingham Way,E01026625,Great Yarmouth 006D,Anti-social behaviour,,
,2020-02,Norfolk Constabulary,Norfolk Constabulary,1.728302,52.601185,On or near Sidney Close,E01026625,Great Yarmouth 006D,Anti-social behaviour,,
,2020-02,Norfolk Constabulary,Norfolk Constabulary,1.727318,52.604733,On or near Yarmouth Way,E01026625,Great Yarmouth 006D,Anti-social behaviour,,
,2020-02,Norfolk Constabulary,Norfolk Constabulary,1.730490,52.601206,On or near Trinity Place,E01026625,Great Yarmouth 006D,Anti-social behaviour,,
,2020-02,Norfolk Constabulary,Norfolk Constabulary,1.731701,52.599468,On or near Louise Close,E01026625,Great Yarmouth 006D,Anti-social behaviour,,
,2020-02,Norfolk Constabulary,Norfolk Constabulary,1.727481,52.603864,On or near Sackville Close,E01026625,Great Yarmouth 006D,Anti-social behaviour,,
,2020-02,Norfolk Constabulary,Norfolk Constabulary,1.727374,52.605739,On or near Parking Area,E01026625,Great Yarmouth 006D,Anti-social behaviour,,
,2020-02,Norfolk Constabulary,Norfolk Constabulary,1.731483,52.598809,On or near Pier Place,E01026625,Great Yarmouth 006D,Anti-social behaviour,,
cf9708c3bb8cac3a0f569c13174792ade7c5aee8fdfe305fbd2292ed5e2d6bfe,2020-02,Norfolk Constabulary,Norfolk Constabulary,1.729731,52.601662,On or near King Street,E01026625,Great Yarmouth 006D,Burglary,Investigation complete; no suspect identified,
0176aa77bab889e4fe44c6649800f60501360e258d41ed6eac97f26951079d81,2020-02,Norfolk Constabulary,Norfolk Constabulary,1.729731,52.601662,On or near King Street,E01026625,Great Yarmouth 006D,Criminal damage and arson,Unable to prosecute suspect,
3fe6dcf66608738724f8cf9532a65adddb5f0ba9d4a94420c60b8c7ad481e833,2020-02,Norfolk Constabulary,Norfolk Constabulary,1.729195,52.600572,On or near Friars' Lane,E01026625,Great Yarmouth 006D,Criminal damage and arson,Investigation complete; no suspect identified,
63bd9e604412cb1ce5f51dc4545ba81f1cd2a3b19d81325407b59a2e2b012359,2020-02,Norfolk Constabulary,Norfolk Constabulary,1.728870,52.602831,On or near Nottingham Way,E01026625,Great Yarmouth 006D,Criminal damage and arson,Investigation complete; no suspect identified,
ff9c720c19e42197c317281f7e8a2ab0f880160a2adf3e1de9605138a776b525,2020-02,Norfolk Constabulary,Norfolk Constabulary,1.728654,52.601678,On or near Middlegate,E01026625,Great Yarmouth 006D,Criminal damage and arson,Investigation complete; no suspect identified,
b96e78ca5b5c82e4d7bfe6167ee49360dc14d47f35fef7b93b54079d7a155430,2020-02,Norfolk Constabulary,Norfolk Constabulary,1.727481,52.603864,On or near Sackville Close,E01026625,Great Yarmouth 006D,Criminal damage and arson,Investigation complete; no suspect identified,
db7d77b56f44cc68596e9b079f732861ef5dd5192ea1260b2d1489037f5e7792,2020-02,Norfolk Constabulary,Norfolk Constabulary,1.728803,52.603427,On or near Orford Close,E01026625,Great Yarmouth 006D,Drugs,Court result unavailable,
11032d72f0ae9ddfa4f7faad69f1f962b5691571217ba00175e4fd3a9375a0d4,2020-02,Norfolk Constabulary,Norfolk Constabulary,1.729731,52.601662,On or near King Street,E01026625,Great Yarmouth 006D,Drugs,Awaiting court outcome,
5f0004d6a9b626a303f6c05645faa414d248acf3a9e8b244ec6f777ac9dea863,2020-02,Norfolk Constabulary,Norfolk Constabulary,1.727258,52.602810,On or near Nottingham Way,E01026625,Great Yarmouth 006D,Drugs,Offender given a drugs possession warning,
4e5ab0c8cf4667190ff277eda92434e6bdcdfaaa1485da8e34dc0a6ff1b56604,2020-02,Norfolk Constabulary,Norfolk Constabulary,1.729731,52.601662,On or near King Street,E01026625,Great Yarmouth 006D,Other theft,Unable to prosecute suspect,
8e6b8d5ed261cadb9202ee51b3c1ecb072db26311d0a9f4605d8e51bc4adf802,2020-02,Norfolk Constabulary,Norfolk Constabulary,1.729731,52.601662,On or near King Street,E01026625,Great Yarmouth 006D,Possession of weapons,Awaiting court outcome,
78ff11e6950a359c2a52b0c8c1f383aa6b2be2188713d182a3c305f0febd69f4,2020-02,Norfolk Constabulary,Norfolk Constabulary,1.728518,52.604074,On or near Townshend Close,E01026625,Great Yarmouth 006D,Public order,Unable to prosecute suspect,
15d49168b062f1df48120c3c83f7bc30dcac84ac076b6125db3b88f82cd26bfe,2020-02,Norfolk Constabulary,Norfolk Constabulary,1.727318,52.604733,On or near Yarmouth Way,E01026625,Great Yarmouth 006D,Public order,Unable to prosecute suspect,
b7a7d2aed0aa6938f3c94c24af34c10cc78af3b3ffd3f47a2876eb40412de07c,2020-02,Norfolk Constabulary,Norfolk Constabulary,1.728870,52.602831,On or near Nottingham Way,E01026625,Great Yarmouth 006D,Public order,Unable to prosecute suspect,
c52e894a101b098a9bbaf9e7379da03896e20cefe1bfcd8ef59556a6e23d78b1,2020-02,Norfolk Constabulary,Norfolk Constabulary,1.727318,52.604733,On or near Yarmouth Way,E01026625,Great Yarmouth 006D,Theft from the person,Unable to prosecute suspect,
01322b1ef2ec9d26b8f8eb0e9aafc349174b25101caebcecdcb77549c18b95c1,2020-02,Norfolk Constabulary,Norfolk Constabulary,1.727989,52.602202,On or near Clarendon Close,E01026625,Great Yarmouth 006D,Violence and sexual offences,Unable to prosecute suspect,
5703ad403d0c4a67991a9f458b8be6f3e400a9901f9d9d7112434b2e199b32f7,2020-02,Norfolk Constabulary,Norfolk Constabulary,1.727989,52.602202,On or near Clarendon Close,E01026625,Great Yarmouth 006D,Violence and sexual offences,Unable to prosecute suspect,
3b321b0f002e7c4626f56a2b007103627b5d7f6f1081f27bd7b5af18c4bddaa3,2020-02,Norfolk Constabulary,Norfolk Constabulary,1.727318,52.604733,On or near Yarmouth Way,E01026625,Great Yarmouth 006D,Violence and sexual offences,Unable to prosecute suspect,
a15e9808d1c1dfa9f5c0e9bde8afda713f771274b2bc94768330c2c89082da90,2020-02,Norfolk Constabulary,Norfolk Constabulary,1.727318,52.604733,On or near Yarmouth Way,E01026625,Great Yarmouth 006D,Violence and sexual offences,Unable to prosecute suspect,
1bbacfda9c444dc85169bc23392d79c3fa3cfe6333dac782b2ae0b4f3a2949c6,2020-02,Norfolk Constabulary,Norfolk Constabulary,1.727989,52.602202,On or near Clarendon Close,E01026625,Great Yarmouth 006D,Violence and sexual offences,Unable to prosecute suspect,
7de99ecba34f8f85b23eb85274536ba1b17085666f51ece2332f80c304ffab87,2020-02,Norfolk Constabulary,Norfolk Constabulary,1.729731,52.601662,On or near King Street,E01026625,Great Yarmouth 006D,Violence and sexual offences,Formal action is not in the public interest,
36e43c36030b6c302fd57a836f0b00e196a34729dc0814cd83d9832bc1f528f7,2020-02,Norfolk Constabulary,Norfolk Constabulary,1.728654,52.601678,On or near Middlegate,E01026625,Great Yarmouth 006D,Violence and sexual offences,Unable to prosecute suspect,
e54ad344a81d65fdf24ce647eaf557f9974a1b361fef3db8e43dc9d4835d2fff,2020-02,Norfolk Constabulary,Norfolk Constabulary,1.729731,52.601662,On or near King Street,E01026625,Great Yarmouth 006D,Violence and sexual offences,Action to be taken by another organisation,
,2020-02,Norfolk Constabulary,Norfolk Constabulary,1.728473,52.597986,On or near Selby Place,E01026626,Great Yarmouth 006E,Anti-social behaviour,,
,2020-02,Norfolk Constabulary,Norfolk Constabulary,1.733230,52.599554,On or near Nelson Road South,E01026626,Great Yarmouth 006E,Anti-social behaviour,,
,2020-02,Norfolk Constabulary,Norfolk Constabulary,1.732787,52.599550,On or near Clarence Road,E01026626,Great Yarmouth 006E,Anti-social behaviour,,
,2020-02,Norfolk Constabulary,Norfolk Constabulary,1.729483,52.599439,On or near Parking Area,E01026626,Great Yarmouth 006E,Anti-social behaviour,,
,2020-02,Norfolk Constabulary,Norfolk Constabulary,1.734387,52.598043,On or near Seafield Close,E01026626,Great Yarmouth 006E,Anti-social behaviour,,
,2020-02,Norfolk Constabulary,Norfolk Constabulary,1.728904,52.599232,On or near Mariners' Road,E01026626,Great Yarmouth 006E,Anti-social behaviour,,
7a95482a5ad8e83e3580add76f342931e102ccf166c18ce1f42c13734a4bf292,2020-02,Norfolk Constabulary,Norfolk Constabulary,1.730497,52.598858,On or near Camden Road,E01026626,Great Yarmouth 006E,Burglary,Investigation complete; no suspect identified,
6e94cff33a47d15ba8d7be684bfe3e0a0b50c8e989aa7e80d1a6c7d3a6c7bd62,2020-02,Norfolk Constabulary,Norfolk Constabulary,1.734841,52.601815,On or near Devonshire Road,E01026626,Great Yarmouth 006E,Criminal damage and arson,Investigation complete; no suspect identified,
1d5e410ee100956045add5b29ecfc0c77818f749cde324da27d9b668b29d6b8a,2020-02,Norfolk Constabulary,Norfolk Constabulary,1.733230,52.599554,On or near Nelson Road South,E01026626,Great Yarmouth 006E,Criminal damage and arson,Unable to prosecute suspect,
6ddc0fd65445569e65fb44ec897c710da361a7425eb1b42a0bc6c78132b136d7,2020-02,Norfolk Constabulary,Norfolk Constabulary,1.729363,52.596465,On or near Newcastle Road,E01026626,Great Yarmouth 006E,Criminal damage and arson,Investigation complete; no suspect identified,
3293c115cf28b15a34688efe59d0ceda5ebbc86438f31d3387329b57c4f2d992,2020-02,Norfolk Constabulary,Norfolk Constabulary,1.727718,52.596229,On or near Petrol Station,E01026626,Great Yarmouth 006E,Criminal damage and arson,Unable to prosecute suspect,
813798a090d20be141fac73d3cebc9e87eeeac4a76fc22cd53e61a32fef1da6e,2020-02,Norfolk Constabulary,Norfolk Constabulary,1.729807,52.598565,On or near West Street,E01026626,Great Yarmouth 006E,Criminal damage and arson,Investigation complete; no suspect identified,
addb969452c764983e3361f12f9c11b67e660a0fbfff0bb0c86c669b008070bb,2020-02,Norfolk Constabulary,Norfolk Constabulary,1.732491,52.600765,On or near Havelock Place,E01026626,Great Yarmouth 006E,Criminal damage and arson,Investigation complete; no suspect identified,
5531f36c8cd66f2c7244e8382744810882f7e6e7f0d1257237174ab6c8edaeba,2020-02,Norfolk Constabulary,Norfolk Constabulary,1.735676,52.602257,On or near Portland Place,E01026626,Great Yarmouth 006E,Criminal damage and arson,Unable to prosecute suspect,
6b90dcd5fb377b72112163a820ec0300345e9a6a9ac5b711b96f8a842dd041db,2020-02,Norfolk Constabulary,Norfolk Constabulary,1.735028,52.601063,On or near Wellington Road,E01026626,Great Yarmouth 006E,Drugs,Awaiting court outcome,
0d8923b4b3ae39f81f4b44d3f1a89058e0edb194cbd8c3d0417048a588a86473,2020-02,Norfolk Constabulary,Norfolk Constabulary,1.732838,52.595294,On or near Dickens Avenue,E01026626,Great Yarmouth 006E,Drugs,Offender given a drugs possession warning,
39c26e7999ba2df7804bad568137859c7522365ca9405a32f20aaf3b0cd2b39a,2020-02,Norfolk Constabulary,Norfolk Constabulary,1.729483,52.599439,On or near Parking Area,E01026626,Great Yarmouth 006E,Drugs,Awaiting court outcome,
a94f48a9aa7dfe4b7d55d2d59e2a2fd38acadf32cf528033b224fc58e23acdf9,2020-02,Norfolk Constabulary,Norfolk Constabulary,1.734478,52.598427,On or near King'S Road,E01026626,Great Yarmouth 006E,Other theft,Investigation complete; no suspect identified,
bbe5caecabaf0691fbe7deae22154bdc1a1d2d393b3ce191c8120adead0bac98,2020-02,Norfolk Constabulary,Norfolk Constabulary,1.730864,52.598136,On or near Queen'S Road,E01026626,Great Yarmouth 006E,Other theft,Unable to prosecute suspect,
2f1f974970e87929fb8093149f638c1c3a77e9b7558f757db40efd729a168fd3,2020-02,Norfolk Constabulary,Norfolk Constabulary,1.735870,52.603672,On or near Edinburgh Place,E01026626,Great Yarmouth 006E,Other theft,Unable to prosecute suspect,
36c03bb67ec8749723a478dbb5ae2643d3893a86c77447b33016da4117d5950e,2020-02,Norfolk Constabulary,Norfolk Constabulary,1.728473,52.597986,On or near Selby Place,E01026626,Great Yarmouth 006E,Other theft,Investigation complete; no suspect identified,
0d9aebaebadb97a0020bf56110873979462166c09a1be7b7f36a5b689cdc3582,2020-02,Norfolk Constabulary,Norfolk Constabulary,1.730497,52.598858,On or near Camden Road,E01026626,Great Yarmouth 006E,Other theft,Investigation complete; no suspect identified,
7bff21a52db0ef1af38c4090dd15da80afbb1407425e45f8242b6e00fe59bd4d,2020-02,Norfolk Constabulary,Norfolk Constabulary,1.730497,52.598858,On or near Camden Road,E01026626,Great Yarmouth 006E,Other theft,Unable to prosecute suspect,
8e63a42c615aeff28dcd739e62d8b1a56aa9dc64ddca64cfc6b1e8c1823f7e83,2020-02,Norfolk Constabulary,Norfolk Constabulary,1.728473,52.597986,On or near Selby Place,E01026626,Great Yarmouth 006E,Other theft,Unable to prosecute suspect,
04bb2fd98323e556e4a1b91792f8fdb10c0680891b0fcf32800d783c9674bf22,2020-02,Norfolk Constabulary,Norfolk Constabulary,1.733230,52.599554,On or near Nelson Road South,E01026626,Great Yarmouth 006E,Public order,Court result unavailable,
51473cd26280a1c91dd65934464f1d4627776743b61fdad34f10377aa989cf28,2020-02,Norfolk Constabulary,Norfolk Constabulary,1.734478,52.598427,On or near King'S Road,E01026626,Great Yarmouth 006E,Public order,Unable to prosecute suspect,
b767cdd243886024330f6fb7f391022155e4000dbaf4096a985869cdd06c99e8,2020-02,Norfolk Constabulary,Norfolk Constabulary,1.735030,52.603869,On or near Kent Square,E01026626,Great Yarmouth 006E,Public order,Court result unavailable,
e4501d872793d267f3c356cf8e5f4c5c6db027129ea1bbb140904185eb9113ae,2020-02,Norfolk Constabulary,Norfolk Constabulary,1.730864,52.598136,On or near Queen'S Road,E01026626,Great Yarmouth 006E,Theft from the person,Investigation complete; no suspect identified,
e2b3ad1a7e86f4ef7ed580f1f51c6d1dd166997b85bcf0ab91ccf82347b49477,2020-02,Norfolk Constabulary,Norfolk Constabulary,1.734604,52.599205,On or near Shadingfield Close,E01026626,Great Yarmouth 006E,Violence and sexual offences,Unable to prosecute suspect,
0e93c9c21c4f97dd1972f02ddb8d97533172aef3838237cc8d9f963f56129a30,2020-02,Norfolk Constabulary,Norfolk Constabulary,1.732838,52.595294,On or near Dickens Avenue,E01026626,Great Yarmouth 006E,Violence and sexual offences,Unable to prosecute suspect,
0e786d1bbac5c5931b7630bdb26ce995d7f09b51bf2aa03b1e0ab1cc928d39b4,2020-02,Norfolk Constabulary,Norfolk Constabulary,1.732838,52.595294,On or near Dickens Avenue,E01026626,Great Yarmouth 006E,Violence and sexual offences,Unable to prosecute suspect,
8e6b0b54451ed901e7983b0a3651056895982e7e02d1dd0a72b98a471b826391,2020-02,Norfolk Constabulary,Norfolk Constabulary,1.732787,52.599550,On or near Clarence Road,E01026626,Great Yarmouth 006E,Violence and sexual offences,Unable to prosecute suspect,
5ffa5bb6a389235510a81c1e43da6db79baf0a87c30767c28eb10cc9bbfa46e9,2020-02,Norfolk Constabulary,Norfolk Constabulary,1.733230,52.599554,On or near Nelson Road South,E01026626,Great Yarmouth 006E,Violence and sexual offences,Court result unavailable,
a8fff97e0ac72d77fac5edc74e7e72627e095ba3a3e8ca81d86afe658b161b41,2020-02,Norfolk Constabulary,Norfolk Constabulary,1.731711,52.600799,On or near Malakoff Close,E01026626,Great Yarmouth 006E,Violence and sexual offences,Unable to prosecute suspect,
52092db6899b7dfccf6a8f0f6af4a75b3b9c45c6deefa689c8a7e5d5603bc65f,2020-02,Norfolk Constabulary,Norfolk Constabulary,1.735030,52.603869,On or near Kent Square,E01026626,Great Yarmouth 006E,Violence and sexual offences,Unable to prosecute suspect,
d2e78f50345dc2839e6f62c9e5cc60e337c55726c2a16e4745e090bda04cc8d1,2020-02,Norfolk Constabulary,Norfolk Constabulary,1.727306,52.600937,On or near South Quay,E01026626,Great Yarmouth 006E,Violence and sexual offences,Investigation complete; no suspect identified,
8cc6468fd6c3eef128dd8d7eb2477c7dd0fa88c3fcfb5be46b6abfcfce6d0faa,2020-02,Norfolk Constabulary,Norfolk Constabulary,1.735030,52.603869,On or near Kent Square,E01026626,Great Yarmouth 006E,Violence and sexual offences,Unable to prosecute suspect,
bf2ffe909bf381baa5b331252c122eca861d630723f29e44130fc25b97688333,2020-02,Norfolk Constabulary,Norfolk Constabulary,1.732808,52.600665,On or near New Wellington Place,E01026626,Great Yarmouth 006E,Violence and sexual offences,Investigation complete; no suspect identified,
e43ac17bb1eecce808634b64c4e0874778a070e81368f05f1a0bfdaf4ec52bc3,2020-02,Norfolk Constabulary,Norfolk Constabulary,1.732787,52.599550,On or near Clarence Road,E01026626,Great Yarmouth 006E,Violence and sexual offences,Status update unavailable,
62b0b210a80a3d81f950f409c514c9c3d7cc14343963a3ea764ec61a546717dd,2020-02,Norfolk Constabulary,Norfolk Constabulary,1.735030,52.603869,On or near Kent Square,E01026626,Great Yarmouth 006E,Violence and sexual offences,Unable to prosecute suspect,
f8b3cefefb077945096c7afc5a545c17f14b42e073159159b63d7b38a87e2bb4,2020-02,Norfolk Constabulary,Norfolk Constabulary,1.733230,52.599554,On or near Nelson Road South,E01026626,Great Yarmouth 006E,Violence and sexual offences,Unable to prosecute suspect,
de96c72892e1df4a8d914bb82e0e82af1ed79efb76f3072cb2dad3a76406aa1b,2020-02,Norfolk Constabulary,Norfolk Constabulary,1.735909,52.604471,On or near Nightclub,E01026626,Great Yarmouth 006E,Violence and sexual offences,Unable to prosecute suspect,
94310da329933fb5d80e57a82d8e08e35440e98b149aff3c53b2b344c7c0a97c,2020-02,Norfolk Constabulary,Norfolk Constabulary,1.735030,52.603869,On or near Kent Square,E01026626,Great Yarmouth 006E,Violence and sexual offences,Unable to prosecute suspect,
e0509e7a12304d9581417234e0646d84888688d6fe629f28eca8d24a2b536189,2020-02,Norfolk Constabulary,Norfolk Constabulary,1.727306,52.600937,On or near South Quay,E01026626,Great Yarmouth 006E,Violence and sexual offences,Unable to prosecute suspect,
9ade3f77f6cff845145631b879d6a614beadabe7809ef54e9e63c5c7de115f9d,2020-02,Norfolk Constabulary,Norfolk Constabulary,1.735676,52.602257,On or near Portland Place,E01026626,Great Yarmouth 006E,Violence and sexual offences,Unable to prosecute suspect,
5b276875ad22c82baa886adaa52cf8a137c9c80c091bf3e575c377471b5890c3,2020-02,Norfolk Constabulary,Norfolk Constabulary,1.735909,52.604471,On or near Nightclub,E01026626,Great Yarmouth 006E,Other crime,Further investigation is not in the public interest,
0d7fb4854433c958ea96596270c5f4bc5c518065fcac1654b1ed69a45c41c0de,2020-02,Norfolk Constabulary,Norfolk Constabulary,1.732236,52.600377,On or near Havelock Road,E01026626,Great Yarmouth 006E,Other crime,Unable to prosecute suspect,
,2020-02,Norfolk Constabulary,Norfolk Constabulary,1.727914,52.587588,On or near Ferry Hill,E01026600,Great Yarmouth 007A,Anti-social behaviour,,
6255251643d432fcc9f674111cc0492b8e98e348e3246e9c0758c8c3817b5201,2020-02,Norfolk Constabulary,Norfolk Constabulary,1.715787,52.587205,On or near Townlands,E01026600,Great Yarmouth 007A,Burglary,Investigation complete; no suspect identified,
8b1d36825e2bd31d094fa46c494c92990d21adea40b1a379e57cd9676b0c78a8,2020-02,Norfolk Constabulary,Norfolk Constabulary,1.724956,52.589102,On or near High Road,E01026600,Great Yarmouth 007A,Burglary,Investigation complete; no suspect identified,
42f2fe80cacd7acc27d31b7d4367c52957afe2f1dab12a311c37cec8beaead65,2020-02,Norfolk Constabulary,Norfolk Constabulary,1.723679,52.587101,On or near Manor Close,E01026600,Great Yarmouth 007A,Other theft,Investigation complete; no suspect identified,
d7f587ee8d16b2875d38cca861c1895d36ff514515fa28974becd4e04e5b9bbc,2020-02,Norfolk Constabulary,Norfolk Constabulary,1.722520,52.590330,On or near Suffolk Road,E01026600,Great Yarmouth 007A,Possession of weapons,Formal action is not in the public interest,
02a3a8dfbbba0f08e69e040c46f363b3e293ca349b152e40d8cf623cfc56a55c,2020-02,Norfolk Constabulary,Norfolk Constabulary,1.723208,52.588510,On or near Manor Road,E01026600,Great Yarmouth 007A,Public order,Unable to prosecute suspect,
e0e96972f8a4125f80832b8b760c6f022db36e26df8d805f423b3225a862e1b8,2020-02,Norfolk Constabulary,Norfolk Constabulary,1.723208,52.588510,On or near Manor Road,E01026600,Great Yarmouth 007A,Public order,Unable to prosecute suspect,
f1eabd6818de56ac42e21b28cc602a8bc92a54232fda0f9b80ce6878799bbb13,2020-02,Norfolk Constabulary,Norfolk Constabulary,1.724956,52.589102,On or near High Road,E01026600,Great Yarmouth 007A,Vehicle crime,Investigation complete; no suspect identified,
3842cca7ad3552d678f2c5a60bce4ef230af7c737f706e611864eb6e4d219b8b,2020-02,Norfolk Constabulary,Norfolk Constabulary,1.723208,52.588510,On or near Manor Road,E01026600,Great Yarmouth 007A,Violence and sexual offences,Unable to prosecute suspect,
d84de53e3b0d9a5e22ee3c9dbca0655eb470ce0c9d87fefe70391c94b5f49158,2020-02,Norfolk Constabulary,Norfolk Constabulary,1.724956,52.589102,On or near High Road,E01026600,Great Yarmouth 007A,Violence and sexual offences,Status update unavailable,
1e59b169b9b0bd2cdd882a0590dc2d94527eeb33ab3166a4aadd131ae0e5581d,2020-02,Norfolk Constabulary,Norfolk Constabulary,1.724956,52.589102,On or near High Road,E01026600,Great Yarmouth 007A,Violence and sexual offences,Unable to prosecute suspect,
32386828a13466bbfbe9ee467b13661949b36edec9d625b3dc51c980c241064d,2020-02,Norfolk Constabulary,Norfolk Constabulary,1.723208,52.588510,On or near Manor Road,E01026600,Great Yarmouth 007A,Violence and sexual offences,Investigation complete; no suspect identified,
,2020-02,Norfolk Constabulary,Norfolk Constabulary,1.724055,52.597973,On or near Anchor Court,E01026633,Great Yarmouth 007B,Anti-social behaviour,,
,2020-02,Norfolk Constabulary,Norfolk Constabulary,1.721500,52.599366,On or near Gordon Road,E01026633,Great Yarmouth 007B,Anti-social behaviour,,
,2020-02,Norfolk Constabulary,Norfolk Constabulary,1.724055,52.597973,On or near Anchor Court,E01026633,Great Yarmouth 007B,Anti-social behaviour,,
,2020-02,Norfolk Constabulary,Norfolk Constabulary,1.712651,52.596919,On or near Gapton Hall Road,E01026633,Great Yarmouth 007B,Anti-social behaviour,,
84c20c26df99deff339e72981eeff1bcdb2ea62995a9831af60e5c26157c6e27,2020-02,Norfolk Constabulary,Norfolk Constabulary,1.724629,52.594465,On or near Petrol Station,E01026633,Great Yarmouth 007B,Burglary,Investigation complete; no suspect identified,
af59b6c80fcef9f96e2e173bd82f94d1918b0fce793feaa722392711ee432538,2020-02,Norfolk Constabulary,Norfolk Constabulary,1.724055,52.597973,On or near Anchor Court,E01026633,Great Yarmouth 007B,Criminal damage and arson,Investigation complete; no suspect identified,
ca8cb7f7be2448fc72cb0c173d2e39cece8198aa55ed7df284cd555253d66e1d,2020-02,Norfolk Constabulary,Norfolk Constabulary,1.712651,52.596919,On or near Gapton Hall Road,E01026633,Great Yarmouth 007B,Criminal damage and arson,Unable to prosecute suspect,
9b04255f261dfdb3853e32c7eb6ffc538811537e2d3f6f310b8e95f88fbacafc,2020-02,Norfolk Constabulary,Norfolk Constabulary,1.712651,52.596919,On or near Gapton Hall Road,E01026633,Great Yarmouth 007B,Drugs,Awaiting court outcome,
790d2cb18f6822f5e1b63380727142b799f2a37e9bb50d12a39ab64a4cc16a75,2020-02,Norfolk Constabulary,Norfolk Constabulary,1.721479,52.596165,On or near Suffolk Road,E01026633,Great Yarmouth 007B,Drugs,Offender given penalty notice,
8a8df46ef8504044b9f72ce95789b5ab0fd86abeca13f4953601f4e142362260,2020-02,Norfolk Constabulary,Norfolk Constabulary,1.725211,52.591757,On or near Southtown Road,E01026633,Great Yarmouth 007B,Drugs,Court result unavailable,
7fbf342ebd1d13e24c1bb80803f263427f902e1a7731a3fee384c9a8dad8b0cb,2020-02,Norfolk Constabulary,Norfolk Constabulary,1.723037,52.592419,On or near Queen Anne'S Road,E01026633,Great Yarmouth 007B,Drugs,Awaiting court outcome,
5505de347ed4a4c6620bf785f2d6b37aeec1c4c49bcd9f8604f82c4568c26825,2020-02,Norfolk Constabulary,Norfolk Constabulary,1.712651,52.596919,On or near Gapton Hall Road,E01026633,Great Yarmouth 007B,Other theft,Investigation complete; no suspect identified,
c15788df3de899512f4dfbf8b0740df050ad1b7e554b6a9c068e41cc03ed5738,2020-02,Norfolk Constabulary,Norfolk Constabulary,1.723037,52.592419,On or near Queen Anne'S Road,E01026633,Great Yarmouth 007B,Possession of weapons,Unable to prosecute suspect,
50795e3163b4fbf17f79261ba8ce48ed12a61ffed46b25f3408949f0d1e89414,2020-02,Norfolk Constabulary,Norfolk Constabulary,1.712651,52.596919,On or near Gapton Hall Road,E01026633,Great Yarmouth 007B,Public order,Unable to prosecute suspect,
70aed4b6a558f509876c58b1b98b227677ee52155e3a9f22c1f63b0ff4283077,2020-02,Norfolk Constabulary,Norfolk Constabulary,1.712651,52.596919,On or near Gapton Hall Road,E01026633,Great Yarmouth 007B,Shoplifting,Suspect charged as part of another case,
684ea631d24fe19cbac6f3746da42cfc7e95504b5824c4743b6338b929a922a1,2020-02,Norfolk Constabulary,Norfolk Constabulary,1.712651,52.596919,On or near Gapton Hall Road,E01026633,Great Yarmouth 007B,Shoplifting,Investigation complete; no suspect identified,
0d011fdfa8b76018edbd2c665b43f161c8864f819c8819816f79a918caf919b1,2020-02,Norfolk Constabulary,Norfolk Constabulary,1.712651,52.596919,On or near Gapton Hall Road,E01026633,Great Yarmouth 007B,Shoplifting,Investigation complete; no suspect identified,
8d8d932e1997d8d810641b3e3bfffc5dc737e752d077a26c2ede7866fcd95d4c,2020-02,Norfolk Constabulary,Norfolk Constabulary,1.712651,52.596919,On or near Gapton Hall Road,E01026633,Great Yarmouth 007B,Shoplifting,Investigation complete; no suspect identified,
372b7bed9a916c9f77de2a3503175e4f7d4f0c4f23d6fe922234d4e7d1df0b20,2020-02,Norfolk Constabulary,Norfolk Constabulary,1.712651,52.596919,On or near Gapton Hall Road,E01026633,Great Yarmouth 007B,Shoplifting,Investigation complete; no suspect identified,
7bdec40d06092070acc9ae8795407b76e5d68262c56a2375185634b1a691159f,2020-02,Norfolk Constabulary,Norfolk Constabulary,1.718885,52.600582,On or near Stafford Road,E01026633,Great Yarmouth 007B,Shoplifting,Court result unavailable,
9cbb9c12f443c4ffd6fe6ae5b2b88a2978450180e7967b54ab2c30dc605742b7,2020-02,Norfolk Constabulary,Norfolk Constabulary,1.712651,52.596919,On or near Gapton Hall Road,E01026633,Great Yarmouth 007B,Shoplifting,Investigation complete; no suspect identified,
94776077413a727191ef3b7b8b9586d03f15d02aeca821be9404775a6992562e,2020-02,Norfolk Constabulary,Norfolk Constabulary,1.712651,52.596919,On or near Gapton Hall Road,E01026633,Great Yarmouth 007B,Shoplifting,Investigation complete; no suspect identified,
5123491f25751751b71fb98809a201b409ff45ad82892e0d011546ea150e2864,2020-02,Norfolk Constabulary,Norfolk Constabulary,1.718885,52.600582,On or near Stafford Road,E01026633,Great Yarmouth 007B,Shoplifting,Local resolution,
d3e01b1b4cf4ee265a32becb30e96e166b8a224a46886ab0c86fd0d69caba78a,2020-02,Norfolk Constabulary,Norfolk Constabulary,1.712651,52.596919,On or near Gapton Hall Road,E01026633,Great Yarmouth 007B,Shoplifting,Court result unavailable,
f09ccbb06a34b7396e0fa07e05d6b493c810ff8742789a402d841e63152d3c5e,2020-02,Norfolk Constabulary,Norfolk Constabulary,1.712651,52.596919,On or near Gapton Hall Road,E01026633,Great Yarmouth 007B,Shoplifting,Local resolution,
f1f64ba84647b9b184733368a319f226a58469c96cf6c44895bdd5044cef707c,2020-02,Norfolk Constabulary,Norfolk Constabulary,1.712651,52.596919,On or near Gapton Hall Road,E01026633,Great Yarmouth 007B,Shoplifting,Unable to prosecute suspect,
bc3deffc533599392c3235d8eee83fccfbd7853cd3938fdd6ecdf66185319c19,2020-02,Norfolk Constabulary,Norfolk Constabulary,1.712651,52.596919,On or near Gapton Hall Road,E01026633,Great Yarmouth 007B,Shoplifting,Investigation complete; no suspect identified,
99376d3fbf4c4fae47eccc9e1a78d5f7dbffc7deb471e4bd7798f57a2341816f,2020-02,Norfolk Constabulary,Norfolk Constabulary,1.712651,52.596919,On or near Gapton Hall Road,E01026633,Great Yarmouth 007B,Shoplifting,Court result unavailable,
ed6acfb587d75665ba1133fb1063ab9dad6401c8c037f230f0323de64396388a,2020-02,Norfolk Constabulary,Norfolk Constabulary,1.712651,52.596919,On or near Gapton Hall Road,E01026633,Great Yarmouth 007B,Shoplifting,Action to be taken by another organisation,
eb9b7d5ceebd11431b0b9db70a52aae3126511c4f2eac5728642bcd25dc7075f,2020-02,Norfolk Constabulary,Norfolk Constabulary,1.712651,52.596919,On or near Gapton Hall Road,E01026633,Great Yarmouth 007B,Shoplifting,Investigation complete; no suspect identified,
019ae9d00a89635697c829812f1028c1af33dfcc8f9ab1b22a8f1fd6609f897d,2020-02,Norfolk Constabulary,Norfolk Constabulary,1.712651,52.596919,On or near Gapton Hall Road,E01026633,Great Yarmouth 007B,Shoplifting,Unable to prosecute suspect,
521def2cb4e328cf0e2feed7b42cad8d5641906bdad5797e6dac9742ca5c512e,2020-02,Norfolk Constabulary,Norfolk Constabulary,1.719688,52.601168,On or near Wolseley Road,E01026633,Great Yarmouth 007B,Vehicle crime,Investigation complete; no suspect identified,
29076fdce0e199dee9a2f88628edd938118022908108e3b1d2627ea9f8ca7976,2020-02,Norfolk Constabulary,Norfolk Constabulary,1.725211,52.591757,On or near Southtown Road,E01026633,Great Yarmouth 007B,Violence and sexual offences,Unable to prosecute suspect,
2fd329f62bc13dc82590044fc6581bb298beb73be650b1ea56d241c3388aca6a,2020-02,Norfolk Constabulary,Norfolk Constabulary,1.712651,52.596919,On or near Gapton Hall Road,E01026633,Great Yarmouth 007B,Violence and sexual offences,Unable to prosecute suspect,
11c5a528c49388bbe4daf140fdb3bd72f984b5f72467e7d0b00eff245eabe27d,2020-02,Norfolk Constabulary,Norfolk Constabulary,1.714091,52.590901,On or near Morton Peto Road,E01026633,Great Yarmouth 007B,Violence and sexual offences,Unable to prosecute suspect,
88654e232e48a0310b62ea4fb70e98c13118c6100000fc0966d26c06fc9992c2,2020-02,Norfolk Constabulary,Norfolk Constabulary,1.718885,52.600582,On or near Stafford Road,E01026633,Great Yarmouth 007B,Violence and sexual offences,Local resolution,
0b0a5f980d28084ee3da198261966b2086cd29ae33f893a167afacaee2713a98,2020-02,Norfolk Constabulary,Norfolk Constabulary,1.721479,52.596165,On or near Suffolk Road,E01026633,Great Yarmouth 007B,Violence and sexual offences,Unable to prosecute suspect,
b03ffbfff23bafe9db3d556f196e461c6e6f5fa60df39d91183abb21a344df07,2020-02,Norfolk Constabulary,Norfolk Constabulary,1.725211,52.591757,On or near Southtown Road,E01026633,Great Yarmouth 007B,Violence and sexual offences,Unable to prosecute suspect,
,2020-02,Norfolk Constabulary,Norfolk Constabulary,1.716783,52.605064,On or near Coronation Road,E01026634,Great Yarmouth 007C,Anti-social behaviour,,
,2020-02,Norfolk Constabulary,Norfolk Constabulary,1.719282,52.603529,On or near Station Road,E01026634,Great Yarmouth 007C,Anti-social behaviour,,
26c174c54997797fe29b43d5e4506312b4a8609db5f5c2e10f68b699002beff4,2020-02,Norfolk Constabulary,Norfolk Constabulary,1.715325,52.604768,On or near Marsh Road,E01026634,Great Yarmouth 007C,Criminal damage and arson,Court result unavailable,
feb8f6380c70ba3fa74426be848314f68e54d4b03b31437369ec1c708e79971a,2020-02,Norfolk Constabulary,Norfolk Constabulary,1.713412,52.602076,On or near Petrol Station,E01026634,Great Yarmouth 007C,Drugs,Offender given a drugs possession warning,
2146375568460c3e7f6308f41ee654773f2bd1d647302cd8e91c7ca61c74ad31,2020-02,Norfolk Constabulary,Norfolk Constabulary,1.716610,52.599016,On or near Thamesfield Way,E01026634,Great Yarmouth 007C,Drugs,Formal action is not in the public interest,
062419b6ca2aae060356c73ad8b63b912f48fa194cdf54e7995b9fd58a287dd7,2020-02,Norfolk Constabulary,Norfolk Constabulary,1.715325,52.604768,On or near Marsh Road,E01026634,Great Yarmouth 007C,Drugs,Court result unavailable,
ca636fdb52204d05505ec067fe335ef887274435b2bbd1e20d84ce28de87f33d,2020-02,Norfolk Constabulary,Norfolk Constabulary,1.716610,52.599016,On or near Thamesfield Way,E01026634,Great Yarmouth 007C,Drugs,Offender given a caution,
3e0a318b032ee585f5e088a50fdd2cf7e593e77ef1f1d4f017f10badc259e7bf,2020-02,Norfolk Constabulary,Norfolk Constabulary,1.713412,52.602076,On or near Petrol Station,E01026634,Great Yarmouth 007C,Drugs,Offender given a drugs possession warning,
3e6b45712fac2753a1d6610a7eabfb87180e6fe91e34b01510ccfe67aff6369b,2020-02,Norfolk Constabulary,Norfolk Constabulary,1.715046,52.606369,On or near Granville Road,E01026634,Great Yarmouth 007C,Other theft,Unable to prosecute suspect,
46914214695bbae99d5f5ab88503de5a23037f85cfbb26bfecea47ac7d4b553d,2020-02,Norfolk Constabulary,Norfolk Constabulary,1.715046,52.606369,On or near Granville Road,E01026634,Great Yarmouth 007C,Other theft,Investigation complete; no suspect identified,
3811c8913a683dd1dca2eb1ca1f6aeb2c8104ea8fe8c66fb4593e27e10e8f3af,2020-02,Norfolk Constabulary,Norfolk Constabulary,1.716774,52.606360,On or near Supermarket,E01026634,Great Yarmouth 007C,Other theft,Investigation complete; no suspect identified,
4d87d62613f8eb6955a6007c815ec856b2553adc1ba19579396ef79220b1226f,2020-02,Norfolk Constabulary,Norfolk Constabulary,1.716610,52.599016,On or near Thamesfield Way,E01026634,Great Yarmouth 007C,Possession of weapons,Court result unavailable,
eea9d8ebbce1fffd80298dc6cd608f2c5139f4529a3160b7af5a3d9ee43429e5,2020-02,Norfolk Constabulary,Norfolk Constabulary,1.716610,52.599016,On or near Thamesfield Way,E01026634,Great Yarmouth 007C,Public order,Investigation complete; no suspect identified,
2024e04452890693507271ddc5c216ed2a29b3ae942ea38d9a3e3f0a76f09015,2020-02,Norfolk Constabulary,Norfolk Constabulary,1.713412,52.602076,On or near Petrol Station,E01026634,Great Yarmouth 007C,Public order,Offender given a caution,
395a06f227f550358789c797821a20134a6dae04aa38eda857764780176c24c3,2020-02,Norfolk Constabulary,Norfolk Constabulary,1.716610,52.599016,On or near Thamesfield Way,E01026634,Great Yarmouth 007C,Shoplifting,Court result unavailable,
7ff01b1f84a1989636cbc716ebe72c7143f2cee566e33fc2a747b01ba062145e,2020-02,Norfolk Constabulary,Norfolk Constabulary,1.716610,52.599016,On or near Thamesfield Way,E01026634,Great Yarmouth 007C,Shoplifting,Unable to prosecute suspect,
601e21e222212a1918fd359e6a89e347e025e3e322a3d1017a07325eb50a24ad,2020-02,Norfolk Constabulary,Norfolk Constabulary,1.716610,52.599016,On or near Thamesfield Way,E01026634,Great Yarmouth 007C,Shoplifting,Court result unavailable,
bc23cdf2370afb269e9fc71f97f2b6d1f0075cf0215557595c7c6cd95b99a6f5,2020-02,Norfolk Constabulary,Norfolk Constabulary,1.719962,52.601618,On or near Anson Road,E01026634,Great Yarmouth 007C,Vehicle crime,Investigation complete; no suspect identified,
d809c572e9b9387c089b80defe5a997a43844b83ce2bb94bce9cb3ecfc10e874,2020-02,Norfolk Constabulary,Norfolk Constabulary,1.715325,52.604768,On or near Marsh Road,E01026634,Great Yarmouth 007C,Violence and sexual offences,Court result unavailable,
1456f9c035931f221028418caeea305a16ff5f04bfcde5ac562826d6110bfd9b,2020-02,Norfolk Constabulary,Norfolk Constabulary,1.715205,52.606841,On or near Lucas Road,E01026634,Great Yarmouth 007C,Violence and sexual offences,Unable to prosecute suspect,
644b65e45b7ba0283170893351d81c35a5635b44299b3c771ae0d372f4bff7a2,2020-02,Norfolk Constabulary,Norfolk Constabulary,1.713412,52.602076,On or near Petrol Station,E01026634,Great Yarmouth 007C,Violence and sexual offences,Unable to prosecute suspect,
685859e43da50546a8f43bac9020cb8c7cf3e95f046f4e0fd3f8a41683d8154f,2020-02,Norfolk Constabulary,Norfolk Constabulary,1.718659,52.602271,On or near Tamworth Lane,E01026634,Great Yarmouth 007C,Violence and sexual offences,Unable to prosecute suspect,
23c825453615dd7305cab0462167fdb3b8264d4509d19c78901eaaa0b7f0d214,2020-02,Norfolk Constabulary,Norfolk Constabulary,1.719962,52.601618,On or near Anson Road,E01026634,Great Yarmouth 007C,Violence and sexual offences,Unable to prosecute suspect,
714e9b892bd8a0549f123d941e1c111e091d324bda158ee57d56eb1f307adf46,2020-02,Norfolk Constabulary,Norfolk Constabulary,1.719962,52.601618,On or near Anson Road,E01026634,Great Yarmouth 007C,Violence and sexual offences,Unable to prosecute suspect,
10d90078dff0e6a35bd338a5ce952a62d5876a46c01a50684d5949b717558707,2020-02,Norfolk Constabulary,Norfolk Constabulary,1.715205,52.606841,On or near Lucas Road,E01026634,Great Yarmouth 007C,Violence and sexual offences,Unable to prosecute suspect,
cc8b823e7e0bf0e1495f38e803271b912d9885d66727626d7b171a27042ade1a,2020-02,Norfolk Constabulary,Norfolk Constabulary,1.713412,52.602076,On or near Petrol Station,E01026634,Great Yarmouth 007C,Violence and sexual offences,Unable to prosecute suspect,
e0c49d2cfcb30bc5be06eca126dbf034f2a2b9b32e315d779e463f315c2cf5db,2020-02,Norfolk Constabulary,Norfolk Constabulary,1.715205,52.606841,On or near Lucas Road,E01026634,Great Yarmouth 007C,Violence and sexual offences,Unable to prosecute suspect,
841668884060468a4192c016232222d7655ae4bce1617e1b2577e22a07b7bf05,2020-02,Norfolk Constabulary,Norfolk Constabulary,1.718659,52.602271,On or near Tamworth Lane,E01026634,Great Yarmouth 007C,Violence and sexual offences,Unable to prosecute suspect,
850dd3d1693ff2702d85be253e1b1a27cd26bd4d978a382d81eed917e55448c7,2020-02,Norfolk Constabulary,Norfolk Constabulary,1.718659,52.602271,On or near Tamworth Lane,E01026634,Great Yarmouth 007C,Violence and sexual offences,Unable to prosecute suspect,
a013f9ae650c87ffaf016b70df44962e70de587b7c28abc222aeefb4d12d31e5,2020-02,Norfolk Constabulary,Norfolk Constabulary,1.719962,52.601618,On or near Anson Road,E01026634,Great Yarmouth 007C,Violence and sexual offences,Unable to prosecute suspect,
1d303e5878304dd89e4cc885d0d57970f0f8681c9ed4276f0d65075a28fc4cde,2020-02,Norfolk Constabulary,Norfolk Constabulary,1.719962,52.601618,On or near Anson Road,E01026634,Great Yarmouth 007C,Violence and sexual offences,Status update unavailable,
db933a8d0c114edd4b2f1a731747614a3a99146622093454082864686f23919e,2020-02,Norfolk Constabulary,Norfolk Constabulary,1.718659,52.602271,On or near Tamworth Lane,E01026634,Great Yarmouth 007C,Violence and sexual offences,Unable to prosecute suspect,
9a2031852c0771279757253aa468a416e9b2061fac2e36084ca9144b8a41d9cc,2020-02,Norfolk Constabulary,Norfolk Constabulary,1.716774,52.606360,On or near Supermarket,E01026634,Great Yarmouth 007C,Other crime,Unable to prosecute suspect,
,2020-02,Norfolk Constabulary,Norfolk Constabulary,1.716784,52.609085,On or near Breydon Road,E01026635,Great Yarmouth 007D,Anti-social behaviour,,
,2020-02,Norfolk Constabulary,Norfolk Constabulary,1.718649,52.606337,On or near Gatacre Road,E01026635,Great Yarmouth 007D,Anti-social behaviour,,
,2020-02,Norfolk Constabulary,Norfolk Constabulary,1.722067,52.606571,On or near Riverside,E01026635,Great Yarmouth 007D,Anti-social behaviour,,
,2020-02,Norfolk Constabulary,Norfolk Constabulary,1.722548,52.603012,On or near Sefton Lane,E01026635,Great Yarmouth 007D,Anti-social behaviour,,
00c02bf7316b0642cb92305b647a175d80f1c5b1fa3c53843ce0e27bc266c971,2020-02,Norfolk Constabulary,Norfolk Constabulary,1.721769,52.602371,On or near Portland Court,E01026635,Great Yarmouth 007D,Burglary,Investigation complete; no suspect identified,
ec0cb979f23fad2ffedda3dcab2ca9102d0259333fd8f9138f60a84dc992c027,2020-02,Norfolk Constabulary,Norfolk Constabulary,1.718649,52.606337,On or near Gatacre Road,E01026635,Great Yarmouth 007D,Criminal damage and arson,Court result unavailable,
02e6d0aaccee233a22f56b55d5921478915a204207c4503d321a29d24aa68ce9,2020-02,Norfolk Constabulary,Norfolk Constabulary,1.713247,52.604663,On or near Crome Drive,E01026635,Great Yarmouth 007D,Criminal damage and arson,Investigation complete; no suspect identified,
8f8ff2b9bcff447f28e673a0dcc1b2a5c2a2f80bce9f722b54e90023d4a2d65f,2020-02,Norfolk Constabulary,Norfolk Constabulary,1.721694,52.606187,On or near Bridge Road,E01026635,Great Yarmouth 007D,Drugs,Offender given a drugs possession warning,
9165e1c3f1d5772dacdcaeea55266c855469ded554c9b63ea4a2dad66e586f6d,2020-02,Norfolk Constabulary,Norfolk Constabulary,1.720739,52.606937,On or near Steam Mill Lane,E01026635,Great Yarmouth 007D,Other theft,Unable to prosecute suspect,
6b35482efb213be1db11c6b18d472eb12691f3da271131afb0e6e58c4bbe5b43,2020-02,Norfolk Constabulary,Norfolk Constabulary,1.718649,52.606337,On or near Gatacre Road,E01026635,Great Yarmouth 007D,Public order,Court result unavailable,
c36de5bf8f4ca1c1cafccc28224f6249e4ad6867eaf24048c8f1de079164260f,2020-02,Norfolk Constabulary,Norfolk Constabulary,1.713586,52.604301,On or near Vincent Close,E01026635,Great Yarmouth 007D,Shoplifting,Investigation complete; no suspect identified,
91b7f69789c1e68749e89046ce3e959584a6caf0d91194843775df641d52d685,2020-02,Norfolk Constabulary,Norfolk Constabulary,1.722067,52.606571,On or near Riverside,E01026635,Great Yarmouth 007D,Violence and sexual offences,Unable to prosecute suspect,
0de12e2424536cdd671b594eee5042ea795306113b75f1eb753c90e469891ab8,2020-02,Norfolk Constabulary,Norfolk Constabulary,1.714910,52.605285,On or near Austin Road,E01026635,Great Yarmouth 007D,Violence and sexual offences,Unable to prosecute suspect,
7cb1d7413621ac943f32ee57e57ea4c6b2e68140ce2e1e47a086d24a309b4652,2020-02,Norfolk Constabulary,Norfolk Constabulary,1.714910,52.605285,On or near Austin Road,E01026635,Great Yarmouth 007D,Violence and sexual offences,Unable to prosecute suspect,
73a262689a64f413554b009a3c597d6792b4919b3c7e87ecb89ee6263fc96a68,2020-02,Norfolk Constabulary,Norfolk Constabulary,1.714910,52.605285,On or near Austin Road,E01026635,Great Yarmouth 007D,Violence and sexual offences,Unable to prosecute suspect,
58732575ed07b2506be4bf50f91815eb70ad2174006b199d662975aca5e88f60,2020-02,Norfolk Constabulary,Norfolk Constabulary,1.721694,52.606187,On or near Bridge Road,E01026635,Great Yarmouth 007D,Violence and sexual offences,Investigation complete; no suspect identified,
b94f036bad072fdbb5b4805345793969b6c74f476775d33fa13bdd187f3a8e82,2020-02,Norfolk Constabulary,Norfolk Constabulary,1.715463,52.607966,On or near Mission Road,E01026635,Great Yarmouth 007D,Violence and sexual offences,Unable to prosecute suspect,
2afc6ed24e2e41afab63e7f49fa3a9b2f7e49940e78df7c6b95fe685309c5feb,2020-02,Norfolk Constabulary,Norfolk Constabulary,1.718649,52.606337,On or near Gatacre Road,E01026635,Great Yarmouth 007D,Violence and sexual offences,Unable to prosecute suspect,
6a083139150c91096a0830235d0e70d2bff7245127f733def2266ee805f3ee75,2020-02,Norfolk Constabulary,Norfolk Constabulary,1.714910,52.605285,On or near Austin Road,E01026635,Great Yarmouth 007D,Violence and sexual offences,Unable to prosecute suspect,
b7b60f512946c448af4dd7ca8c29bf039a74158d80608801f0530e57a0ab4b00,2020-02,Norfolk Constabulary,Norfolk Constabulary,1.722007,52.604127,On or near Bunn'S Lane,E01026635,Great Yarmouth 007D,Violence and sexual offences,Unable to prosecute suspect,
68f6798c88b576859dd2641f35523ce127c9806a2b3e536673bbe2809e070109,2020-02,Norfolk Constabulary,Norfolk Constabulary,1.722548,52.603012,On or near Sefton Lane,E01026635,Great Yarmouth 007D,Violence and sexual offences,Investigation complete; no suspect identified,
26dfd6c52a5c220360087cd2ccd69e91a738e04bd7779bd39ef7d64c288e59b5,2020-02,Norfolk Constabulary,Norfolk Constabulary,1.713586,52.604301,On or near Vincent Close,E01026635,Great Yarmouth 007D,Violence and sexual offences,Unable to prosecute suspect,
5a0a4353f41038c6c3315bf57b743d66e1b606384d3c15531d7d769ac4a4ab04,2020-02,Norfolk Constabulary,Norfolk Constabulary,1.717305,52.607737,On or near Isaac'S Road,E01026635,Great Yarmouth 007D,Other crime,Unable to prosecute suspect,
d82752287db983ea7675f8337a6daa314ffb5c157b452784398e4f741e9fb2c6,2020-02,Norfolk Constabulary,Norfolk Constabulary,1.718649,52.606337,On or near Gatacre Road,E01026635,Great Yarmouth 007D,Other crime,Unable to prosecute suspect,
,2020-02,Norfolk Constabulary,Norfolk Constabulary,1.708683,52.588076,On or near Blake Drive,E01026581,Great Yarmouth 008A,Anti-social behaviour,,
,2020-02,Norfolk Constabulary,Norfolk Constabulary,1.708618,52.584336,On or near Lapwing Close,E01026581,Great Yarmouth 008A,Anti-social behaviour,,
,2020-02,Norfolk Constabulary,Norfolk Constabulary,1.709249,52.589704,On or near Edison Way,E01026581,Great Yarmouth 008A,Anti-social behaviour,,
,2020-02,Norfolk Constabulary,Norfolk Constabulary,1.708820,52.585157,On or near Swallow Close,E01026581,Great Yarmouth 008A,Anti-social behaviour,,
ca4613a2dce020a1ed986766d08d41594e3463c3856ba31b88559ff1e492f3c4,2020-02,Norfolk Constabulary,Norfolk Constabulary,1.709403,52.592928,On or near Enterprise Court,E01026581,Great Yarmouth 008A,Other theft,Investigation complete; no suspect identified,
9039204c10677b604241ee4c796c563e0a747df4dd894e191c986e22456bc4b7,2020-02,Norfolk Constabulary,Norfolk Constabulary,1.705908,52.586867,On or near Gainsborough Avenue,E01026581,Great Yarmouth 008A,Violence and sexual offences,Unable to prosecute suspect,
cda6c3e93734d6deb8bfd79ad4e81d8cece7f8331d6724453e2870a62108c05f,2020-02,Norfolk Constabulary,Norfolk Constabulary,1.703228,52.587311,On or near Bewick Close,E01026581,Great Yarmouth 008A,Violence and sexual offences,Unable to prosecute suspect,
d36028b38448a39c22cf56f0d0e75e4eee0ed5d27b2ebb9aa45675701fdcdf10,2020-02,Norfolk Constabulary,Norfolk Constabulary,1.702954,52.585116,On or near The Buntings,E01026581,Great Yarmouth 008A,Violence and sexual offences,Investigation complete; no suspect identified,
fa5f7dc272934fd3fa811d03dfe2ad155bda1987d66448b1fae5a7e70fcf4199,2020-02,Norfolk Constabulary,Norfolk Constabulary,1.708618,52.584336,On or near Lapwing Close,E01026581,Great Yarmouth 008A,Other crime,Formal action is not in the public interest,
,2020-02,Norfolk Constabulary,Norfolk Constabulary,1.700570,52.583814,On or near Kingfisher Close,E01026583,Great Yarmouth 008C,Anti-social behaviour,,
,2020-02,Norfolk Constabulary,Norfolk Constabulary,1.700580,52.581835,On or near Martin Close,E01026583,Great Yarmouth 008C,Anti-social behaviour,,
73fb1809a67c25b1a175d915c2640f6f621507d8c937061e300db27aadcadc64,2020-02,Norfolk Constabulary,Norfolk Constabulary,1.705735,52.581152,On or near Mallard Way,E01026583,Great Yarmouth 008C,Criminal damage and arson,Investigation complete; no suspect identified,
fefcf3c406e48806282b8e26f750ff2f459be499568ce0a0941841e343136824,2020-02,Norfolk Constabulary,Norfolk Constabulary,1.700570,52.583814,On or near Kingfisher Close,E01026583,Great Yarmouth 008C,Other theft,Investigation complete; no suspect identified,
ab9f0869f36727d476a26ea9791ae381f7d989a1b0fecbd69e92a8f860336447,2020-02,Norfolk Constabulary,Norfolk Constabulary,1.708747,52.581499,On or near Smith'S Loke,E01026583,Great Yarmouth 008C,Shoplifting,Unable to prosecute suspect,
0a34feeae32f4fb7f8bf6fc46d0807d03114ed93a8589f4de4f444ac5eec6e82,2020-02,Norfolk Constabulary,Norfolk Constabulary,1.706280,52.580613,On or near Robin Close,E01026583,Great Yarmouth 008C,Vehicle crime,Investigation complete; no suspect identified,
e47c30799ce50f038924deea73b476823615d23d839cb5c427c3d2128236f9cb,2020-02,Norfolk Constabulary,Norfolk Constabulary,1.705324,52.581534,On or near Widgeon Close,E01026583,Great Yarmouth 008C,Violence and sexual offences,Status update unavailable,
acf57d777b23b5facf54593c9bd2cd5f29a09e62a7315aa2a7e6241709ccdd0a,2020-02,Norfolk Constabulary,Norfolk Constabulary,1.700570,52.583814,On or near Kingfisher Close,E01026583,Great Yarmouth 008C,Violence and sexual offences,Status update unavailable,
726712abd208cac7bc81fe45600429cab2de5f509f2fb451e696124352b7a8f8,2020-02,Norfolk Constabulary,Norfolk Constabulary,1.702752,52.578349,On or near Larch Drive,E01026584,Great Yarmouth 008D,Other theft,Unable to prosecute suspect,
0d7a93703b7759a18b7b2558e66a819326a67c05706e2f899a03b665ccd0fda5,2020-02,Norfolk Constabulary,Norfolk Constabulary,1.726014,52.585903,On or near Addison Road,E01026601,Great Yarmouth 009A,Criminal damage and arson,Investigation complete; no suspect identified,
9da6c8cc42eb2a7dba898a6695867b13944c30ff9f3c9f071cf30b28f6e9d0c0,2020-02,Norfolk Constabulary,Norfolk Constabulary,1.727347,52.583522,On or near Trafalgar Road East,E01026601,Great Yarmouth 009A,Criminal damage and arson,Unable to prosecute suspect,
69abd31bfee123bf913786d099f4f2430abe9455cbdd7ce4fc8d99b5d14a2e8b,2020-02,Norfolk Constabulary,Norfolk Constabulary,1.725366,52.587318,On or near Manby Road,E01026601,Great Yarmouth 009A,Violence and sexual offences,Unable to prosecute suspect,
e7664f6415666bcc95b600c84d164fd4d540cfeb58d412a7f10c6af1522df819,2020-02,Norfolk Constabulary,Norfolk Constabulary,1.723969,52.585122,On or near Petrol Station,E01026601,Great Yarmouth 009A,Violence and sexual offences,Unable to prosecute suspect,
74d9a2e1682bbd2c5842083f3ccb03f9ea4e1fd4cb7538343656bdbb3b513f7a,2020-02,Norfolk Constabulary,Norfolk Constabulary,1.724625,52.587638,On or near Beccles Road,E01026601,Great Yarmouth 009A,Violence and sexual offences,Court result unavailable,
34780e32e753e643a521b85bb70fd4fa56fa7e13dd1eb06b2882328f7f52dc3c,2020-02,Norfolk Constabulary,Norfolk Constabulary,1.717288,52.581392,On or near Cherry Road,E01026602,Great Yarmouth 009B,Criminal damage and arson,Investigation complete; no suspect identified,
401b85fab8494c31f2857135d17362850f3193216d52162261e37560ae52dc9b,2020-02,Norfolk Constabulary,Norfolk Constabulary,1.713267,52.580646,On or near Kalmia Green,E01026602,Great Yarmouth 009B,Other theft,Investigation complete; no suspect identified,
f2f91db2c78fbdd505a5bab41461b679eecfb0f3b08f26d71729b3fc3491c412,2020-02,Norfolk Constabulary,Norfolk Constabulary,1.713267,52.580646,On or near Kalmia Green,E01026602,Great Yarmouth 009B,Vehicle crime,Investigation complete; no suspect identified,
05a51572b157584f2b025d8a92f0b1502773fb9b8053ae7ae82dc2ea4f95190a,2020-02,Norfolk Constabulary,Norfolk Constabulary,1.717301,52.583470,On or near Beccles Road,E01026602,Great Yarmouth 009B,Violence and sexual offences,Action to be taken by another organisation,
39749d4c01b485af26cb586d9590c2aa5540e461ff70bedbb6ffb2a424e9fdbd,2020-02,Norfolk Constabulary,Norfolk Constabulary,1.714186,52.581553,On or near Sycamore Green,E01026602,Great Yarmouth 009B,Violence and sexual offences,Unable to prosecute suspect,
c58743904a6277c6c730e53636573a752b9fa7386f53c77f379fb2681392e676,2020-02,Norfolk Constabulary,Norfolk Constabulary,1.717288,52.581392,On or near Cherry Road,E01026602,Great Yarmouth 009B,Violence and sexual offences,Unable to prosecute suspect,
5141275ad4ede6efb02e36ed11e4dfbfd344c2348e841dcab043eb000c33bf35,2020-02,Norfolk Constabulary,Norfolk Constabulary,1.717301,52.583470,On or near Beccles Road,E01026602,Great Yarmouth 009B,Violence and sexual offences,Action to be taken by another organisation,
2295bb0beb6877c8cfb5edae0a21db759370a71a6f2f39f043d988ca94802b6f,2020-02,Norfolk Constabulary,Norfolk Constabulary,1.717301,52.583470,On or near Beccles Road,E01026602,Great Yarmouth 009B,Violence and sexual offences,Awaiting court outcome,
f93b4d5eb050e5838d74c8a15877e068f8dbd9f196fffd0908a81ab0b2896ac2,2020-02,Norfolk Constabulary,Norfolk Constabulary,1.714572,52.574947,On or near Trinity Avenue,E01026603,Great Yarmouth 009C,Burglary,Investigation complete; no suspect identified,
b33abb7b8a423465d2838666fe6a21fa98beb78c46b2e1c38f31eca4c7f6c45a,2020-02,Norfolk Constabulary,Norfolk Constabulary,1.712239,52.575300,On or near Trinity Avenue,E01026603,Great Yarmouth 009C,Burglary,Investigation complete; no suspect identified,
2fc1e9e638d3cd62d365352269873543ce2accbbd8a871b1fb8468ef340ec651,2020-02,Norfolk Constabulary,Norfolk Constabulary,1.708933,52.576006,On or near Selwyn Road,E01026603,Great Yarmouth 009C,Criminal damage and arson,Investigation complete; no suspect identified,
60dfdd802a4c5d303960dc114e851f8d975c6bfc0b75ee12eaba9d9c4fbea27a,2020-02,Norfolk Constabulary,Norfolk Constabulary,1.714323,52.575324,On or near Sports/Recreation Area,E01026603,Great Yarmouth 009C,Criminal damage and arson,Unable to prosecute suspect,
690fbeec53fe76468f26d959f62c6ce4b928c146524977e1420c65462569d5ef,2020-02,Norfolk Constabulary,Norfolk Constabulary,1.713266,52.578712,On or near Crab Lane,E01026603,Great Yarmouth 009C,Criminal damage and arson,Unable to prosecute suspect,
0760ce0a73a1a0e83fc482ef75d50264f042c7db13424bbe2a4ba1052021c9a2,2020-02,Norfolk Constabulary,Norfolk Constabulary,1.714323,52.575324,On or near Sports/Recreation Area,E01026603,Great Yarmouth 009C,Other theft,Unable to prosecute suspect,
a91b3617cde3ca16d7e92ff5100dafc149995a34b73871aca6496b1b21f6f401,2020-02,Norfolk Constabulary,Norfolk Constabulary,1.714572,52.574947,On or near Trinity Avenue,E01026603,Great Yarmouth 009C,Public order,Unable to prosecute suspect,
abd7d5a6a7db50097bb0f8b8279ab38b65b935251e3f25ec5a553db8ba32897d,2020-02,Norfolk Constabulary,Norfolk Constabulary,1.712217,52.576254,On or near New College Close,E01026603,Great Yarmouth 009C,Public order,Formal action is not in the public interest,
1f62165e497213b53b6b314edd9acc0a43f4347048f6a65ef48484503ae700e7,2020-02,Norfolk Constabulary,Norfolk Constabulary,1.715556,52.575933,On or near Magdalen Way,E01026603,Great Yarmouth 009C,Violence and sexual offences,Unable to prosecute suspect,
aa196e30a34f9439d18cf315867ffe4dda0a94c29eebdbb3145ec40ed82a1474,2020-02,Norfolk Constabulary,Norfolk Constabulary,1.712217,52.576254,On or near New College Close,E01026603,Great Yarmouth 009C,Violence and sexual offences,Unable to prosecute suspect,
0d024bf46fff15bee48e5b912f5b12f8c8914b269af4c7f53881cacf71f0f1e3,2020-02,Norfolk Constabulary,Norfolk Constabulary,1.713266,52.578712,On or near Crab Lane,E01026603,Great Yarmouth 009C,Violence and sexual offences,Unable to prosecute suspect,
c9d0ca68c7e191baf67dc724267218f6b6fad3f1f5213ad4bcc995182641670d,2020-02,Norfolk Constabulary,Norfolk Constabulary,1.714323,52.575324,On or near Sports/Recreation Area,E01026603,Great Yarmouth 009C,Violence and sexual offences,Local resolution,
abf64167e4b352134d2f1e514bfe4f63927bbaf6572637ee70f6e5f1f6b0cfc4,2020-02,Norfolk Constabulary,Norfolk Constabulary,1.714323,52.575324,On or near Sports/Recreation Area,E01026603,Great Yarmouth 009C,Violence and sexual offences,Unable to prosecute suspect,
f10d35c602f52f432b3d757874bde9905305c7e9335f567f94953353bfdd0090,2020-02,Norfolk Constabulary,Norfolk Constabulary,1.714430,52.579908,On or near Maple Way,E01026604,Great Yarmouth 009D,Bicycle theft,Investigation complete; no suspect identified,
6b9163d1e5b7305e63066770773b012431ccf96888863950407602493f24ad88,2020-02,Norfolk Constabulary,Norfolk Constabulary,1.718920,52.576952,On or near University Crescent,E01026604,Great Yarmouth 009D,Burglary,Investigation complete; no suspect identified,
0ebea60892f5a56d7e095cb9b23b8371da663ca95684102165848cc9af0d0d29,2020-02,Norfolk Constabulary,Norfolk Constabulary,1.717519,52.578893,On or near Crab Lane,E01026604,Great Yarmouth 009D,Criminal damage and arson,Unable to prosecute suspect,
40b71c4eff59178cd765a11585b0ea0c1a22957fddf4db61fce5aec613c1cf1c,2020-02,Norfolk Constabulary,Norfolk Constabulary,1.714430,52.579908,On or near Maple Way,E01026604,Great Yarmouth 009D,Criminal damage and arson,Investigation complete; no suspect identified,
42aab274a7b146f0aa33a4e4749322f1bd055b5044f7471f4b5bd3d3323bd63a,2020-02,Norfolk Constabulary,Norfolk Constabulary,1.714430,52.579908,On or near Maple Way,E01026604,Great Yarmouth 009D,Other theft,Investigation complete; no suspect identified,
818f6f985c09a928b570ff9e4104a1cf94973b2b0a13297a6708a36284467c88,2020-02,Norfolk Constabulary,Norfolk Constabulary,1.718064,52.576268,On or near St Hilda'S Crescent,E01026604,Great Yarmouth 009D,Other theft,Unable to prosecute suspect,
e5d7a3a58c1389aba986eb34ca2bf0cb3c0b2925fa7c0f2455ac4a781d127726,2020-02,Norfolk Constabulary,Norfolk Constabulary,1.717305,52.574268,On or near Exeter Road,E01026604,Great Yarmouth 009D,Public order,Unable to prosecute suspect,
d311c8bc3e5e3aad38468badac710cbcff6f55f084c7008d67bae4a27d5d1e0e,2020-02,Norfolk Constabulary,Norfolk Constabulary,1.717772,52.578913,On or near Church Lane,E01026604,Great Yarmouth 009D,Robbery,Awaiting court outcome,
50f8c45245d899fc502c0b43e33a4064e635df9677c875ad1fe863ea8010c358,2020-02,Norfolk Constabulary,Norfolk Constabulary,1.714676,52.574261,On or near Supermarket,E01026604,Great Yarmouth 009D,Shoplifting,Unable to prosecute suspect,
96958137c7b7b3bc707ba78480fa17fae7161be738d7597fdfadb718602659be,2020-02,Norfolk Constabulary,Norfolk Constabulary,1.714283,52.573805,On or near Magdalen Way,E01026604,Great Yarmouth 009D,Shoplifting,Awaiting court outcome,
3410e6ddec8ee70f80c34043ad646eb93b20b54446a4ba9179b153694ab2d2da,2020-02,Norfolk Constabulary,Norfolk Constabulary,1.714676,52.574261,On or near Supermarket,E01026604,Great Yarmouth 009D,Shoplifting,Unable to prosecute suspect,
e1682ab16ef598264e099458f781595ba64e9f7fce97df9f91795f6c81712a63,2020-02,Norfolk Constabulary,Norfolk Constabulary,1.718644,52.573344,On or near St Catherine'S Way,E01026604,Great Yarmouth 009D,Violence and sexual offences,Status update unavailable,
104e729a7e7d8c5df17881b2a8d0a849e0cfad95225cf95b1eb86bea608b2a22,2020-02,Norfolk Constabulary,Norfolk Constabulary,1.715056,52.573340,On or near Windsor Way,E01026604,Great Yarmouth 009D,Violence and sexual offences,Unable to prosecute suspect,
d641b8f3490c832d82352b024bb394181a13278ef12478c63e4530add8a8b1b5,2020-02,Norfolk Constabulary,Norfolk Constabulary,1.718644,52.573344,On or near St Catherine'S Way,E01026604,Great Yarmouth 009D,Violence and sexual offences,Unable to prosecute suspect,
9e1fcd0df7b69111b5cde6224767cacd1becb277317d71a1e66a183b4f91bd4c,2020-02,Norfolk Constabulary,Norfolk Constabulary,1.718644,52.573344,On or near St Catherine'S Way,E01026604,Great Yarmouth 009D,Violence and sexual offences,Unable to prosecute suspect,
11c7a8e10a33a92a900981ebc76594ed2e24fd82a1db5395e0a9a69b442af00b,2020-02,Norfolk Constabulary,Norfolk Constabulary,1.715056,52.573340,On or near Windsor Way,E01026604,Great Yarmouth 009D,Violence and sexual offences,Unable to prosecute suspect,
d3ce47532cc868c7d0b894d644ac2b7fecd50c6e6a4604fe8327c30278355180,2020-02,Norfolk Constabulary,Norfolk Constabulary,1.716911,52.580433,On or near Oak Road,E01026604,Great Yarmouth 009D,Violence and sexual offences,Court result unavailable,
035fda5e598d2dfce3b08f8d09ecc49a05f244d28648d36f670867905264ae52,2020-02,Norfolk Constabulary,Norfolk Constabulary,1.718064,52.576268,On or near St Hilda'S Crescent,E01026604,Great Yarmouth 009D,Violence and sexual offences,Unable to prosecute suspect,
9a6fd3ce8a48d4b00551dd00b2ea8c8f199975631503703c6e264b4dcae8042c,2020-02,Norfolk Constabulary,Norfolk Constabulary,1.715056,52.573340,On or near Windsor Way,E01026604,Great Yarmouth 009D,Violence and sexual offences,Unable to prosecute suspect,
2a867ba9c62418665290b8adb2dbc19e27d3a5f07880eca61b7d3e98b878deaf,2020-02,Norfolk Constabulary,Norfolk Constabulary,1.714283,52.573805,On or near Magdalen Way,E01026604,Great Yarmouth 009D,Violence and sexual offences,Unable to prosecute suspect,
bb5d1370a286f3d7d083e8689742d4e08bb810cf69273f875e313de4b53185c8,2020-02,Norfolk Constabulary,Norfolk Constabulary,1.715369,52.573897,On or near Stuart Close,E01026604,Great Yarmouth 009D,Violence and sexual offences,Unable to prosecute suspect,
b50a07a9e7fc0907c247787ad1c4521676c306cbd03742aee40f8b7a7847f195,2020-02,Norfolk Constabulary,Norfolk Constabulary,1.715369,52.573897,On or near Stuart Close,E01026604,Great Yarmouth 009D,Violence and sexual offences,Unable to prosecute suspect,
634d24402902adeb73f0f3bcfa1edbf705d5937e8e48edf37ecf08be90995762,2020-02,Norfolk Constabulary,Norfolk Constabulary,1.715369,52.573897,On or near Stuart Close,E01026604,Great Yarmouth 009D,Violence and sexual offences,Unable to prosecute suspect,
cc188166fe5a3bc393219eadf1b766710ffb8a3a397ffce083dbdb5279b54268,2020-02,Norfolk Constabulary,Norfolk Constabulary,1.714283,52.573805,On or near Magdalen Way,E01026604,Great Yarmouth 009D,Other crime,Unable to prosecute suspect,
,2020-02,Norfolk Constabulary,Norfolk Constabulary,1.729364,52.582235,On or near South Icehouse Hill,E01026632,Great Yarmouth 009E,Anti-social behaviour,,
,2020-02,Norfolk Constabulary,Norfolk Constabulary,1.727650,52.582568,On or near Conway Road,E01026632,Great Yarmouth 009E,Anti-social behaviour,,
,2020-02,Norfolk Constabulary,Norfolk Constabulary,1.727981,52.580903,On or near Shopping Area,E01026632,Great Yarmouth 009E,Anti-social behaviour,,
,2020-02,Norfolk Constabulary,Norfolk Constabulary,1.727981,52.580903,On or near Shopping Area,E01026632,Great Yarmouth 009E,Anti-social behaviour,,
,2020-02,Norfolk Constabulary,Norfolk Constabulary,1.728898,52.582304,On or near High Street,E01026632,Great Yarmouth 009E,Anti-social behaviour,,
307e2ad157ba57265ec7d53518e4e423d1e4921aa2241403e2fcb596356cfcf5,2020-02,Norfolk Constabulary,Norfolk Constabulary,1.721167,52.579426,On or near Sports/Recreation Area,E01026632,Great Yarmouth 009E,Bicycle theft,Investigation complete; no suspect identified,
4cc5a9ac4f6f046bc8f20fa5ae627d57f3e9d30b2d1b943cd622513ee9acee3c,2020-02,Norfolk Constabulary,Norfolk Constabulary,1.726403,52.581798,On or near Church Road,E01026632,Great Yarmouth 009E,Criminal damage and arson,Investigation complete; no suspect identified,
d8ea3b02a2032c6bfc8302483d3124eba428cf42d41d9bc1a47bbab2cc787111,2020-02,Norfolk Constabulary,Norfolk Constabulary,1.726403,52.581798,On or near Church Road,E01026632,Great Yarmouth 009E,Criminal damage and arson,Investigation complete; no suspect identified,
6e9f08e41fcc561e6e3563f1b4e6e779b8b718622a122d8c99e4ae8cbcfed107,2020-02,Norfolk Constabulary,Norfolk Constabulary,1.726403,52.581798,On or near Church Road,E01026632,Great Yarmouth 009E,Drugs,Awaiting court outcome,
84d1952442048608dec9fa8cc17f65ecefb9c878ee2b848d18df49b3879dcab8,2020-02,Norfolk Constabulary,Norfolk Constabulary,1.727888,52.583982,On or near Back Chapel Lane,E01026632,Great Yarmouth 009E,Violence and sexual offences,Status update unavailable,
ace0d77f219c130b16c4c81ef323e7584884720741e736721ec5b16d09e35459,2020-02,Norfolk Constabulary,Norfolk Constabulary,1.723927,52.578539,On or near Church Lane,E01026632,Great Yarmouth 009E,Violence and sexual offences,Unable to prosecute suspect,
ca70235c1bd738d77dd04a6232869c36718f08cdff9110ecb260641d5753100e,2020-02,Norfolk Constabulary,Norfolk Constabulary,1.721167,52.579426,On or near Sports/Recreation Area,E01026632,Great Yarmouth 009E,Violence and sexual offences,Unable to prosecute suspect,
5a81bfaffd75cd5a86297454e645354cd9186894958306fb8b15a55e3fadbb6f,2020-02,Norfolk Constabulary,Norfolk Constabulary,1.729364,52.582235,On or near South Icehouse Hill,E01026632,Great Yarmouth 009E,Violence and sexual offences,Unable to prosecute suspect,
,2020-02,Norfolk Constabulary,Norfolk Constabulary,1.727893,52.571515,On or near Upper Cliff Road,E01026610,Great Yarmouth 010A,Anti-social behaviour,,
,2020-02,Norfolk Constabulary,Norfolk Constabulary,1.726715,52.572245,On or near Nile Road,E01026610,Great Yarmouth 010A,Anti-social behaviour,,
3b5666ee1befc8e5e46811567537548ee7db58e1e771edd86a63c663a704867c,2020-02,Norfolk Constabulary,Norfolk Constabulary,1.727893,52.571515,On or near Upper Cliff Road,E01026610,Great Yarmouth 010A,Criminal damage and arson,Unable to prosecute suspect,
0e08d22af4e705b346012fd9967f3a8d433106470abb44aa6083824ee930c7c6,2020-02,Norfolk Constabulary,Norfolk Constabulary,1.727718,52.572933,On or near Lower Cliff Road,E01026610,Great Yarmouth 010A,Criminal damage and arson,Unable to prosecute suspect,
cb7fe86d622292a78f3fe3320003a4c18815ddb609ca9f80bc607480225b41a4,2020-02,Norfolk Constabulary,Norfolk Constabulary,1.728221,52.571037,On or near Bells Road,E01026610,Great Yarmouth 010A,Criminal damage and arson,Investigation complete; no suspect identified,
5eb52d2690ec3863ef50dde4f066e3ca154bf1b024837648b0922f5fb34cd5e5,2020-02,Norfolk Constabulary,Norfolk Constabulary,1.727771,52.570772,On or near Springfield Road,E01026610,Great Yarmouth 010A,Violence and sexual offences,Unable to prosecute suspect,
caa2c9d940292db85ab34f07a576184e8f94271cb7839d3e97b06b338fcfa74a,2020-02,Norfolk Constabulary,Norfolk Constabulary,1.727893,52.571515,On or near Upper Cliff Road,E01026610,Great Yarmouth 010A,Violence and sexual offences,Unable to prosecute suspect,
80eb226ded2678e73bef10de1a9d01305814e3c978194434f49391b848c37f5e,2020-02,Norfolk Constabulary,Norfolk Constabulary,1.727893,52.571515,On or near Upper Cliff Road,E01026610,Great Yarmouth 010A,Violence and sexual offences,Unable to prosecute suspect,
,2020-02,Norfolk Constabulary,Norfolk Constabulary,1.728972,52.565275,On or near Bendish Avenue,E01026611,Great Yarmouth 010B,Anti-social behaviour,,
,2020-02,Norfolk Constabulary,Norfolk Constabulary,1.730593,52.570629,On or near Cliff Hill,E01026611,Great Yarmouth 010B,Anti-social behaviour,,
3aba187af49ccfebf8e6c5df91d546a36f45488dd35c895920f1a6119cbf0344,2020-02,Norfolk Constabulary,Norfolk Constabulary,1.723978,52.563480,On or near Orde Avenue,E01026611,Great Yarmouth 010B,Bicycle theft,Investigation complete; no suspect identified,
7b377a23dfa7402318f3ff65b1de0860b657e5452263047fcb80460efb0e6267,2020-02,Norfolk Constabulary,Norfolk Constabulary,1.730593,52.570629,On or near Cliff Hill,E01026611,Great Yarmouth 010B,Criminal damage and arson,Investigation complete; no suspect identified,
6ebb55049ce891c3ae0edf9e3920f41cb77fe41b666e5ec1a751372288574b02,2020-02,Norfolk Constabulary,Norfolk Constabulary,1.727467,52.560420,On or near Youell Avenue,E01026611,Great Yarmouth 010B,Criminal damage and arson,Investigation complete; no suspect identified,
d589f177d0fc0830a5519130c0ad67ed36577b18746344dcba515d0948a00f54,2020-02,Norfolk Constabulary,Norfolk Constabulary,1.727500,52.566886,On or near Victoria Road,E01026611,Great Yarmouth 010B,Public order,Formal action is not in the public interest,
fd93585058fa3d407fab0e8bc20a366465578ad58a479d8ca7151ea1d5543efa,2020-02,Norfolk Constabulary,Norfolk Constabulary,1.728972,52.565275,On or near Bendish Avenue,E01026611,Great Yarmouth 010B,Violence and sexual offences,Action to be taken by another organisation,
333937c416775e1afe96e5f14e016e21c29f3829aeffa76642d99fb0f018eca1,2020-02,Norfolk Constabulary,Norfolk Constabulary,1.731604,52.571065,On or near Beach Road,E01026611,Great Yarmouth 010B,Violence and sexual offences,Unable to prosecute suspect,
40933af1c7ac7c49ed41276d825f4ccb9553805077b5743642d03c45373f25a3,2020-02,Norfolk Constabulary,Norfolk Constabulary,1.727467,52.560420,On or near Youell Avenue,E01026611,Great Yarmouth 010B,Other crime,Investigation complete; no suspect identified,
b1a46c88be3a03db663091f966d30cfd8e8bbf59dfd00fbfa55fa2786c06cdc5,2020-02,Norfolk Constabulary,Norfolk Constabulary,1.716374,52.557873,On or near Horsley Drive,E01026612,Great Yarmouth 010C,Criminal damage and arson,Court result unavailable,
e438f81c3a23b8059a34f32ac65208ee352e9c6f168cc03c1a6c0bdc3d9906d8,2020-02,Norfolk Constabulary,Norfolk Constabulary,1.716374,52.557873,On or near Horsley Drive,E01026612,Great Yarmouth 010C,Criminal damage and arson,Court result unavailable,
0009f0d01773ec6291532627eed5538cb87d1ed078fd646d7b6ac0afd0ba3b67,2020-02,Norfolk Constabulary,Norfolk Constabulary,1.716374,52.557873,On or near Horsley Drive,E01026612,Great Yarmouth 010C,Possession of weapons,Unable to prosecute suspect,
662305a689f72cfbba045461f9dbd7b7a601e02d56d74066a040fdeaa2be0d6f,2020-02,Norfolk Constabulary,Norfolk Constabulary,1.725107,52.555736,On or near The Fairway,E01026612,Great Yarmouth 010C,Violence and sexual offences,Investigation complete; no suspect identified,
095a4a798a72dd15b5fa9f355e81c49cf3ff48986ef545d5c7860e733d0bb22a,2020-02,Norfolk Constabulary,Norfolk Constabulary,1.726567,52.558334,On or near Hill Avenue,E01026612,Great Yarmouth 010C,Violence and sexual offences,Unable to prosecute suspect,
,2020-02,Norfolk Constabulary,Norfolk Constabulary,1.729425,52.578600,On or near Supermarket,E01026630,Great Yarmouth 010D,Anti-social behaviour,,
,2020-02,Norfolk Constabulary,Norfolk Constabulary,1.727606,52.576660,On or near Sussex Road,E01026630,Great Yarmouth 010D,Anti-social behaviour,,
,2020-02,Norfolk Constabulary,Norfolk Constabulary,1.722370,52.576897,On or near Baliol Road,E01026630,Great Yarmouth 010D,Anti-social behaviour,,
c1a86ede880c239d5f66062e3d3c5890aee05b362d36333998264aaf4d2c156c,2020-02,Norfolk Constabulary,Norfolk Constabulary,1.729425,52.578600,On or near Supermarket,E01026630,Great Yarmouth 010D,Criminal damage and arson,Investigation complete; no suspect identified,
b6f94dd6d19c4ace397a223bd2859e66174a3fcefb90d1c0858d8db3096d32f7,2020-02,Norfolk Constabulary,Norfolk Constabulary,1.729425,52.578600,On or near Supermarket,E01026630,Great Yarmouth 010D,Other theft,Investigation complete; no suspect identified,
29020d64d17c732fd5c0a17ea95eeca73bdbd14209898109083e79a9046b3490,2020-02,Norfolk Constabulary,Norfolk Constabulary,1.724588,52.575712,On or near Stradbroke Road,E01026630,Great Yarmouth 010D,Other theft,Investigation complete; no suspect identified,
3bcef55bfa670322cb33c02d86b4e05acc311a889abc2f4a3b1a91846f68bf00,2020-02,Norfolk Constabulary,Norfolk Constabulary,1.728264,52.579014,On or near Horsey'S Lane,E01026630,Great Yarmouth 010D,Other theft,Investigation complete; no suspect identified,
45c6f38ac54ebfa19dd6ce213ce9893d3735f4d8f2a7d5e4f5af9e915a7c4ca3,2020-02,Norfolk Constabulary,Norfolk Constabulary,1.721430,52.576090,On or near Paston Road,E01026630,Great Yarmouth 010D,Other theft,Investigation complete; no suspect identified,
ced8356b4a924b6dd0438703b2d2053858a9db3f71dceaae21f5d0b716f490d2,2020-02,Norfolk Constabulary,Norfolk Constabulary,1.726672,52.577481,On or near Supermarket,E01026630,Great Yarmouth 010D,Public order,Local resolution,
6f801a4f3b10fd2661b6197ae069b1235f3597505406f9cd6574d5e0d2c52575,2020-02,Norfolk Constabulary,Norfolk Constabulary,1.729425,52.578600,On or near Supermarket,E01026630,Great Yarmouth 010D,Public order,Court result unavailable,
ea5861f4a3d6afa69d3828c4ebb852f4c778b0aee2a87d2de67844e91057f3b7,2020-02,Norfolk Constabulary,Norfolk Constabulary,1.726672,52.577481,On or near Supermarket,E01026630,Great Yarmouth 010D,Public order,Offender given penalty notice,
1556bb22d49d8fb237dd358c3ae608db84ee3286ca7e9c7c9c57815b6d75119e,2020-02,Norfolk Constabulary,Norfolk Constabulary,1.729425,52.578600,On or near Supermarket,E01026630,Great Yarmouth 010D,Shoplifting,Court result unavailable,
fd274594bc2068e8e3fa638ba4df100f0be3dda201d816fb3987410127c86bab,2020-02,Norfolk Constabulary,Norfolk Constabulary,1.727034,52.578441,On or near Supermarket,E01026630,Great Yarmouth 010D,Shoplifting,Investigation complete; no suspect identified,
b2465d9a8d0780236a93f31718bf40fc5c2a9e410e44a4ad852ebb7c985e252e,2020-02,Norfolk Constabulary,Norfolk Constabulary,1.727034,52.578441,On or near Supermarket,E01026630,Great Yarmouth 010D,Shoplifting,Investigation complete; no suspect identified,
e3f1eb9c691b43ed612ab0083ff6eada01c9cb59b0c915f3bdc06fa5d00a9bf9,2020-02,Norfolk Constabulary,Norfolk Constabulary,1.729425,52.578600,On or near Supermarket,E01026630,Great Yarmouth 010D,Vehicle crime,Investigation complete; no suspect identified,
33cf6bb3f779aa327290329cef326483774247aa739d7246115eabb407ef4f38,2020-02,Norfolk Constabulary,Norfolk Constabulary,1.727606,52.576660,On or near Sussex Road,E01026630,Great Yarmouth 010D,Violence and sexual offences,Unable to prosecute suspect,
c04c230fcf3ec2fdbc5afb810bba13fc957a6b8dbc0320c8c8fa71c379a2a33c,2020-02,Norfolk Constabulary,Norfolk Constabulary,1.726672,52.577481,On or near Supermarket,E01026630,Great Yarmouth 010D,Violence and sexual offences,Unable to prosecute suspect,
493afeaedc12564ce98d619082b8ad6454621a5eec26d200d041876c4d8534a4,2020-02,Norfolk Constabulary,Norfolk Constabulary,1.723657,52.578323,On or near Middleton Road,E01026630,Great Yarmouth 010D,Violence and sexual offences,Unable to prosecute suspect,
17e9c9bde090a9a32bc748c16fd4fd1738ea1ac1887a34edeb1f674b36197282,2020-02,Norfolk Constabulary,Norfolk Constabulary,1.726621,52.578616,On or near Palmer Road,E01026630,Great Yarmouth 010D,Violence and sexual offences,Investigation complete; no suspect identified,
74a3dac185f99927417065247344ffd708dd1a4b01cf0b345b960536ed4544f8,2020-02,Norfolk Constabulary,Norfolk Constabulary,1.726672,52.577481,On or near Supermarket,E01026630,Great Yarmouth 010D,Violence and sexual offences,Investigation complete; no suspect identified,
2a83a95096ad216c6154e475282a7632ff033bc440eb4a3183c90987f2358e00,2020-02,Norfolk Constabulary,Norfolk Constabulary,1.726672,52.577481,On or near Supermarket,E01026630,Great Yarmouth 010D,Violence and sexual offences,Investigation complete; no suspect identified,
4132c903b382f0f9db772394124cab4d897b217cef079a7913b12062d2655d7e,2020-02,Norfolk Constabulary,Norfolk Constabulary,1.723657,52.578323,On or near Middleton Road,E01026630,Great Yarmouth 010D,Violence and sexual offences,Unable to prosecute suspect,
02ea303aae649930033c3ada4aeba39fdeed2cb2690101f17ce49290d1c7a1e0,2020-02,Norfolk Constabulary,Norfolk Constabulary,1.727606,52.576660,On or near Sussex Road,E01026630,Great Yarmouth 010D,Violence and sexual offences,Unable to prosecute suspect,
0e7ba3b63b7e61cdb4ddf31df9cf202e4920c4bef609ce3de14cd3eb8c7466ad,2020-02,Norfolk Constabulary,Norfolk Constabulary,1.726052,52.575225,On or near Lowestoft Road,E01026630,Great Yarmouth 010D,Violence and sexual offences,Unable to prosecute suspect,
99e9d71a26788008d74351117305decc90a8c68d5141f0733f14f66d8b3b78b9,2020-02,Norfolk Constabulary,Norfolk Constabulary,1.722370,52.576897,On or near Baliol Road,E01026630,Great Yarmouth 010D,Violence and sexual offences,Formal action is not in the public interest,
c250b1ca1d95ed6522fbeb7bf8cd18f0c609f4067d80a6d8cca13ae930e27445,2020-02,Norfolk Constabulary,Norfolk Constabulary,1.729387,52.577638,On or near Baker Street,E01026630,Great Yarmouth 010D,Violence and sexual offences,Unable to prosecute suspect,
,2020-02,Norfolk Constabulary,Norfolk Constabulary,1.728479,52.573727,On or near Bells Road,E01026631,Great Yarmouth 010E,Anti-social behaviour,,
,2020-02,Norfolk Constabulary,Norfolk Constabulary,1.728479,52.573727,On or near Bells Road,E01026631,Great Yarmouth 010E,Anti-social behaviour,,
5fd4feecbe09a492ed1857b79845f6678b6b25bb415731ccdb4410d3ad660bff,2020-02,Norfolk Constabulary,Norfolk Constabulary,1.723860,52.574278,On or near Albemarle Road,E01026631,Great Yarmouth 010E,Burglary,Investigation complete; no suspect identified,
7f1da0a731b4fc9509312bbdfb479881dca5ca0fbad04a4400e01f3a784f05c9,2020-02,Norfolk Constabulary,Norfolk Constabulary,1.728479,52.573727,On or near Bells Road,E01026631,Great Yarmouth 010E,Other theft,Investigation complete; no suspect identified,
172b79c72e545e37e089fd05bde5d5d7619953f628df41e19fcec5212e9d338d,2020-02,Norfolk Constabulary,Norfolk Constabulary,1.730602,52.574218,On or near Pier Walk,E01026631,Great Yarmouth 010E,Public order,Investigation complete; no suspect identified,
810f47ac7aedf748d4f26a10584436b2acfbef3aecbd3f4e460d02b46a183a72,2020-02,Norfolk Constabulary,Norfolk Constabulary,1.730602,52.574218,On or near Pier Walk,E01026631,Great Yarmouth 010E,Vehicle crime,Investigation complete; no suspect identified,
c7c5f8ab9c85c2924880f8134a0ec827847791c0622535b22fc5059bf2305688,2020-02,Norfolk Constabulary,Norfolk Constabulary,1.729456,52.573759,On or near Drudge Road,E01026631,Great Yarmouth 010E,Vehicle crime,Investigation complete; no suspect identified,
d24e6ccd9487d7dd168724e1f9cba6f43886eadb668fb886c593cfa95aed72b0,2020-02,Norfolk Constabulary,Norfolk Constabulary,1.730602,52.574218,On or near Pier Walk,E01026631,Great Yarmouth 010E,Violence and sexual offences,Unable to prosecute suspect,
a47d1c4f062d2bb284da42309bf9ae72aa8c7b48c256ed64e2f84eff1f659ca7,2020-02,Norfolk Constabulary,Norfolk Constabulary,1.731895,52.569968,On or near Lower Esplanade,E01026631,Great Yarmouth 010E,Violence and sexual offences,Investigation complete; no suspect identified,
7c89337b22d7598295eca87abd6c838891ed379d621e1968992689df2fe4d6b9,2020-02,Norfolk Constabulary,Norfolk Constabulary,1.730602,52.574218,On or near Pier Walk,E01026631,Great Yarmouth 010E,Violence and sexual offences,Unable to prosecute suspect,
99fe306b771d427f11fd1a4589fde95b7704b0410fa18410b3bf630aaf1d307e,2020-02,Norfolk Constabulary,Norfolk Constabulary,1.732799,52.570875,On or near Pier Gardens,E01026631,Great Yarmouth 010E,Violence and sexual offences,Unable to prosecute suspect,
990b2816c72dbb49d4e175392f66da81718d6f818b39c757f7713d0fda7ee57c,2020-02,Norfolk Constabulary,Norfolk Constabulary,1.731961,52.574400,On or near Parking Area,E01026631,Great Yarmouth 010E,Violence and sexual offences,Unable to prosecute suspect,
ba6870f1ceddcd4c4f94420b862d464e419632573db7f04e9360fae37bb85533,2020-02,Norfolk Constabulary,Norfolk Constabulary,1.731961,52.574400,On or near Parking Area,E01026631,Great Yarmouth 010E,Violence and sexual offences,Unable to prosecute suspect,
8378cd933c17fbe3a73b1fe282ee4b6d5431db66e1168783037d9f51209fd59a,2020-02,Norfolk Constabulary,Norfolk Constabulary,1.732799,52.570875,On or near Pier Gardens,E01026631,Great Yarmouth 010E,Violence and sexual offences,Unable to prosecute suspect,
29673a8832ba70108bbcf773f3fc6102b0ccc995179f788182387ccb5ccd9da2,2020-02,Norfolk Constabulary,Norfolk Constabulary,1.732799,52.570875,On or near Pier Gardens,E01026631,Great Yarmouth 010E,Violence and sexual offences,Unable to prosecute suspect,
5fae87ee085bda84e279209b8f4c58063d61e9ec694e38729624aefac32e5cb2,2020-02,Norfolk Constabulary,Norfolk Constabulary,1.730602,52.574218,On or near Pier Walk,E01026631,Great Yarmouth 010E,Violence and sexual offences,Unable to prosecute suspect,
a4e7537b3eaaeaa010a41c95f2f5f6e3897a40233573977a828188e76cdd5006,2020-02,Norfolk Constabulary,Norfolk Constabulary,1.732799,52.570875,On or near Pier Gardens,E01026631,Great Yarmouth 010E,Violence and sexual offences,Unable to prosecute suspect,
,2020-02,Norfolk Constabulary,Norfolk Constabulary,1.717979,52.561663,On or near Hospital,E01026617,Great Yarmouth 011A,Anti-social behaviour,,
,2020-02,Norfolk Constabulary,Norfolk Constabulary,1.717979,52.561663,On or near Hospital,E01026617,Great Yarmouth 011A,Anti-social behaviour,,
,2020-02,Norfolk Constabulary,Norfolk Constabulary,1.717979,52.561663,On or near Hospital,E01026617,Great Yarmouth 011A,Anti-social behaviour,,
,2020-02,Norfolk Constabulary,Norfolk Constabulary,1.717979,52.561663,On or near Hospital,E01026617,Great Yarmouth 011A,Anti-social behaviour,,
,2020-02,Norfolk Constabulary,Norfolk Constabulary,1.717979,52.561663,On or near Hospital,E01026617,Great Yarmouth 011A,Anti-social behaviour,,
,2020-02,Norfolk Constabulary,Norfolk Constabulary,1.716993,52.567451,On or near St Hugh'S Green,E01026617,Great Yarmouth 011A,Anti-social behaviour,,
,2020-02,Norfolk Constabulary,Norfolk Constabulary,1.717979,52.561663,On or near Hospital,E01026617,Great Yarmouth 011A,Anti-social behaviour,,
,2020-02,Norfolk Constabulary,Norfolk Constabulary,1.717979,52.561663,On or near Hospital,E01026617,Great Yarmouth 011A,Anti-social behaviour,,
fd7855dc29332e066879f2b2197751b79d428aab396b37de1a6041171b4960fb,2020-02,Norfolk Constabulary,Norfolk Constabulary,1.715260,52.565985,On or near Emmanuel Avenue,E01026617,Great Yarmouth 011A,Criminal damage and arson,Offender given a caution,
2e1c45ef90e3d29377c9a2a1d37b938318a8fe404f224c56d84b0b972313bdd5,2020-02,Norfolk Constabulary,Norfolk Constabulary,1.717979,52.561663,On or near Hospital,E01026617,Great Yarmouth 011A,Drugs,Formal action is not in the public interest,
eed28cd7f382d77ddfdb31727eeab43f0961c0661fe17e32a5439d3d610434ff,2020-02,Norfolk Constabulary,Norfolk Constabulary,1.712346,52.566086,On or near St Antony'S Avenue,E01026617,Great Yarmouth 011A,Other theft,Offender given a caution,
53781766090bbfbafeb09880386ea007028489d1f017f8070df70a4f00cd2495,2020-02,Norfolk Constabulary,Norfolk Constabulary,1.717979,52.561663,On or near Hospital,E01026617,Great Yarmouth 011A,Public order,Unable to prosecute suspect,
27ebda01bfee06ce72f64a699dcef57424279dd427738367cb5381b6a1c46d74,2020-02,Norfolk Constabulary,Norfolk Constabulary,1.717979,52.561663,On or near Hospital,E01026617,Great Yarmouth 011A,Public order,Court result unavailable,
48839417601d8b9b3cecfc93f46c8176b70f06a8ef47e58528d8d3bad09221da,2020-02,Norfolk Constabulary,Norfolk Constabulary,1.717979,52.561663,On or near Hospital,E01026617,Great Yarmouth 011A,Public order,Offender given a caution,
d66287e004699849f5a254d2aa1f8c058ab9fc748596c25faf5c61d035ccb2e5,2020-02,Norfolk Constabulary,Norfolk Constabulary,1.717979,52.561663,On or near Hospital,E01026617,Great Yarmouth 011A,Shoplifting,Local resolution,
1307bdee9a05e31c6efadf5007589aa63db6c766df656dd6ed1d4101a8591a38,2020-02,Norfolk Constabulary,Norfolk Constabulary,1.717979,52.561663,On or near Hospital,E01026617,Great Yarmouth 011A,Shoplifting,Formal action is not in the public interest,
f8d6d9e4c7d33490a9c56991c6d03459394998b67a4dddf0da3c6e230843182f,2020-02,Norfolk Constabulary,Norfolk Constabulary,1.712632,52.564934,On or near Ruskin Avenue,E01026617,Great Yarmouth 011A,Vehicle crime,Investigation complete; no suspect identified,
df492547bc3e2f5561a8a01e3445bc30d5e9b50ef9f7daff73c9e3343c557b46,2020-02,Norfolk Constabulary,Norfolk Constabulary,1.712346,52.566086,On or near St Antony'S Avenue,E01026617,Great Yarmouth 011A,Violence and sexual offences,Unable to prosecute suspect,
269964e2299865d56f345edd209ef65ba74e66d1c57d9199fe76f1ea94c3293c,2020-02,Norfolk Constabulary,Norfolk Constabulary,1.717979,52.561663,On or near Hospital,E01026617,Great Yarmouth 011A,Violence and sexual offences,Investigation complete; no suspect identified,
1269786e38ac30fd450d32f37bfeac1733dec176663066a31a4f8b81924aa238,2020-02,Norfolk Constabulary,Norfolk Constabulary,1.717979,52.561663,On or near Hospital,E01026617,Great Yarmouth 011A,Violence and sexual offences,Unable to prosecute suspect,
c34859e9dc810fac6159028cf7cde30f14b3d558a318b36f410dddb1f2890b4f,2020-02,Norfolk Constabulary,Norfolk Constabulary,1.717367,52.568033,On or near Lincoln Avenue,E01026617,Great Yarmouth 011A,Violence and sexual offences,Unable to prosecute suspect,
89964467420cce7d80540e8a0f3fe048634ffdbdb1af96409e41b79d321e5b42,2020-02,Norfolk Constabulary,Norfolk Constabulary,1.717367,52.568033,On or near Lincoln Avenue,E01026617,Great Yarmouth 011A,Violence and sexual offences,Unable to prosecute suspect,
81ed3db6bcfc74a880fc8e697c48b6b262a1e9fc4cfb454ca8dcddab14085455,2020-02,Norfolk Constabulary,Norfolk Constabulary,1.717979,52.561663,On or near Hospital,E01026617,Great Yarmouth 011A,Violence and sexual offences,Unable to prosecute suspect,
74a1c7257ec82b5cedb77c37fef353a9c9731497326dcf14036c724b9b9838ff,2020-02,Norfolk Constabulary,Norfolk Constabulary,1.712346,52.566086,On or near St Antony'S Avenue,E01026617,Great Yarmouth 011A,Violence and sexual offences,Unable to prosecute suspect,
84628cdb1355453fbda4afb449eb98bbaabe79a0bb230ca3b3378bb610c7ef02,2020-02,Norfolk Constabulary,Norfolk Constabulary,1.712346,52.566086,On or near St Antony'S Avenue,E01026617,Great Yarmouth 011A,Violence and sexual offences,Unable to prosecute suspect,
45f0037180c66dfc00e314693b7710388c12a3a82687ad906e17786e3b3623c8,2020-02,Norfolk Constabulary,Norfolk Constabulary,1.718478,52.568079,On or near Queen'S Crescent,E01026617,Great Yarmouth 011A,Violence and sexual offences,Unable to prosecute suspect,
bb4b4e1b99cb4c173461502eaaec4094d3aaf9e9bacc2b5559e1e39a4fb6d93b,2020-02,Norfolk Constabulary,Norfolk Constabulary,1.718478,52.568079,On or near Queen'S Crescent,E01026617,Great Yarmouth 011A,Violence and sexual offences,Unable to prosecute suspect,
,2020-02,Norfolk Constabulary,Norfolk Constabulary,1.724028,52.566852,On or near Wedgewood Court,E01026618,Great Yarmouth 011B,Anti-social behaviour,,
,2020-02,Norfolk Constabulary,Norfolk Constabulary,1.725920,52.564795,On or near Viking Close,E01026618,Great Yarmouth 011B,Anti-social behaviour,,
d663615ec8964039952eb9d4352c4e6bbe13923a67521525c83d2a542d6e249e,2020-02,Norfolk Constabulary,Norfolk Constabulary,1.722389,52.567191,On or near Middleton Road,E01026618,Great Yarmouth 011B,Drugs,Offender given a drugs possession warning,
1c37e0ce5c8524b2b48ffba7a0d1e0029a9df17c7d944adece694ae2ff635875,2020-02,Norfolk Constabulary,Norfolk Constabulary,1.724621,52.565142,On or near Deborah Road,E01026618,Great Yarmouth 011B,Other theft,Unable to prosecute suspect,
6bb9eccef95ec4270039a5a6ac0c0f092b17d96ace695777a6827530b812dd54,2020-02,Norfolk Constabulary,Norfolk Constabulary,1.725762,52.565547,On or near Amethyst Close,E01026618,Great Yarmouth 011B,Violence and sexual offences,Unable to prosecute suspect,
362474baae845d91430cdf418821ad686a35043179d5c610d69eaa91695b874e,2020-02,Norfolk Constabulary,Norfolk Constabulary,1.710104,52.571526,On or near Gonville Road,E01026619,Great Yarmouth 011C,Drugs,Offender given a caution,
1bbe8ce2875bcbf11a5f4db1c064159fb0a4776f4a39079df95281d618eaa9dd,2020-02,Norfolk Constabulary,Norfolk Constabulary,1.710210,52.569112,On or near Cambridge Avenue,E01026619,Great Yarmouth 011C,Other theft,Investigation complete; no suspect identified,
466775767c74d81759bf0ab3133b19ef9fee4bf8955ddb1aa212043c75a6e97e,2020-02,Norfolk Constabulary,Norfolk Constabulary,1.710210,52.569112,On or near Cambridge Avenue,E01026619,Great Yarmouth 011C,Violence and sexual offences,Unable to prosecute suspect,
72ba17e7b6c01a737b65bdca62a8eeb8ca70254c197c19fd8d4b23d655fbb1cd,2020-02,Norfolk Constabulary,Norfolk Constabulary,1.710838,52.567986,On or near Oxford Avenue,E01026619,Great Yarmouth 011C,Violence and sexual offences,Formal action is not in the public interest,
2defa9d38e90ebe11dce074c96d5813f140ee32036289d94393ce3dcf18e76cc,2020-02,Norfolk Constabulary,Norfolk Constabulary,1.710210,52.569112,On or near Cambridge Avenue,E01026619,Great Yarmouth 011C,Violence and sexual offences,Investigation complete; no suspect identified,
,2020-02,Norfolk Constabulary,Norfolk Constabulary,1.708134,52.569870,On or near The Willows,E01026620,Great Yarmouth 011D,Anti-social behaviour,,
,2020-02,Norfolk Constabulary,Norfolk Constabulary,1.709817,52.573541,On or near Christ Church Road,E01026620,Great Yarmouth 011D,Anti-social behaviour,,
8c679170385e58200e6ab2da6feaef5342cdfae17584421fd958d3e086bfbbda,2020-02,Norfolk Constabulary,Norfolk Constabulary,1.708060,52.573191,On or near Bunnewell Avenue,E01026620,Great Yarmouth 011D,Criminal damage and arson,Unable to prosecute suspect,
2de9c3e8cfc1e1df6a75fffd581bc4f73437a30d282f27b7027c7110a5afb882,2020-02,Norfolk Constabulary,Norfolk Constabulary,1.711221,52.572165,On or near Hertford Way,E01026620,Great Yarmouth 011D,Other theft,Investigation complete; no suspect identified,
738e92ab031413b43ce5b31c456e0de3d298c75d7aec97f53ebc81a442af6eaa,2020-02,Norfolk Constabulary,Norfolk Constabulary,1.715847,52.572227,On or near Magdalen Square,E01026620,Great Yarmouth 011D,Public order,Unable to prosecute suspect,
a8f72f396b07877953000a6ae50fe957640a3f8c0be442b46abc61902ec3e30a,2020-02,Norfolk Constabulary,Norfolk Constabulary,1.708134,52.569870,On or near The Willows,E01026620,Great Yarmouth 011D,Public order,Unable to prosecute suspect,
7dea518b853b87c1695a341f79ca4c90c6f2589fe1b6130ea7be0de196560345,2020-02,Norfolk Constabulary,Norfolk Constabulary,1.710861,52.573139,On or near Charter Close,E01026620,Great Yarmouth 011D,Public order,Unable to prosecute suspect,
9f9a53b18ea8410ac637a557fde28350e62d5e71e7ee21a0c229215233502967,2020-02,Norfolk Constabulary,Norfolk Constabulary,1.708690,52.574188,On or near Rambouillet Close,E01026620,Great Yarmouth 011D,Vehicle crime,Investigation complete; no suspect identified,
76769261120a54f82b4d64ad328210a9901fcf89dce89794cc842f68c41d914f,2020-02,Norfolk Constabulary,Norfolk Constabulary,1.712616,52.573120,On or near St Anne'S Crescent,E01026620,Great Yarmouth 011D,Violence and sexual offences,Unable to prosecute suspect,
cdc7f3025c9d3db7448d6e24926742eb320e494c9ec0bc44567223c30d1453d5,2020-02,Norfolk Constabulary,Norfolk Constabulary,1.708060,52.573191,On or near Bunnewell Avenue,E01026620,Great Yarmouth 011D,Violence and sexual offences,Awaiting court outcome,
539d370c6be6ad93cf4979d2026a62b1695d103d04f686a028edb122ed832012,2020-02,Norfolk Constabulary,Norfolk Constabulary,1.708134,52.569870,On or near The Willows,E01026620,Great Yarmouth 011D,Violence and sexual offences,Unable to prosecute suspect,
ec5ca612f51868ce8e20f3f6a80b2afa510514bceb094148ad7f9ad95ed10b15,2020-02,Norfolk Constabulary,Norfolk Constabulary,1.710861,52.573139,On or near Charter Close,E01026620,Great Yarmouth 011D,Violence and sexual offences,Unable to prosecute suspect,
ef12a68517a71609e66dca02b41caec693748d6ede0f6fbd3e05734b8be8ddc6,2020-02,Norfolk Constabulary,Norfolk Constabulary,1.708060,52.573191,On or near Bunnewell Avenue,E01026620,Great Yarmouth 011D,Violence and sexual offences,Awaiting court outcome,
9cf835da94afdef830655ae90520936d6c0581d778cbd794b2487fec8f9872a9,2020-02,Norfolk Constabulary,Norfolk Constabulary,1.714366,52.570951,On or near Nuffield Crescent,E01026620,Great Yarmouth 011D,Violence and sexual offences,Unable to prosecute suspect,
cbdc04918adefcbee2550e55f8bc64f45f9c4868d4b63ced646e8bb00e1451c6,2020-02,Norfolk Constabulary,Norfolk Constabulary,1.712616,52.573120,On or near St Anne'S Crescent,E01026620,Great Yarmouth 011D,Violence and sexual offences,Unable to prosecute suspect,
,2020-02,Norfolk Constabulary,Norfolk Constabulary,1.716094,52.569215,On or near Somerville Avenue,E01026621,Great Yarmouth 011E,Anti-social behaviour,,
,2020-02,Norfolk Constabulary,Norfolk Constabulary,1.713506,52.569683,On or near Campion Avenue,E01026621,Great Yarmouth 011E,Anti-social behaviour,,
e6fd73b732860365f3e903f0c37dc70d03e0e65aeae18bc4e14271ed1993b591,2020-02,Norfolk Constabulary,Norfolk Constabulary,1.716094,52.569215,On or near Somerville Avenue,E01026621,Great Yarmouth 011E,Criminal damage and arson,Local resolution,
783e44ffe0c52fb58d447c610f6fe09b937b0047efb27c6ed04630a34ce286f3,2020-02,Norfolk Constabulary,Norfolk Constabulary,1.718742,52.569797,On or near Connaught Avenue,E01026621,Great Yarmouth 011E,Criminal damage and arson,Unable to prosecute suspect,
8f4c56a7487b1a7207eda7784697c9907708f29fdd65b41878701c4e10b3f4de,2020-02,Norfolk Constabulary,Norfolk Constabulary,1.718742,52.569797,On or near Connaught Avenue,E01026621,Great Yarmouth 011E,Other theft,Unable to prosecute suspect,
014576ba85d06b9b4cd39da27698ebdb0b9551fffa08a9bb193c3a1952ee1f21,2020-02,Norfolk Constabulary,Norfolk Constabulary,1.718742,52.569797,On or near Connaught Avenue,E01026621,Great Yarmouth 011E,Public order,Unable to prosecute suspect,
f056c327e740bfaee7dfac03df77f3f9c9e74165fe7dfc1ceee95a65eed31bca,2020-02,Norfolk Constabulary,Norfolk Constabulary,1.713506,52.569683,On or near Campion Avenue,E01026621,Great Yarmouth 011E,Vehicle crime,Status update unavailable,
2b947fb6e716388944de3bb26d4ce9cf275786174683cb6af3fe830e9d49cf60,2020-02,Norfolk Constabulary,Norfolk Constabulary,1.718742,52.569797,On or near Connaught Avenue,E01026621,Great Yarmouth 011E,Violence and sexual offences,Unable to prosecute suspect,
,2020-02,Norfolk Constabulary,Norfolk Constabulary,1.637287,52.544519,On or near Forest Mount,E01026613,Great Yarmouth 012A,Anti-social behaviour,,
,2020-02,Norfolk Constabulary,Norfolk Constabulary,1.658972,52.564511,On or near Station Road South,E01026613,Great Yarmouth 012A,Anti-social behaviour,,
f276e41d4328e573386144889d323b3265c85da123f9a0bdaea714d9a6f62410,2020-02,Norfolk Constabulary,Norfolk Constabulary,1.664404,52.565395,On or near Provan Crescent,E01026613,Great Yarmouth 012A,Criminal damage and arson,Unable to prosecute suspect,
02562e06534c659b4fd9069c719760ad931c98766706d76df67cfcb6deb0e2ff,2020-02,Norfolk Constabulary,Norfolk Constabulary,1.623266,52.536405,On or near Priory Gardens,E01026613,Great Yarmouth 012A,Other theft,Investigation complete; no suspect identified,
,2020-02,Norfolk Constabulary,Norfolk Constabulary,1.658785,52.570417,On or near Berry Close,E01026614,Great Yarmouth 012B,Anti-social behaviour,,
,2020-02,Norfolk Constabulary,Norfolk Constabulary,1.658785,52.570417,On or near Berry Close,E01026614,Great Yarmouth 012B,Anti-social behaviour,,
,2020-02,Norfolk Constabulary,Norfolk Constabulary,1.658785,52.570417,On or near Berry Close,E01026614,Great Yarmouth 012B,Anti-social behaviour,,
,2020-02,Norfolk Constabulary,Norfolk Constabulary,1.662716,52.575413,On or near St Furseys' Way,E01026614,Great Yarmouth 012B,Anti-social behaviour,,
6d9a390e9d59b4ab1cc8bdf562eb91265fc2a0260838d0313fe90dcd4241b42d,2020-02,Norfolk Constabulary,Norfolk Constabulary,1.661349,52.570716,On or near St Johns Road,E01026614,Great Yarmouth 012B,Criminal damage and arson,Investigation complete; no suspect identified,
ec1f4b396c94d7e37b24f6cbe344929ce5ec73d078341bf12630e972a51de774,2020-02,Norfolk Constabulary,Norfolk Constabulary,1.676001,52.580677,On or near Parking Area,E01026614,Great Yarmouth 012B,Other theft,Unable to prosecute suspect,
217bf2e38df4dfe59f1d7e33062b7a76db90cb175cce4aacadf5690c44eec72d,2020-02,Norfolk Constabulary,Norfolk Constabulary,1.658785,52.570417,On or near Berry Close,E01026614,Great Yarmouth 012B,Violence and sexual offences,Action to be taken by another organisation,
e6537475f449aad4ad42edbc9bddc013dc0fcdba04deb8995810bea31abd450f,2020-02,Norfolk Constabulary,Norfolk Constabulary,1.660011,52.579104,On or near Butt Lane,E01026614,Great Yarmouth 012B,Violence and sexual offences,Unable to prosecute suspect,
46e70e4d21ece8b26ba1a5fb66a3cf52f0c7c7ecd993c26360aa2de3d0568bad,2020-02,Norfolk Constabulary,Norfolk Constabulary,1.655825,52.570851,On or near Paddock Close,E01026614,Great Yarmouth 012B,Violence and sexual offences,Offender given a caution,
0f88134460f1f35cdbf719ba6f7cc45212cd13a8ab20cbbc816e71f2c36df750,2020-02,Norfolk Constabulary,Norfolk Constabulary,1.658785,52.570417,On or near Berry Close,E01026614,Great Yarmouth 012B,Violence and sexual offences,Unable to prosecute suspect,
848a2eff8a236e21219abc5cbe4d8695c6786e3c27437c744136786eda1f864c,2020-02,Norfolk Constabulary,Norfolk Constabulary,1.658785,52.570417,On or near Berry Close,E01026614,Great Yarmouth 012B,Violence and sexual offences,Action to be taken by another organisation,
b7af49596d183352c364c99651fde1eb2918ea77a1efd1d38c2715f903f3946b,2020-02,Norfolk Constabulary,Norfolk Constabulary,1.663105,52.575123,On or near Louis Dahl Road,E01026614,Great Yarmouth 012B,Violence and sexual offences,Investigation complete; no suspect identified,
bb866859414e9d1ecc750202e4f88ea8741e0019c2b37062a63f69a3abff4a41,2020-02,Norfolk Constabulary,Norfolk Constabulary,1.665456,52.568448,On or near Supermarket,E01026615,Great Yarmouth 012C,Shoplifting,Offender given penalty notice,
f2672b453d9a171fea7b70c4ec326bb7897f154accb86d4dfa571da2102fa4bf,2020-02,Norfolk Constabulary,Norfolk Constabulary,1.665456,52.568448,On or near Supermarket,E01026615,Great Yarmouth 012C,Violence and sexual offences,Unable to prosecute suspect,
0d09af84e283836a8fdb8ab0e5c53475ebebb8a6c850c7847ac4c59543375308,2020-02,Norfolk Constabulary,Norfolk Constabulary,1.665456,52.568448,On or near Supermarket,E01026615,Great Yarmouth 012C,Violence and sexual offences,Unable to prosecute suspect,
f11cad3d4d8bcb90b46280a43b5402b689e638d16190ba45f9788fb0243452b6,2020-02,Norfolk Constabulary,Norfolk Constabulary,1.660816,52.569806,On or near Orwell Crescent,E01026615,Great Yarmouth 012C,Violence and sexual offences,Formal action is not in the public interest,
4ade82d82eeb6adb3d00b7acf0d6ad35ff690b20ef5abe6c143d38d37544875a,2020-02,Norfolk Constabulary,Norfolk Constabulary,1.671278,52.556871,On or near Short Road,E01026615,Great Yarmouth 012C,Violence and sexual offences,Unable to prosecute suspect,
483e416ca35e6630094d4e2863297e4c312f1398953d5303c869c403aa1ad9ad,2020-02,Norfolk Constabulary,Norfolk Constabulary,1.665456,52.568448,On or near Supermarket,E01026615,Great Yarmouth 012C,Violence and sexual offences,Unable to prosecute suspect,
f5f65beb9c6023fd703960264758b564ce203cda0d78e0c42c4c62e0270e918f,2020-02,Norfolk Constabulary,Norfolk Constabulary,1.665456,52.568448,On or near Supermarket,E01026615,Great Yarmouth 012C,Violence and sexual offences,Unable to prosecute suspect,
e55c316b6de61581f30782206f304ea5dec64cdaad1d9d2d969239c2a162d677,2020-02,Norfolk Constabulary,Norfolk Constabulary,1.665456,52.568448,On or near Supermarket,E01026615,Great Yarmouth 012C,Violence and sexual offences,Unable to prosecute suspect,
c043d5df07d0c48ae047935a25fcab07177041c91956af57fa763aee79a8be3e,2020-02,Norfolk Constabulary,Norfolk Constabulary,1.660816,52.569806,On or near Orwell Crescent,E01026615,Great Yarmouth 012C,Violence and sexual offences,Formal action is not in the public interest,
f53d213dc03d243b3c7ea020127359d6cbf7b6d9ff6adf4ac043be680b3b3432,2020-02,Norfolk Constabulary,Norfolk Constabulary,1.668448,52.570343,On or near Farman Close,E01026615,Great Yarmouth 012C,Other crime,Awaiting court outcome,
732a800e1721fa78a06f203e0927601ae3d82cfb58a5ba8b7e7ed069fbc102db,2020-02,Norfolk Constabulary,Norfolk Constabulary,1.659152,52.565962,On or near Rosedale Gardens,E01026616,Great Yarmouth 012D,Violence and sexual offences,Unable to prosecute suspect,
6eed2db397f3a93323264d9e356ed574aff91cb2c572f75a0e1bfba4e48560ac,2020-02,Norfolk Constabulary,Norfolk Constabulary,1.705395,52.573796,On or near Leach Close,E01026585,Great Yarmouth 013A,Violence and sexual offences,Investigation complete; no suspect identified,
2ebc9793d3ec05606e8606259522e4e04a6e36ada3c6c5541cbb3805e5e71e24,2020-02,Norfolk Constabulary,Norfolk Constabulary,1.705406,52.576899,On or near Chestnut Avenue,E01026585,Great Yarmouth 013A,Violence and sexual offences,Investigation complete; no suspect identified,
5353b31572ee158b6a4bf8c2e8bf29f0280902e4e9130984218c20aacc4516be,2020-02,Norfolk Constabulary,Norfolk Constabulary,1.693702,52.575727,On or near Elm Avenue,E01026585,Great Yarmouth 013A,Violence and sexual offences,Unable to prosecute suspect,
b6149c1f12d5e5064bc6a95a85aca7438a889c4375063d91f2ea75f688332c8e,2020-02,Norfolk Constabulary,Norfolk Constabulary,1.705395,52.573796,On or near Leach Close,E01026585,Great Yarmouth 013A,Other crime,Action to be taken by another organisation,
73ab844a140f494f9c94f5d125e0a78f632246e9af6c4079b05dca9f1c9c2e81,2020-02,Norfolk Constabulary,Norfolk Constabulary,1.707384,52.578474,On or near Crab Lane,E01026586,Great Yarmouth 013B,Burglary,Investigation complete; no suspect identified,
dd916ad583834dc58b938d843f27a265c4932764bc8d1992d6694e3aa5569fa4,2020-02,Norfolk Constabulary,Norfolk Constabulary,1.706951,52.573873,On or near Ecclestone Close,E01026586,Great Yarmouth 013B,Other theft,Investigation complete; no suspect identified,
b0cc56353f2cf5b22f66fbb771f1030bdf1211d96c132d60afd84cf15ab83f69,2020-02,Norfolk Constabulary,Norfolk Constabulary,1.708836,52.577835,On or near Headington Close,E01026586,Great Yarmouth 013B,Public order,Unable to prosecute suspect,
ac57b6af4f84e84a0af7b42307d2a3a3372b12f0d7eff371bde9cfe150b35db8,2020-02,Norfolk Constabulary,Norfolk Constabulary,1.708083,52.576788,On or near Parkland Drive,E01026586,Great Yarmouth 013B,Violence and sexual offences,Unable to prosecute suspect,
ad1e8c27102b3b6144186a269a07ed90e30a1b1db3269a5f150720edcb8e4a7b,2020-02,Norfolk Constabulary,Norfolk Constabulary,1.703236,52.573936,On or near Styles Close,E01026586,Great Yarmouth 013B,Violence and sexual offences,Unable to prosecute suspect,
,2020-02,Norfolk Constabulary,Norfolk Constabulary,1.692692,52.569687,On or near Kings Drive,E01026587,Great Yarmouth 013C,Anti-social behaviour,,
,2020-02,Norfolk Constabulary,Norfolk Constabulary,1.698932,52.572964,On or near Jews' Lane,E01026587,Great Yarmouth 013C,Anti-social behaviour,,
886d5403d6967514fb13b4fb0f1a9f10d821808117eb7aa27cd67475ab75b531,2020-02,Norfolk Constabulary,Norfolk Constabulary,1.692692,52.569687,On or near Kings Drive,E01026587,Great Yarmouth 013C,Burglary,Investigation complete; no suspect identified,
ef441712e74558ea51a87ad09282ced1746414dff7ee743917bb9b0ef619e2fa,2020-02,Norfolk Constabulary,Norfolk Constabulary,1.692692,52.569687,On or near Kings Drive,E01026587,Great Yarmouth 013C,Criminal damage and arson,Investigation complete; no suspect identified,
0d1e597626325f539bd9bb6dfa33bef7e9975e04d86354873969551ed43cb9a4,2020-02,Norfolk Constabulary,Norfolk Constabulary,1.685803,52.578357,On or near Doles Lane,E01026587,Great Yarmouth 013C,Other theft,Investigation complete; no suspect identified,
26b7b0932e33cccd1d46b7eb9f07670dcc32065453a441110d27268e2d1ef952,2020-02,Norfolk Constabulary,Norfolk Constabulary,1.692692,52.569687,On or near Kings Drive,E01026587,Great Yarmouth 013C,Violence and sexual offences,Formal action is not in the public interest,
58629927f6a048e5d23a0c64c778e80a55f23df19c2b2a236b3b676edb23550e,2020-02,Norfolk Constabulary,Norfolk Constabulary,1.692692,52.569687,On or near Kings Drive,E01026587,Great Yarmouth 013C,Violence and sexual offences,Awaiting court outcome,
7f9a2bcda978194e2c490e29427c7997d33bf47cb56941c7d0e15adcf6970058,2020-02,Norfolk Constabulary,Norfolk Constabulary,1.692692,52.569687,On or near Kings Drive,E01026587,Great Yarmouth 013C,Violence and sexual offences,Unable to prosecute suspect,
,2020-02,Norfolk Constabulary,Norfolk Constabulary,1.731875,52.539512,On or near Barn Close,E01026588,Great Yarmouth 013D,Anti-social behaviour,,
,2020-02,Norfolk Constabulary,Norfolk Constabulary,1.726638,52.537950,On or near Gurney Close,E01026588,Great Yarmouth 013D,Anti-social behaviour,,
41409b3a43977d727b52cddfb92b7d08aab3515586023b7fd54fac3a0c1341b0,2020-02,Norfolk Constabulary,Norfolk Constabulary,1.734756,52.536264,On or near Beach Road,E01026588,Great Yarmouth 013D,Other theft,Awaiting court outcome,
0a4854a1958ea1de8283ae56d45b85cd2b9152d4da9fc48f1ef5760338ce6b1a,2020-02,Norfolk Constabulary,Norfolk Constabulary,1.734756,52.536264,On or near Beach Road,E01026588,Great Yarmouth 013D,Other theft,Investigation complete; no suspect identified,
29fa7477ee2b99af00f78ff490719a5bfe0da07b8896c37fd0319ab2931d31aa,2020-02,Norfolk Constabulary,Norfolk Constabulary,1.723456,52.537295,On or near Lushers Meadow Way,E01026588,Great Yarmouth 013D,Public order,Investigation complete; no suspect identified,
2f9720f0194cd136f358d1944eb67d438b4d1fa6d213faf2b6dbaabc99044daf,2020-02,Norfolk Constabulary,Norfolk Constabulary,1.718836,52.542144,On or near A12,E01026588,Great Yarmouth 013D,Violence and sexual offences,Unable to prosecute suspect,
c35a69a63058168b71aa058b6509f3c96840a658d6f2461ac6b60e36d70cd594,2020-02,Norfolk Constabulary,Norfolk Constabulary,1.723456,52.537295,On or near Lushers Meadow Way,E01026588,Great Yarmouth 013D,Violence and sexual offences,Investigation complete; no suspect identified,
0dae0e4a71cba260414dce8d44195e65dbb152d51b03f204548578ce975a8103,2020-02,Norfolk Constabulary,Norfolk Constabulary,0.041947,51.452354,On or near Eltham Hill,E01001661,Greenwich 029E,Violence and sexual offences,Status update unavailable,
08b5a07409f7053066fb35874db171e272f3329293716fc0c57e6b38e5881d34,2020-02,Norfolk Constabulary,Norfolk Constabulary,-0.194424,51.480549,On or near Shopping Area,E01001920,Hammersmith and Fulham 020A,Other crime,Status update unavailable,
246b73a5ad88ff69317269201b99b81aa413581d2e035660a26399dbba0c6257,2020-02,Norfolk Constabulary,Norfolk Constabulary,-0.979468,50.867365,On or near Billy Lawn Avenue,E01022903,Havant 008A,Violence and sexual offences,Status update unavailable,
,2020-02,Norfolk Constabulary,Norfolk Constabulary,1.181410,52.036286,On or near Supermarket,E01029983,Ipswich 016F,Anti-social behaviour,,
,2020-02,Norfolk Constabulary,Norfolk Constabulary,0.487168,52.936076,On or near Crescent Lane,E01026680,King's Lynn and West Norfolk 001A,Anti-social behaviour,,
374c89ea9d157a9c6325577b66658b1fb40c67fa540d9d638d1c391ccd59b395,2020-02,Norfolk Constabulary,Norfolk Constabulary,0.489757,52.933225,On or near Chatsworth Road,E01026680,King's Lynn and West Norfolk 001A,Vehicle crime,Unable to prosecute suspect,
f7839c4713c442b1fa13b678712c17ffa2422176b341b6975c0a5683b7a10275,2020-02,Norfolk Constabulary,Norfolk Constabulary,0.492249,52.936446,On or near Sandringham Road,E01026680,King's Lynn and West Norfolk 001A,Violence and sexual offences,Unable to prosecute suspect,
e61ad9fe8dc08cb73d74c2a8973de044feb9e65819f906e763b7b20b63637a97,2020-02,Norfolk Constabulary,Norfolk Constabulary,0.503131,52.952231,On or near Sea Lane,E01026681,King's Lynn and West Norfolk 001B,Burglary,Action to be taken by another organisation,
ef3f432da5833c239d6bb01b1bab3228bbe95642543c24a59c73b8b00d9a37d4,2020-02,Norfolk Constabulary,Norfolk Constabulary,0.528898,52.961091,On or near Beach Road,E01026681,King's Lynn and West Norfolk 001B,Other theft,Investigation complete; no suspect identified,
0ccc2401aaf1cbdfe4cfa4515ec1064d86d293683e24cb6b77c315957fb05f52,2020-02,Norfolk Constabulary,Norfolk Constabulary,0.528898,52.961091,On or near Beach Road,E01026681,King's Lynn and West Norfolk 001B,Other theft,Investigation complete; no suspect identified,
7be2c4ae8d4545fbe6ac329eac5d9c9d820c8d2ac8e7d0d093675fa9d429c097,2020-02,Norfolk Constabulary,Norfolk Constabulary,0.568205,52.934612,On or near Park/Open Space,E01026681,King's Lynn and West Norfolk 001B,Other theft,Investigation complete; no suspect identified,
c7825480a84f822531bb676571543ec160e8b69474a93417efe82310d60da224,2020-02,Norfolk Constabulary,Norfolk Constabulary,0.528898,52.961091,On or near Beach Road,E01026681,King's Lynn and West Norfolk 001B,Other theft,Investigation complete; no suspect identified,
,2020-02,Norfolk Constabulary,Norfolk Constabulary,0.495103,52.937690,On or near Downs Close,E01026682,King's Lynn and West Norfolk 001C,Anti-social behaviour,,
,2020-02,Norfolk Constabulary,Norfolk Constabulary,0.495103,52.937690,On or near Downs Close,E01026682,King's Lynn and West Norfolk 001C,Anti-social behaviour,,
2a925aaa6fd29cf49b38237f6eb4588564cb8946cbfdec50ec1617549b69e8f2,2020-02,Norfolk Constabulary,Norfolk Constabulary,0.496204,52.937154,On or near Downs Road,E01026682,King's Lynn and West Norfolk 001C,Criminal damage and arson,Investigation complete; no suspect identified,
11387ee5c09ce4bbf791b3bbaa17f69fa4932f04a1d939e4c6ad7a0c646729a7,2020-02,Norfolk Constabulary,Norfolk Constabulary,0.495103,52.937690,On or near Downs Close,E01026682,King's Lynn and West Norfolk 001C,Criminal damage and arson,Investigation complete; no suspect identified,
8edeedb877ae76bfb980483b0814e5f020884a3e1b17d7b4c1f8eb2091d4ecf7,2020-02,Norfolk Constabulary,Norfolk Constabulary,0.493123,52.943621,On or near York Avenue,E01026682,King's Lynn and West Norfolk 001C,Violence and sexual offences,Status update unavailable,
,2020-02,Norfolk Constabulary,Norfolk Constabulary,0.487775,52.938365,On or near Bus/Coach Station,E01026683,King's Lynn and West Norfolk 001D,Anti-social behaviour,,
,2020-02,Norfolk Constabulary,Norfolk Constabulary,0.488423,52.934350,On or near George Raines Close,E01026683,King's Lynn and West Norfolk 001D,Anti-social behaviour,,
d8439de0e770c15d28a7244d0fe3c66182f1b37685cef6cb34f1e3afff9ade9d,2020-02,Norfolk Constabulary,Norfolk Constabulary,0.488346,52.939234,On or near Theatre/Concert Hall,E01026683,King's Lynn and West Norfolk 001D,Burglary,Action to be taken by another organisation,
e2460523dbdd60e85fcd01658d94d21cc9db507323b7c064233d88b0034e7edd,2020-02,Norfolk Constabulary,Norfolk Constabulary,0.480234,52.930124,On or near South Beach Road,E01026683,King's Lynn and West Norfolk 001D,Drugs,Offender given penalty notice,
a1ace6c34059c351d2256f70160648f5d76370f891f61ce0587618734b586907,2020-02,Norfolk Constabulary,Norfolk Constabulary,0.487775,52.938365,On or near Bus/Coach Station,E01026683,King's Lynn and West Norfolk 001D,Drugs,Court result unavailable,
4be85f121bc1d33ec25aa77cec0bc488990878b160aa257e29b6e00e10abbdd9,2020-02,Norfolk Constabulary,Norfolk Constabulary,0.485772,52.935098,On or near Southend Road,E01026683,King's Lynn and West Norfolk 001D,Shoplifting,Court result unavailable,
2cbcb2dbb8ae4bebcb1eb00dceef182cadf4d2541ba8568e018e1095022a9005,2020-02,Norfolk Constabulary,Norfolk Constabulary,0.489706,52.939583,On or near High Street,E01026683,King's Lynn and West Norfolk 001D,Violence and sexual offences,Unable to prosecute suspect,
2a5b1f1e5114f72703ee0d0eb687a57f5888ec12931c18c012c1e990739d50dc,2020-02,Norfolk Constabulary,Norfolk Constabulary,0.489844,52.935768,On or near Nene Road,E01026683,King's Lynn and West Norfolk 001D,Violence and sexual offences,Unable to prosecute suspect,
4c11453881e4eb21f30205e93e3739f4cc1fd6bf7a19c290be40deec0c5c341e,2020-02,Norfolk Constabulary,Norfolk Constabulary,0.480234,52.930124,On or near South Beach Road,E01026683,King's Lynn and West Norfolk 001D,Violence and sexual offences,Unable to prosecute suspect,
b98c95b1ad9aa7071f0583c5542e777442490615ce73046d955bc5473263094a,2020-02,Norfolk Constabulary,Norfolk Constabulary,0.486978,52.938211,On or near Le Strange Terrace,E01026683,King's Lynn and West Norfolk 001D,Violence and sexual offences,Unable to prosecute suspect,
ff32fba3114b15243081a06a793092ffcc88224596e25130ffc5abbcf431252e,2020-02,Norfolk Constabulary,Norfolk Constabulary,0.485793,52.932868,On or near Petrol Station,E01026683,King's Lynn and West Norfolk 001D,Violence and sexual offences,Unable to prosecute suspect,
d8b51b275535984be530618eb103640b228683af915a9fe09a9bbb0f4d660899,2020-02,Norfolk Constabulary,Norfolk Constabulary,0.675056,52.965191,On or near Sports/Recreation Area,E01026645,King's Lynn and West Norfolk 002A,Other theft,Investigation complete; no suspect identified,
29058c5b9abd1ee0fd93afa8eaf9bf790bf650497c9920be63bd860d1093b2a5,2020-02,Norfolk Constabulary,Norfolk Constabulary,0.681888,52.964659,On or near Delgate Lane,E01026645,King's Lynn and West Norfolk 002A,Violence and sexual offences,Unable to prosecute suspect,
,2020-02,Norfolk Constabulary,Norfolk Constabulary,0.729679,52.940083,On or near Beacon Hill,E01026646,King's Lynn and West Norfolk 002B,Anti-social behaviour,,
943bd48168b2c27c3909b1e10ba4997648e3e5a66ce6aacc76aa1574f4304d09,2020-02,Norfolk Constabulary,Norfolk Constabulary,0.749824,52.950976,On or near Wells Road,E01026646,King's Lynn and West Norfolk 002B,Burglary,Unable to prosecute suspect,
c8a4182b873bc6bc4ce8ff730246e6d6871463f9cf104540645f3bdaa90af207,2020-02,Norfolk Constabulary,Norfolk Constabulary,0.729679,52.940083,On or near Beacon Hill,E01026646,King's Lynn and West Norfolk 002B,Criminal damage and arson,Investigation complete; no suspect identified,
ca03bf6a3d56301f72d18766df847ead2afaafd1fcd9de69717376ed258b4830,2020-02,Norfolk Constabulary,Norfolk Constabulary,0.729096,52.944530,On or near Sports/Recreation Area,E01026646,King's Lynn and West Norfolk 002B,Shoplifting,Investigation complete; no suspect identified,
07d48b30eba6ccad6b1bd918c245bbadb1c4d9835de152f750c8223595298e72,2020-02,Norfolk Constabulary,Norfolk Constabulary,0.730550,52.942329,On or near St Ethelberts Close,E01026646,King's Lynn and West Norfolk 002B,Vehicle crime,Unable to prosecute suspect,
63aa7bb9a16f60bd1edcdd9dd65168e69c81b9063d98366744a2bc9fea1ca169,2020-02,Norfolk Constabulary,Norfolk Constabulary,0.729181,52.946353,On or near North Street,E01026646,King's Lynn and West Norfolk 002B,Violence and sexual offences,Unable to prosecute suspect,
5a234c64417e8eb773fde9bcd9388a84de74d8dd760dbcffe076fd5f4618d18e,2020-02,Norfolk Constabulary,Norfolk Constabulary,0.725356,52.945416,On or near The Green,E01026646,King's Lynn and West Norfolk 002B,Violence and sexual offences,Unable to prosecute suspect,
1f09ef32b2ae7d2bf170cd105aa4f1cb1b7d567d499ce8dfe30778b19973545a,2020-02,Norfolk Constabulary,Norfolk Constabulary,0.755535,52.908724,On or near West Street,E01026646,King's Lynn and West Norfolk 002B,Violence and sexual offences,Unable to prosecute suspect,
3447042e2bf3d795b751a7fb3774692b7e736cb3d3d48ff606ba98bfd5515e93,2020-02,Norfolk Constabulary,Norfolk Constabulary,0.674927,52.923795,On or near Burnham Road,E01026646,King's Lynn and West Norfolk 002B,Violence and sexual offences,Unable to prosecute suspect,
dbec691881950a35acecf97d9b5615589bac6d6b2855cf91931cd259ca5403a8,2020-02,Norfolk Constabulary,Norfolk Constabulary,0.729096,52.944530,On or near Sports/Recreation Area,E01026646,King's Lynn and West Norfolk 002B,Violence and sexual offences,Unable to prosecute suspect,
d9a83647c18defdc46aac49a9fbc33de1a5b07e7e7965d51998265e13a60307e,2020-02,Norfolk Constabulary,Norfolk Constabulary,0.725220,52.945392,On or near The Green,E01026646,King's Lynn and West Norfolk 002B,Violence and sexual offences,Unable to prosecute suspect,
5146bad048043a975a5e3853c75dfe3b513445eb5c37f657bbf19b144826a6c0,2020-02,Norfolk Constabulary,Norfolk Constabulary,0.730502,52.940856,On or near Cambers Lane,E01026646,King's Lynn and West Norfolk 002B,Violence and sexual offences,Unable to prosecute suspect,
2121249f92a643b45f359c18e79747b43e41f67e1d07f1678432d40bdd0c9efb,2020-02,Norfolk Constabulary,Norfolk Constabulary,0.731089,52.946157,On or near Ulph Place,E01026646,King's Lynn and West Norfolk 002B,Violence and sexual offences,Unable to prosecute suspect,
78319a21762cb8dafbebc73ec09e19dca9b6a07c6f45dad48bc841a51be02cf2,2020-02,Norfolk Constabulary,Norfolk Constabulary,0.624057,52.903610,On or near Harefields,E01026656,King's Lynn and West Norfolk 002C,Burglary,Investigation complete; no suspect identified,
73f60c123489a10667db46bcb6cfaf7b59f5e3c37d26a7fc4e413d1fef8913ad,2020-02,Norfolk Constabulary,Norfolk Constabulary,0.660495,52.873081,On or near Hyde Close,E01026656,King's Lynn and West Norfolk 002C,Drugs,Offender given a drugs possession warning,
5610d581a4e1d62bf7fd52cbb62ee51479d9ec4c523f78c71a3a4013ef434e8f,2020-02,Norfolk Constabulary,Norfolk Constabulary,0.623381,52.904983,On or near Station Road,E01026656,King's Lynn and West Norfolk 002C,Violence and sexual offences,Unable to prosecute suspect,
532c68de58485a182e8775a37041f7c259b3cbd113242cde5ed89f4f17760158,2020-02,Norfolk Constabulary,Norfolk Constabulary,0.623381,52.904983,On or near Station Road,E01026656,King's Lynn and West Norfolk 002C,Other crime,Action to be taken by another organisation,
,2020-02,Norfolk Constabulary,Norfolk Constabulary,0.716491,52.820036,On or near Shaw'S Yard,E01026695,King's Lynn and West Norfolk 002D,Anti-social behaviour,,
7b33a539bb4ed4165f375e317bdefd53ebd46c2b310dfa4754cf596715b7435b,2020-02,Norfolk Constabulary,Norfolk Constabulary,0.700545,52.815418,On or near School Road,E01026695,King's Lynn and West Norfolk 002D,Criminal damage and arson,Investigation complete; no suspect identified,
13197b280b740271a75484969ae6ff9539358ae3d9eb62c49f2a01e4f757c0c7,2020-02,Norfolk Constabulary,Norfolk Constabulary,0.763895,52.883739,On or near Winston Drive,E01026695,King's Lynn and West Norfolk 002D,Vehicle crime,Unable to prosecute suspect,
,2020-02,Norfolk Constabulary,Norfolk Constabulary,0.491094,52.906231,On or near Malthouse Crescent,E01026676,King's Lynn and West Norfolk 003A,Anti-social behaviour,,
,2020-02,Norfolk Constabulary,Norfolk Constabulary,0.494205,52.909646,On or near New Row,E01026676,King's Lynn and West Norfolk 003A,Anti-social behaviour,,
,2020-02,Norfolk Constabulary,Norfolk Constabulary,0.494205,52.909646,On or near New Row,E01026676,King's Lynn and West Norfolk 003A,Anti-social behaviour,,
48a1323f6ee26fb01ee5475a389b27448c9fe646908d6f092b56c097805a50e3,2020-02,Norfolk Constabulary,Norfolk Constabulary,0.497445,52.909605,On or near Victoria Close,E01026676,King's Lynn and West Norfolk 003A,Criminal damage and arson,Investigation complete; no suspect identified,
d48be13476e4bbfbdf31e5a1f8386ba9f911ffbe2b77c9841547abc513abfd7e,2020-02,Norfolk Constabulary,Norfolk Constabulary,0.493301,52.906347,On or near Lords Lane,E01026676,King's Lynn and West Norfolk 003A,Drugs,Awaiting court outcome,
481f1802e5c3480ee233819693bfc3aa22a73c5505d98408ba653f6f4be1369e,2020-02,Norfolk Constabulary,Norfolk Constabulary,0.502675,52.907705,On or near Lynn Road,E01026676,King's Lynn and West Norfolk 003A,Other theft,Investigation complete; no suspect identified,
bd82cdad731056868cf6afd96393394d18c5884b332f6a59d8a889158e6e4617,2020-02,Norfolk Constabulary,Norfolk Constabulary,0.493301,52.906347,On or near Lords Lane,E01026676,King's Lynn and West Norfolk 003A,Other theft,Investigation complete; no suspect identified,
11f5297e16e7033429238ec6d183532dbe881c6f40bfe8fddb787f2c002e3cf3,2020-02,Norfolk Constabulary,Norfolk Constabulary,0.500156,52.911750,On or near St Mary'S Close,E01026676,King's Lynn and West Norfolk 003A,Possession of weapons,Formal action is not in the public interest,
f02a89e98c5bc890bfe2d330b3bd881910b8f50f1ff9256ea63a47bb935221cc,2020-02,Norfolk Constabulary,Norfolk Constabulary,0.497445,52.909605,On or near Victoria Close,E01026676,King's Lynn and West Norfolk 003A,Violence and sexual offences,Action to be taken by another organisation,
ed59a0f9e4c4d22b90d43a37ecfb75b6b3d7e53ed7f4c06d581b5bf4ab7b2263,2020-02,Norfolk Constabulary,Norfolk Constabulary,0.494205,52.909646,On or near New Row,E01026676,King's Lynn and West Norfolk 003A,Violence and sexual offences,Court result unavailable,
d3ce0f0472155b1d9f66f3560f0db0f4d4c03a468ffab1274336c17ff9cea62e,2020-02,Norfolk Constabulary,Norfolk Constabulary,0.497445,52.909605,On or near Victoria Close,E01026676,King's Lynn and West Norfolk 003A,Violence and sexual offences,Unable to prosecute suspect,
57698ef97b9fdb588e8b126dde20292e86d2a3645c55d1cc4cba6a4014a0ffb2,2020-02,Norfolk Constabulary,Norfolk Constabulary,0.494205,52.909646,On or near New Row,E01026676,King's Lynn and West Norfolk 003A,Violence and sexual offences,Unable to prosecute suspect,
129a2e7f05ab9ac2c8c51cdf0177e02d1bb70cc8471394b3193ef798084e7439,2020-02,Norfolk Constabulary,Norfolk Constabulary,0.497445,52.909605,On or near Victoria Close,E01026676,King's Lynn and West Norfolk 003A,Violence and sexual offences,Action to be taken by another organisation,
0999e641b7286223682b5bd0d00bcc9f502e84b24e2ef82068c988b247524ca4,2020-02,Norfolk Constabulary,Norfolk Constabulary,0.494488,52.908624,On or near High Street,E01026676,King's Lynn and West Norfolk 003A,Violence and sexual offences,Unable to prosecute suspect,
8a01193eec9040711c174fe6195cde660a0b351e1d5caceac86af364938bc579,2020-02,Norfolk Constabulary,Norfolk Constabulary,0.494205,52.909646,On or near New Row,E01026676,King's Lynn and West Norfolk 003A,Violence and sexual offences,Court result unavailable,
f8888af2c48cd94d0619929efdefb51e9d3df21501b3a39639bcc97e8a38cb71,2020-02,Norfolk Constabulary,Norfolk Constabulary,0.494488,52.908624,On or near High Street,E01026676,King's Lynn and West Norfolk 003A,Violence and sexual offences,Unable to prosecute suspect,
4325695c6205360641323017e438c5842f7455970d5e02739c5879d3e2b88327,2020-02,Norfolk Constabulary,Norfolk Constabulary,0.497445,52.909605,On or near Victoria Close,E01026676,King's Lynn and West Norfolk 003A,Violence and sexual offences,Unable to prosecute suspect,
77e56f9c8a5dcfc069b9a96266b58f7e5ae2b1a10d40406e4742b369db5cef0c,2020-02,Norfolk Constabulary,Norfolk Constabulary,0.490360,52.906930,On or near Collins Lane,E01026677,King's Lynn and West Norfolk 003B,Criminal damage and arson,Investigation complete; no suspect identified,
be0921f00fe68e75248e607b470b3aedeb25529bbbb305be156ef12cd200742a,2020-02,Norfolk Constabulary,Norfolk Constabulary,0.485255,52.903737,On or near Sandringham Drive,E01026677,King's Lynn and West Norfolk 003B,Criminal damage and arson,Investigation complete; no suspect identified,
3ed869e831acd1c9da7f1765ded2edaf429d8e23e99e27397f8fca8ab693b131,2020-02,Norfolk Constabulary,Norfolk Constabulary,0.488018,52.907051,On or near Staithe Road,E01026677,King's Lynn and West Norfolk 003B,Criminal damage and arson,Investigation complete; no suspect identified,
788cffd459c0202a7d69ef23328df2bbe334ca7572ac116abad08eabb13dc244,2020-02,Norfolk Constabulary,Norfolk Constabulary,0.488018,52.907051,On or near Staithe Road,E01026677,King's Lynn and West Norfolk 003B,Criminal damage and arson,Investigation complete; no suspect identified,
204061312dcd0306b5e76ca1c1323da50d6503fa6bf038ed224e129c1ef7eab3,2020-02,Norfolk Constabulary,Norfolk Constabulary,0.493515,52.908258,On or near Joyce Lane,E01026677,King's Lynn and West Norfolk 003B,Violence and sexual offences,Local resolution,
7049f1a864f25cb418fa7702863a12aa4733e4995f0f02e9276dbb505a8d9554,2020-02,Norfolk Constabulary,Norfolk Constabulary,0.490335,52.901563,On or near Cheney Crescent,E01026677,King's Lynn and West Norfolk 003B,Violence and sexual offences,Unable to prosecute suspect,
99d8c893803440831641c4e679ecf8e29339069368aae851b4491396d7e4e4e6,2020-02,Norfolk Constabulary,Norfolk Constabulary,0.485451,52.902492,On or near Folgate Road,E01026677,King's Lynn and West Norfolk 003B,Other crime,Action to be taken by another organisation,
,2020-02,Norfolk Constabulary,Norfolk Constabulary,0.476429,52.917427,On or near North Beach,E01026678,King's Lynn and West Norfolk 003C,Anti-social behaviour,,
,2020-02,Norfolk Constabulary,Norfolk Constabulary,0.476429,52.917427,On or near North Beach,E01026678,King's Lynn and West Norfolk 003C,Anti-social behaviour,,
,2020-02,Norfolk Constabulary,Norfolk Constabulary,0.483709,52.909722,On or near Wilton Road,E01026678,King's Lynn and West Norfolk 003C,Anti-social behaviour,,
,2020-02,Norfolk Constabulary,Norfolk Constabulary,0.476429,52.917427,On or near North Beach,E01026678,King's Lynn and West Norfolk 003C,Anti-social behaviour,,
a04c0ca5dbc0648932b8af974d3e5eaa04c51b50ef928f207d367d10bcd8c545,2020-02,Norfolk Constabulary,Norfolk Constabulary,0.476828,52.909290,On or near Seabank Road,E01026678,King's Lynn and West Norfolk 003C,Public order,Unable to prosecute suspect,
88ce58b2395a66b339d9af05d9b0c961a761711f0408ab1bf9aafc4ff3d6e74d,2020-02,Norfolk Constabulary,Norfolk Constabulary,0.483996,52.904600,On or near Johnson Crescent,E01026678,King's Lynn and West Norfolk 003C,Violence and sexual offences,Unable to prosecute suspect,
b2837f287b9d50270b6cb7dbdf45a82d0251cd1c0819acfc1c4b14e3525cc525,2020-02,Norfolk Constabulary,Norfolk Constabulary,0.490945,52.873568,On or near Sweetbriar Close,E01026701,King's Lynn and West Norfolk 003D,Other theft,Investigation complete; no suspect identified,
8c6a90216c4a435d529ab074a1e5a352b705f5a5915a4e926067d25394ea723a,2020-02,Norfolk Constabulary,Norfolk Constabulary,0.493791,52.872672,On or near Ingolside,E01026701,King's Lynn and West Norfolk 003D,Violence and sexual offences,Unable to prosecute suspect,
,2020-02,Norfolk Constabulary,Norfolk Constabulary,0.504254,52.877595,On or near Lancaster Place,E01026702,King's Lynn and West Norfolk 003E,Anti-social behaviour,,
,2020-02,Norfolk Constabulary,Norfolk Constabulary,0.572785,52.886128,On or near Fring Road,E01026703,King's Lynn and West Norfolk 003F,Anti-social behaviour,,
1b9bac2e6a21edbbdcfb4813dd241f923ab766a4e0ed547149ac30be0ef4fc43,2020-02,Norfolk Constabulary,Norfolk Constabulary,0.541870,52.901451,On or near Jarvie Close,E01026703,King's Lynn and West Norfolk 003F,Violence and sexual offences,Unable to prosecute suspect,
909799a26ddebaba817b2dc6298989ba7a5683312d51d7d6fbc5b06dfd62b00d,2020-02,Norfolk Constabulary,Norfolk Constabulary,0.541870,52.901451,On or near Jarvie Close,E01026703,King's Lynn and West Norfolk 003F,Violence and sexual offences,Unable to prosecute suspect,
f4cb6d382cc23284de6503a884ff4e26119adc81a4ace166a3f0214c577f310e,2020-02,Norfolk Constabulary,Norfolk Constabulary,0.494141,52.846139,On or near Viceroy Close,E01026653,King's Lynn and West Norfolk 004A,Criminal damage and arson,Local resolution,
841c46e46968ef9932596e4ae50957a2898d64b85e9202641438ef011b0a3a83,2020-02,Norfolk Constabulary,Norfolk Constabulary,0.496278,52.843513,On or near Reynolds Way,E01026653,King's Lynn and West Norfolk 004A,Public order,Unable to prosecute suspect,
f3479a9db73804b42bd4919650a00a74688fb25f4ba748e6af70d107058dac73,2020-02,Norfolk Constabulary,Norfolk Constabulary,0.501781,52.851670,On or near Woodside Avenue,E01026653,King's Lynn and West Norfolk 004A,Violence and sexual offences,Action to be taken by another organisation,
,2020-02,Norfolk Constabulary,Norfolk Constabulary,0.507612,52.841000,On or near Holyrood Drive,E01026654,King's Lynn and West Norfolk 004B,Anti-social behaviour,,
985787fc127a55ff94651d5baf7a5577259488cd404c2e1173b399a88a355168,2020-02,Norfolk Constabulary,Norfolk Constabulary,0.504706,52.845979,On or near Post Office Road,E01026654,King's Lynn and West Norfolk 004B,Violence and sexual offences,Unable to prosecute suspect,
73b6ca47ca88d21a0e19e87908b67a0f4c3ae66898943efb55fcf2246e7e52ac,2020-02,Norfolk Constabulary,Norfolk Constabulary,0.499342,52.843602,On or near Wallace Twite Way,E01026654,King's Lynn and West Norfolk 004B,Violence and sexual offences,Formal action is not in the public interest,
b9ead7fff0fe6b253c453126b05807068db66aad585aaa99a1de8a1af972cfa6,2020-02,Norfolk Constabulary,Norfolk Constabulary,0.506853,52.841231,On or near Balmoral Close,E01026654,King's Lynn and West Norfolk 004B,Violence and sexual offences,Unable to prosecute suspect,
a620f078868151480826b85c6ab02bb124a735810de1eb11b3f83eb62f489f83,2020-02,Norfolk Constabulary,Norfolk Constabulary,0.507991,52.842682,On or near Edinburgh Way,E01026654,King's Lynn and West Norfolk 004B,Other crime,Unable to prosecute suspect,
70a1cd62d6a10f5affca3ea80ce9331990a513561ded569eb681c45602e42759,2020-02,Norfolk Constabulary,Norfolk Constabulary,0.513317,52.844386,On or near Church Lane,E01026655,King's Lynn and West Norfolk 004C,Other theft,Investigation complete; no suspect identified,
fb82890ce2a1e27b8cd3ff031184b6cebb3ebaffbd952fcdf62cc86fad27cb34,2020-02,Norfolk Constabulary,Norfolk Constabulary,0.508084,52.840171,On or near Dersingham Police Station,E01026655,King's Lynn and West Norfolk 004C,Violence and sexual offences,Unable to prosecute suspect,
fd2a82a2eb4995e9c389dcd52866195a0abbc42c7194b028fe69ecaac8723a01,2020-02,Norfolk Constabulary,Norfolk Constabulary,0.608460,52.800907,On or near Parking Area,E01026718,King's Lynn and West Norfolk 004D,Criminal damage and arson,Investigation complete; no suspect identified,
288b2fde2441ce8ab3f13bcbe8ec7b2243f93caacb94e46ca7b899d715f90189,2020-02,Norfolk Constabulary,Norfolk Constabulary,0.664764,52.772751,On or near School Road,E01026718,King's Lynn and West Norfolk 004D,Criminal damage and arson,Investigation complete; no suspect identified,
5bcecb1f2ff7451896cd333771ee14d704e7f5bd1bf733a5b82bfb23a8eb66a8,2020-02,Norfolk Constabulary,Norfolk Constabulary,0.660499,52.780121,On or near Charles Dewar Close,E01026718,King's Lynn and West Norfolk 004D,Criminal damage and arson,Unable to prosecute suspect,
0afa19ae5bb22a2fb9ed65ccca18a123630c73b7c8ae6fc0d7399b9de9167562,2020-02,Norfolk Constabulary,Norfolk Constabulary,0.660499,52.780121,On or near Charles Dewar Close,E01026718,King's Lynn and West Norfolk 004D,Violence and sexual offences,Unable to prosecute suspect,
eea7e37f4d472635a8ddd3168d822a8a2b1247c56858717170698dd23d02b586,2020-02,Norfolk Constabulary,Norfolk Constabulary,0.443440,52.792471,On or near Little Carr Road,E01026691,King's Lynn and West Norfolk 005A,Criminal damage and arson,Formal action is not in the public interest,
697ff3a556afc8295f6fa54eac1a82bbfcd701b22832f02b3f28ae85392d2be5,2020-02,Norfolk Constabulary,Norfolk Constabulary,0.439932,52.791284,On or near Buckingham Close,E01026691,King's Lynn and West Norfolk 005A,Criminal damage and arson,Unable to prosecute suspect,
5d037e672c4d62b3a2b5556ab28484b8c0dadaa731fe545c07768d53d746b29b,2020-02,Norfolk Constabulary,Norfolk Constabulary,0.438486,52.790621,On or near Priory Road,E01026691,King's Lynn and West Norfolk 005A,Criminal damage and arson,Unable to prosecute suspect,
,2020-02,Norfolk Constabulary,Norfolk Constabulary,0.436284,52.790235,On or near Meadow Close,E01026692,King's Lynn and West Norfolk 005B,Anti-social behaviour,,
702f96b80b1eb2664147cb4c48381fde5bd864ca7328b8149b2d9b348403a237,2020-02,Norfolk Constabulary,Norfolk Constabulary,0.437601,52.788311,On or near Stock Lea Road,E01026692,King's Lynn and West Norfolk 005B,Criminal damage and arson,Unable to prosecute suspect,
,2020-02,Norfolk Constabulary,Norfolk Constabulary,0.437054,52.784375,On or near Walton Close,E01026708,King's Lynn and West Norfolk 005C,Anti-social behaviour,,
,2020-02,Norfolk Constabulary,Norfolk Constabulary,0.437054,52.784375,On or near Walton Close,E01026708,King's Lynn and West Norfolk 005C,Anti-social behaviour,,
e779019a45e2936d175a3da14437b3adcc8a741113f3ef3cef7c3f16d6c006a3,2020-02,Norfolk Constabulary,Norfolk Constabulary,0.433034,52.783297,On or near Blackthorn Road,E01026708,King's Lynn and West Norfolk 005C,Criminal damage and arson,Investigation complete; no suspect identified,
0e6ce96d201940aaa49b0f373df77e9193b160080bff76c9b5fc4f200c9adfa0,2020-02,Norfolk Constabulary,Norfolk Constabulary,0.431318,52.777785,On or near Church Lane,E01026708,King's Lynn and West Norfolk 005C,Other theft,Investigation complete; no suspect identified,
3496f8df3376c74d538b31633ed3ecb3da0924bb343203d5dac7934a312a1695,2020-02,Norfolk Constabulary,Norfolk Constabulary,0.431318,52.777785,On or near Church Lane,E01026708,King's Lynn and West Norfolk 005C,Other theft,Investigation complete; no suspect identified,
4141e019edc01dfe867a39fb6d46895d9a3e2a8dcd8caca48f8e82311501eb32,2020-02,Norfolk Constabulary,Norfolk Constabulary,0.431318,52.777785,On or near Church Lane,E01026708,King's Lynn and West Norfolk 005C,Other theft,Investigation complete; no suspect identified,
f0b634040c30085183c5f377b822adfce43b6cbab8c86b88ca5b05adc1ab49a1,2020-02,Norfolk Constabulary,Norfolk Constabulary,0.432617,52.775546,On or near Elmhurst Drive,E01026708,King's Lynn and West Norfolk 005C,Violence and sexual offences,Investigation complete; no suspect identified,
79484abb852e0df21ee760af04dad4947947889f4c44aa9f6339beda202247a5,2020-02,Norfolk Constabulary,Norfolk Constabulary,0.442925,52.774552,On or near Barley Close,E01026709,King's Lynn and West Norfolk 005D,Criminal damage and arson,Unable to prosecute suspect,
52f3b7ca6a920fa2056d06401c878eefdc4f205b31c7b9c0ab6a4ca296d41b58,2020-02,Norfolk Constabulary,Norfolk Constabulary,0.443334,52.774957,On or near Consort Road,E01026709,King's Lynn and West Norfolk 005D,Criminal damage and arson,Investigation complete; no suspect identified,
ca83c3be9d0c1fa6ea1cc31c07466bebc69c0d262aa672a824d99c2d4e883d7e,2020-02,Norfolk Constabulary,Norfolk Constabulary,0.443334,52.774957,On or near Consort Road,E01026709,King's Lynn and West Norfolk 005D,Criminal damage and arson,Investigation complete; no suspect identified,
aa03f86da544cc2b64f37993dabb555dce7e9a58483648833e646e51993d68e0,2020-02,Norfolk Constabulary,Norfolk Constabulary,0.435934,52.780774,On or near Hazel Close,E01026709,King's Lynn and West Norfolk 005D,Other crime,Unable to prosecute suspect,
70e53e1c75424906e8eab2a3100e637eebcf76285c706b1cb6902073808a5fd3,2020-02,Norfolk Constabulary,Norfolk Constabulary,0.447674,52.774364,On or near Langley Road,E01026710,King's Lynn and West Norfolk 005E,Burglary,Investigation complete; no suspect identified,
538b2207d6b66ab39f5385888fadb804233bfb3cfa559bc332f830f9c3065ed2,2020-02,Norfolk Constabulary,Norfolk Constabulary,0.460078,52.776877,On or near Grimston Road,E01026710,King's Lynn and West Norfolk 005E,Criminal damage and arson,Investigation complete; no suspect identified,
26c3260666fbbf66a7d9f5bd50c4b297077b42c99548d881552f7d27549145e7,2020-02,Norfolk Constabulary,Norfolk Constabulary,0.460078,52.776877,On or near Grimston Road,E01026710,King's Lynn and West Norfolk 005E,Public order,Unable to prosecute suspect,
b6941e12a0c4432796ff48b36b80f270718f93e4febd1fec278694728c5297cc,2020-02,Norfolk Constabulary,Norfolk Constabulary,0.447674,52.774364,On or near Langley Road,E01026710,King's Lynn and West Norfolk 005E,Shoplifting,Investigation complete; no suspect identified,
34d9341182d8da5309f33ece4102b8a4abed43a96843b9d26827a8e74c994af8,2020-02,Norfolk Constabulary,Norfolk Constabulary,0.449367,52.773349,On or near Wimpole Drive,E01026710,King's Lynn and West Norfolk 005E,Violence and sexual offences,Unable to prosecute suspect,
8ad8afb7b2156c9d35f2042e603e8aa75b93d99e6057e1d82442680f697ffc98,2020-02,Norfolk Constabulary,Norfolk Constabulary,0.449367,52.773349,On or near Wimpole Drive,E01026710,King's Lynn and West Norfolk 005E,Violence and sexual offences,Status update unavailable,
25315c60670d3e4399fdee1dc3efdfc8da2a09c56d324dbaa7e40e7dfe013360,2020-02,Norfolk Constabulary,Norfolk Constabulary,0.454373,52.775628,On or near Windermere Road,E01026710,King's Lynn and West Norfolk 005E,Other crime,Action to be taken by another organisation,
b8ccd692d81fb4e952fd42e800fb1af422f0706cc64ce61c5f8eaa9270855e68,2020-02,Norfolk Constabulary,Norfolk Constabulary,0.426622,52.771470,On or near Clifton Road,E01026669,King's Lynn and West Norfolk 006A,Criminal damage and arson,Investigation complete; no suspect identified,
286b1844263209e7a71284515e345f81d128817eac48461f47ec6b6992c4113a,2020-02,Norfolk Constabulary,Norfolk Constabulary,0.426283,52.766172,On or near Folly Grove,E01026669,King's Lynn and West Norfolk 006A,Criminal damage and arson,Investigation complete; no suspect identified,
729e24d1a44e7c854ced67915cd7776997aaf302ed4cdbaad17ddd858f112b69,2020-02,Norfolk Constabulary,Norfolk Constabulary,0.425510,52.767464,On or near Crofters Close,E01026669,King's Lynn and West Norfolk 006A,Other theft,Unable to prosecute suspect,
5993fe5d4e4a796c1aa27657143fad2a85e76cdb842007ebadbc937db6e3c793,2020-02,Norfolk Constabulary,Norfolk Constabulary,0.429627,52.769781,On or near Petrol Station,E01026669,King's Lynn and West Norfolk 006A,Other theft,Unable to prosecute suspect,
a1e790c4b41fddb5b2c04ad3c7c64e98400b0d8afdf36f7987bb4189151b96c6,2020-02,Norfolk Constabulary,Norfolk Constabulary,0.430936,52.770662,On or near Willow Park,E01026669,King's Lynn and West Norfolk 006A,Public order,Unable to prosecute suspect,
feac3803fc360d10a5464edbafa5a4639630f8251f578fc7de2ae88585a49c55,2020-02,Norfolk Constabulary,Norfolk Constabulary,0.428144,52.765774,On or near Meadowvale Gardens,E01026669,King's Lynn and West Norfolk 006A,Violence and sexual offences,Court result unavailable,
2f731ac5bac75091abd04133386d4d18e734c781215e35e5a393f71047296b68,2020-02,Norfolk Constabulary,Norfolk Constabulary,0.425579,52.770043,On or near Penrose Close,E01026669,King's Lynn and West Norfolk 006A,Other crime,Formal action is not in the public interest,
,2020-02,Norfolk Constabulary,Norfolk Constabulary,0.420864,52.766013,On or near Aconite Road,E01026670,King's Lynn and West Norfolk 006B,Anti-social behaviour,,
49dc31e4b8ba792331ca0ba66b4901b57d5e6355ec6533aac4f72bc11eacdbd1,2020-02,Norfolk Constabulary,Norfolk Constabulary,0.421039,52.769974,On or near Whisson Close,E01026670,King's Lynn and West Norfolk 006B,Drugs,Court result unavailable,
b6bc18c1c9ae8775b21e4d9bf14c6334f71ff5eb90aca626f16e4cbf3e0bc145,2020-02,Norfolk Constabulary,Norfolk Constabulary,0.420864,52.766013,On or near Aconite Road,E01026670,King's Lynn and West Norfolk 006B,Violence and sexual offences,Unable to prosecute suspect,
b61345ed8596850df751b2922a920457348ca4ffa89e92da50e36224a686ad6f,2020-02,Norfolk Constabulary,Norfolk Constabulary,0.422187,52.769025,On or near Galyon Road,E01026670,King's Lynn and West Norfolk 006B,Violence and sexual offences,Action to be taken by another organisation,
8320328f16626dce3ca64c2d45517a9b21478ece46069238d5ba06656f9fe3ea,2020-02,Norfolk Constabulary,Norfolk Constabulary,0.422263,52.771730,On or near Carter'S Close,E01026670,King's Lynn and West Norfolk 006B,Violence and sexual offences,Unable to prosecute suspect,
6005810ed53e091623cd797eede1ea91bc73f60ccd2ddc44497096026cdb0480,2020-02,Norfolk Constabulary,Norfolk Constabulary,0.422187,52.769025,On or near Galyon Road,E01026670,King's Lynn and West Norfolk 006B,Violence and sexual offences,Unable to prosecute suspect,
a10f23599e74348b1ae4b646b4cb1bab6b064ddc1ba07accf569ad58296b0c4f,2020-02,Norfolk Constabulary,Norfolk Constabulary,0.422187,52.769025,On or near Galyon Road,E01026670,King's Lynn and West Norfolk 006B,Violence and sexual offences,Action to be taken by another organisation,
bdb011d09cbcdf433e0a9c9c1bc6e7f2ad3c626c515e362e45701e6197ebdb6c,2020-02,Norfolk Constabulary,Norfolk Constabulary,0.420864,52.766013,On or near Aconite Road,E01026670,King's Lynn and West Norfolk 006B,Violence and sexual offences,Unable to prosecute suspect,
632d47cd431aded42e4a4841b1b2bf74308a748db84673e23b930b1b44e65714,2020-02,Norfolk Constabulary,Norfolk Constabulary,0.422263,52.771730,On or near Carter'S Close,E01026670,King's Lynn and West Norfolk 006B,Violence and sexual offences,Unable to prosecute suspect,
5de13ab95c565d960d21a541bc61210762c23e8a395757f16c5eb4aaebd2eae7,2020-02,Norfolk Constabulary,Norfolk Constabulary,0.420127,52.769301,On or near Somersby Close,E01026670,King's Lynn and West Norfolk 006B,Violence and sexual offences,Unable to prosecute suspect,
07538f70529ead108daf896abc23385fd2a75105f133cd33eea4fe4437dbef1c,2020-02,Norfolk Constabulary,Norfolk Constabulary,0.422187,52.769025,On or near Galyon Road,E01026670,King's Lynn and West Norfolk 006B,Violence and sexual offences,Action to be taken by another organisation,
911ab174d1fbd04984e3986c054175237b137e0c64d196fa980ee84a25a40206,2020-02,Norfolk Constabulary,Norfolk Constabulary,0.420864,52.766013,On or near Aconite Road,E01026670,King's Lynn and West Norfolk 006B,Violence and sexual offences,Investigation complete; no suspect identified,
882d5f5ecf9ca997641ef8c02bd279d0082c02c17e81ce68898a4ed5b2a388e5,2020-02,Norfolk Constabulary,Norfolk Constabulary,0.422187,52.769025,On or near Galyon Road,E01026670,King's Lynn and West Norfolk 006B,Violence and sexual offences,Action to be taken by another organisation,
083622a64911b530cdd518b83cb5ec87c9112f9f73fb0c5ed1f496cc1ab3d4db,2020-02,Norfolk Constabulary,Norfolk Constabulary,0.420127,52.769301,On or near Somersby Close,E01026670,King's Lynn and West Norfolk 006B,Violence and sexual offences,Unable to prosecute suspect,
792ff76769c95c8ad72ddec7a80cc24d1ceab80ea7e30b054310efaf4ea9e592,2020-02,Norfolk Constabulary,Norfolk Constabulary,0.422187,52.769025,On or near Galyon Road,E01026670,King's Lynn and West Norfolk 006B,Other crime,Action to be taken by another organisation,
15cca9c409152c92cdb3e9733465a600011338c8f735313ee48b41d9e3c33795,2020-02,Norfolk Constabulary,Norfolk Constabulary,0.422187,52.769025,On or near Galyon Road,E01026670,King's Lynn and West Norfolk 006B,Other crime,Action to be taken by another organisation,
9df773c0b789a11fd26af1392d28cec72d7b65419c8840f82f8bd229175ee4b9,2020-02,Norfolk Constabulary,Norfolk Constabulary,0.436483,52.769100,On or near Grafton Road,E01026671,King's Lynn and West Norfolk 006C,Criminal damage and arson,Investigation complete; no suspect identified,
29768bb0faa33015d1af74b40f0ae445e3aed0ad7b689ac1ba0d83a650e21a79,2020-02,Norfolk Constabulary,Norfolk Constabulary,0.432066,52.767258,On or near Russett Close,E01026671,King's Lynn and West Norfolk 006C,Drugs,Offender given a drugs possession warning,
e282719187b10d3aafa157f42534e919cc9c2069c09ae0792d723211f4155b9a,2020-02,Norfolk Constabulary,Norfolk Constabulary,0.433625,52.769968,On or near Brancaster Close,E01026671,King's Lynn and West Norfolk 006C,Other theft,Investigation complete; no suspect identified,
90b56bd19a5262ca6deb2e73aef692a63b377a92ebccb13624f1e4a834ae3f2b,2020-02,Norfolk Constabulary,Norfolk Constabulary,0.433625,52.769968,On or near Brancaster Close,E01026671,King's Lynn and West Norfolk 006C,Public order,Unable to prosecute suspect,
278f6d0173f59ad535054e36b32e3553daaf553a66cf275a01dcb354bc05c9f0,2020-02,Norfolk Constabulary,Norfolk Constabulary,0.435178,52.773093,On or near Driftway,E01026672,King's Lynn and West Norfolk 006D,Public order,Unable to prosecute suspect,
577b2d236141b00ab0d92b14bf376c1be5b0f0a63830cd96f2741678951376fb,2020-02,Norfolk Constabulary,Norfolk Constabulary,0.444510,52.769754,On or near Chew Court,E01026672,King's Lynn and West Norfolk 006D,Violence and sexual offences,Local resolution,
,2020-02,Norfolk Constabulary,Norfolk Constabulary,0.445128,52.769147,On or near Lexham Road,E01026673,King's Lynn and West Norfolk 006E,Anti-social behaviour,,
,2020-02,Norfolk Constabulary,Norfolk Constabulary,0.405786,52.759791,On or near Smith Avenue,E01026687,King's Lynn and West Norfolk 007A,Anti-social behaviour,,
,2020-02,Norfolk Constabulary,Norfolk Constabulary,0.409071,52.761847,On or near Salter'S Road,E01026687,King's Lynn and West Norfolk 007A,Anti-social behaviour,,
,2020-02,Norfolk Constabulary,Norfolk Constabulary,0.407770,52.762179,On or near Salter'S Road,E01026687,King's Lynn and West Norfolk 007A,Anti-social behaviour,,
,2020-02,Norfolk Constabulary,Norfolk Constabulary,0.407770,52.762179,On or near Salter'S Road,E01026687,King's Lynn and West Norfolk 007A,Anti-social behaviour,,
,2020-02,Norfolk Constabulary,Norfolk Constabulary,0.407770,52.762179,On or near Salter'S Road,E01026687,King's Lynn and West Norfolk 007A,Anti-social behaviour,,
14374adf56ae41ec47e75b3a9412c3ab36c44e084f4d2d2abe788cb05f15cde5,2020-02,Norfolk Constabulary,Norfolk Constabulary,0.412430,52.761473,On or near Greenpark Avenue,E01026687,King's Lynn and West Norfolk 007A,Criminal damage and arson,Investigation complete; no suspect identified,
3dfbf0bbe02ef1d00d89438e8661086a06a1a9f892e743566d08dd6d2eab46c9,2020-02,Norfolk Constabulary,Norfolk Constabulary,0.404900,52.763091,On or near Losinga Road,E01026687,King's Lynn and West Norfolk 007A,Criminal damage and arson,Unable to prosecute suspect,
3ce480e6cad0154ec04155c46a60a3b0cff7cb96924e2c3b56c0352940bc0184,2020-02,Norfolk Constabulary,Norfolk Constabulary,0.404029,52.765033,On or near Lawrence Road,E01026687,King's Lynn and West Norfolk 007A,Drugs,Court result unavailable,
5286feccd86ea6d1dc13423c4dbb8b7728cf39a6c427a5118132abf810e7f70a,2020-02,Norfolk Constabulary,Norfolk Constabulary,0.403100,52.765385,On or near Walpole Road,E01026687,King's Lynn and West Norfolk 007A,Other theft,Unable to prosecute suspect,
bd43adac4a366a3219b7e775c9671f92b30f3dd45d68c8c1d390da2b5663891c,2020-02,Norfolk Constabulary,Norfolk Constabulary,0.404330,52.762698,On or near Anderson Close,E01026687,King's Lynn and West Norfolk 007A,Possession of weapons,Unable to prosecute suspect,
6802461faf2371880f9f6bfac809c226fa5b2a539020808a18c473c4972d4a3f,2020-02,Norfolk Constabulary,Norfolk Constabulary,0.405786,52.759791,On or near Smith Avenue,E01026687,King's Lynn and West Norfolk 007A,Public order,Court result unavailable,
cefc080d02442bd39dd91677682d60431bd5c2ad75e8e0766f5e264ad6713eb7,2020-02,Norfolk Constabulary,Norfolk Constabulary,0.409156,52.761782,On or near Greenpark Avenue,E01026687,King's Lynn and West Norfolk 007A,Public order,Unable to prosecute suspect,
cb7280b638d6e257a3603df77f360ab7dca3e3bf989e4ea70d5c0cea3121b70e,2020-02,Norfolk Constabulary,Norfolk Constabulary,0.404029,52.765033,On or near Lawrence Road,E01026687,King's Lynn and West Norfolk 007A,Theft from the person,Unable to prosecute suspect,
0d1baa00b42234f79a7f4ffaf5ea872e15f2290f5ae180bc12246a67ede45375,2020-02,Norfolk Constabulary,Norfolk Constabulary,0.406977,52.766070,On or near Coulton Close,E01026687,King's Lynn and West Norfolk 007A,Violence and sexual offences,Investigation complete; no suspect identified,
f532f6d62aca1c1a2a312b729b84022d3b3824ea3cacf2cf23ba629336b2f16b,2020-02,Norfolk Constabulary,Norfolk Constabulary,0.404029,52.765033,On or near Lawrence Road,E01026687,King's Lynn and West Norfolk 007A,Violence and sexual offences,Unable to prosecute suspect,
51b94b3ce89637a9a506da4ac20c5093bc12ec02a84d2348379f888dae41194d,2020-02,Norfolk Constabulary,Norfolk Constabulary,0.404900,52.763091,On or near Losinga Road,E01026687,King's Lynn and West Norfolk 007A,Violence and sexual offences,Unable to prosecute suspect,
018b3d799463614222f5afb2e162d84ad901af14ba0009726d610eed2d1bcde4,2020-02,Norfolk Constabulary,Norfolk Constabulary,0.409156,52.761782,On or near Greenpark Avenue,E01026687,King's Lynn and West Norfolk 007A,Violence and sexual offences,Unable to prosecute suspect,
5a9a682beca806ef5f74db4cf412a160cb0a53baf6dac78fa1c981668962f8d2,2020-02,Norfolk Constabulary,Norfolk Constabulary,0.409156,52.761782,On or near Greenpark Avenue,E01026687,King's Lynn and West Norfolk 007A,Violence and sexual offences,Unable to prosecute suspect,
66ddd185bd7a81e4cc1c6c2192618c30da814c110122b1b1f848ac1f88290176,2020-02,Norfolk Constabulary,Norfolk Constabulary,0.406977,52.766070,On or near Coulton Close,E01026687,King's Lynn and West Norfolk 007A,Violence and sexual offences,Unable to prosecute suspect,
5e13a2af699f6945efdcb48f49e090ca1c36f3833caa3f5deee74ce201fdd546,2020-02,Norfolk Constabulary,Norfolk Constabulary,0.404330,52.762698,On or near Anderson Close,E01026687,King's Lynn and West Norfolk 007A,Violence and sexual offences,Unable to prosecute suspect,
826dc8c2ff1eed4b4364238bc8031495a95b224a2501a32a427ec8c4de4708d6,2020-02,Norfolk Constabulary,Norfolk Constabulary,0.409156,52.761782,On or near Greenpark Avenue,E01026687,King's Lynn and West Norfolk 007A,Violence and sexual offences,Unable to prosecute suspect,
f42ba8bab1d44bc01c7000d8ce4067706026cf6c86858bc79020f413c80762d2,2020-02,Norfolk Constabulary,Norfolk Constabulary,0.404029,52.765033,On or near Lawrence Road,E01026687,King's Lynn and West Norfolk 007A,Violence and sexual offences,Unable to prosecute suspect,
,2020-02,Norfolk Constabulary,Norfolk Constabulary,0.403374,52.766872,On or near Parking Area,E01026688,King's Lynn and West Norfolk 007B,Anti-social behaviour,,
4cbf720d32ecc09b79c8b02d09a6e07f7d13480f6be096b44ac2fc83e3e2514a,2020-02,Norfolk Constabulary,Norfolk Constabulary,0.403704,52.763439,On or near Turbus Road,E01026688,King's Lynn and West Norfolk 007B,Criminal damage and arson,Unable to prosecute suspect,
6db8f374e380f0d77b7aba22071c4d1ff87d87ea6a0ea66a99a5371aa11d36a5,2020-02,Norfolk Constabulary,Norfolk Constabulary,0.408354,52.765233,On or near Culey Close,E01026688,King's Lynn and West Norfolk 007B,Criminal damage and arson,Unable to prosecute suspect,
81b02dde22b94f991bf3fb9db549351fbdcf70bda592e83abfcc179341cff060,2020-02,Norfolk Constabulary,Norfolk Constabulary,0.403704,52.763439,On or near Turbus Road,E01026688,King's Lynn and West Norfolk 007B,Criminal damage and arson,Investigation complete; no suspect identified,
a16c5786c1d3e7035940578121c0b2ae4f711f25d97fd9e470ee4624a5ce8a68,2020-02,Norfolk Constabulary,Norfolk Constabulary,0.401252,52.767913,On or near Jeffery Close,E01026688,King's Lynn and West Norfolk 007B,Criminal damage and arson,Local resolution,
b443da57e7813609ac11a51be76cd2e7a36cf05ad97da4180cf0012a571dd0c5,2020-02,Norfolk Constabulary,Norfolk Constabulary,0.406348,52.767027,On or near Nottingham Road,E01026688,King's Lynn and West Norfolk 007B,Drugs,Awaiting court outcome,
1b67b7947639eb5d7e8fc8c37bc801ab5fe4ca7ff3003f3d477b13a735e56a77,2020-02,Norfolk Constabulary,Norfolk Constabulary,0.401252,52.767913,On or near Jeffery Close,E01026688,King's Lynn and West Norfolk 007B,Drugs,Awaiting court outcome,
983ce357b53d5e736374e071cd6a5ff730885e4b913b884f6e77f086af9e3b29,2020-02,Norfolk Constabulary,Norfolk Constabulary,0.400434,52.763002,On or near Supermarket,E01026688,King's Lynn and West Norfolk 007B,Drugs,Court result unavailable,
0dfae81d8dbb2a6ee324e8bd953c13fa4fd184a8eb1318b7f7649e3a158bf6e3,2020-02,Norfolk Constabulary,Norfolk Constabulary,0.401252,52.767913,On or near Jeffery Close,E01026688,King's Lynn and West Norfolk 007B,Public order,Unable to prosecute suspect,
848451e85849bae58849610d34e5d4a2f40fe5ea4d3da9c65ff3183d58109d67,2020-02,Norfolk Constabulary,Norfolk Constabulary,0.406348,52.767027,On or near Nottingham Road,E01026688,King's Lynn and West Norfolk 007B,Public order,Unable to prosecute suspect,
45a61ed3d259db6303cd8d8e6b1dadcaa256eaa80b938e64fafa04c94de22119,2020-02,Norfolk Constabulary,Norfolk Constabulary,0.400434,52.763002,On or near Supermarket,E01026688,King's Lynn and West Norfolk 007B,Shoplifting,Status update unavailable,
7f8156ad5648dda34dc8973f45adc70abec8f8c9fa0cfe13d4a88a02e4ea0fa7,2020-02,Norfolk Constabulary,Norfolk Constabulary,0.400434,52.763002,On or near Supermarket,E01026688,King's Lynn and West Norfolk 007B,Shoplifting,Investigation complete; no suspect identified,
6f91c4b2ef93cff4ba8d767a0696fdf4549a3d737f85a0a726d1c41398421ec8,2020-02,Norfolk Constabulary,Norfolk Constabulary,0.408606,52.767926,On or near Kingsway,E01026688,King's Lynn and West Norfolk 007B,Vehicle crime,Investigation complete; no suspect identified,
d7e50f0d2db2df43804121839cd0e91fe94da6b4dead8454db4d4a44bf3f05fd,2020-02,Norfolk Constabulary,Norfolk Constabulary,0.407757,52.767313,On or near Jarvis Road,E01026688,King's Lynn and West Norfolk 007B,Violence and sexual offences,Investigation complete; no suspect identified,
8a11a8bc1cff15a9160d931a0441b04a48d346aca4f27fd16b7b1dd968c281ca,2020-02,Norfolk Constabulary,Norfolk Constabulary,0.401252,52.767913,On or near Jeffery Close,E01026688,King's Lynn and West Norfolk 007B,Violence and sexual offences,Action to be taken by another organisation,
8b8002dbc0d2e7169ed995fda90659686c5e76e223381688a318c5098a7bdb18,2020-02,Norfolk Constabulary,Norfolk Constabulary,0.408354,52.765233,On or near Culey Close,E01026688,King's Lynn and West Norfolk 007B,Violence and sexual offences,Unable to prosecute suspect,
a129a139852303b0349c3be7ada181453991d724a3fa06370dec6db8ecfc8e7c,2020-02,Norfolk Constabulary,Norfolk Constabulary,0.401252,52.767913,On or near Jeffery Close,E01026688,King's Lynn and West Norfolk 007B,Violence and sexual offences,Action to be taken by another organisation,
398408dd94753c1b1fa89a9248297b02193f95457a59510013d1116466f5bfa2,2020-02,Norfolk Constabulary,Norfolk Constabulary,0.401252,52.767913,On or near Jeffery Close,E01026688,King's Lynn and West Norfolk 007B,Violence and sexual offences,Unable to prosecute suspect,
0b2951fff002c4ed5b2b992cecef035dfadf6b1de8df4fa99ab72b933f377316,2020-02,Norfolk Constabulary,Norfolk Constabulary,0.401252,52.767913,On or near Jeffery Close,E01026688,King's Lynn and West Norfolk 007B,Violence and sexual offences,Unable to prosecute suspect,
412e702131e833b037b99beaa2172f4409b3fe4685417cc224a12445b3047b40,2020-02,Norfolk Constabulary,Norfolk Constabulary,0.408606,52.767926,On or near Kingsway,E01026688,King's Lynn and West Norfolk 007B,Violence and sexual offences,Status update unavailable,
ff1903672b6ce80640c310f9cf3e7e4015e409cff45b3f3808629b0f445b84d4,2020-02,Norfolk Constabulary,Norfolk Constabulary,0.412107,52.766892,On or near Alice Fisher Crescent,E01026688,King's Lynn and West Norfolk 007B,Violence and sexual offences,Offender given a caution,
70a2c72e4416a1145d53403cf400581c5a0cab1b2c4ee1bfee3c4f5cfaeb82c0,2020-02,Norfolk Constabulary,Norfolk Constabulary,0.408354,52.765233,On or near Culey Close,E01026688,King's Lynn and West Norfolk 007B,Violence and sexual offences,Unable to prosecute suspect,
85dbd93d4f06a79425e257fdc1bb5b85a6fa1598d424b1651b36ec32958a67f2,2020-02,Norfolk Constabulary,Norfolk Constabulary,0.401252,52.767913,On or near Jeffery Close,E01026688,King's Lynn and West Norfolk 007B,Violence and sexual offences,Unable to prosecute suspect,
ee7a804a95e3716cdc38dc8fa24c017de064242967e2d94d31548a44203a5ae8,2020-02,Norfolk Constabulary,Norfolk Constabulary,0.401252,52.767913,On or near Jeffery Close,E01026688,King's Lynn and West Norfolk 007B,Violence and sexual offences,Action to be taken by another organisation,
982c2a32791f1171b41946860bee52cf9ddffddeacb0a636d3a5a4b1b5173f98,2020-02,Norfolk Constabulary,Norfolk Constabulary,0.406348,52.767027,On or near Nottingham Road,E01026688,King's Lynn and West Norfolk 007B,Violence and sexual offences,Unable to prosecute suspect,
d816a9a4fb2fd62ac0679b2b530cd6e2253bad8051331461e3e168e9c82c9fb2,2020-02,Norfolk Constabulary,Norfolk Constabulary,0.408606,52.767926,On or near Kingsway,E01026688,King's Lynn and West Norfolk 007B,Violence and sexual offences,Status update unavailable,
9f925b4e57685dd44f8ba22683ee0bac01e2e9723c02bd62156ac1b88f2e187a,2020-02,Norfolk Constabulary,Norfolk Constabulary,0.403704,52.763439,On or near Turbus Road,E01026688,King's Lynn and West Norfolk 007B,Violence and sexual offences,Unable to prosecute suspect,
f527199679b72d113ffd9c8f091e1118be96de35f52ea88cae710d4b2f4edd50,2020-02,Norfolk Constabulary,Norfolk Constabulary,0.407937,52.768434,On or near Greenland Avenue,E01026688,King's Lynn and West Norfolk 007B,Violence and sexual offences,Unable to prosecute suspect,
d375a0a12456736806833f1fc69ce272394b3ecec1c08fd323279a2d4812883e,2020-02,Norfolk Constabulary,Norfolk Constabulary,0.407757,52.767313,On or near Jarvis Road,E01026688,King's Lynn and West Norfolk 007B,Violence and sexual offences,Investigation complete; no suspect identified,
,2020-02,Norfolk Constabulary,Norfolk Constabulary,0.400292,52.759085,On or near Birchwood Street,E01026689,King's Lynn and West Norfolk 007C,Anti-social behaviour,,
,2020-02,Norfolk Constabulary,Norfolk Constabulary,0.400995,52.760275,On or near Burkitt Street,E01026689,King's Lynn and West Norfolk 007C,Anti-social behaviour,,
,2020-02,Norfolk Constabulary,Norfolk Constabulary,0.400292,52.759085,On or near Birchwood Street,E01026689,King's Lynn and West Norfolk 007C,Anti-social behaviour,,
,2020-02,Norfolk Constabulary,Norfolk Constabulary,0.400251,52.761037,On or near Sir Lewis Street,E01026689,King's Lynn and West Norfolk 007C,Anti-social behaviour,,
06fa70b6c461770c132c8797b6545de22a55b7af466da79274af930047510554,2020-02,Norfolk Constabulary,Norfolk Constabulary,0.400995,52.760275,On or near Burkitt Street,E01026689,King's Lynn and West Norfolk 007C,Burglary,Unable to prosecute suspect,
039f166778a15322f0688a4328f6aa489a7ee2573985c3a2afdfa8582656dab1,2020-02,Norfolk Constabulary,Norfolk Constabulary,0.405054,52.758889,On or near Harecroft Parade,E01026689,King's Lynn and West Norfolk 007C,Criminal damage and arson,Investigation complete; no suspect identified,
709d612b982cb55a524b69d7dde8d057a434a7d55db554e09b89462cb213052d,2020-02,Norfolk Constabulary,Norfolk Constabulary,0.399670,52.758549,On or near Hextable Road,E01026689,King's Lynn and West Norfolk 007C,Drugs,Offender given a drugs possession warning,
7649c11e177069bdd1d1b58e67b36b8f877f078671e43104bff4860e6c4493a7,2020-02,Norfolk Constabulary,Norfolk Constabulary,0.403033,52.759335,On or near Loke Road,E01026689,King's Lynn and West Norfolk 007C,Drugs,Court result unavailable,
7fd7ff465691d6cdb7e4931dd81e6bee94d130266f461da10534b0de14216810,2020-02,Norfolk Constabulary,Norfolk Constabulary,0.400474,52.760502,On or near Cresswell Street,E01026689,King's Lynn and West Norfolk 007C,Drugs,Status update unavailable,
48178b44505276d979d6b71e6d9c85ba7ecf2ccc8dfcf5ed97d46cd07d9c6452,2020-02,Norfolk Constabulary,Norfolk Constabulary,0.399646,52.759188,On or near Lansdowne Street,E01026689,King's Lynn and West Norfolk 007C,Other theft,Unable to prosecute suspect,
dcef8c6eefcd08008e0fc4a4ba11aeff7a2ab797aa1158af86eb4989e1d55499,2020-02,Norfolk Constabulary,Norfolk Constabulary,0.400959,52.759071,On or near George Street,E01026689,King's Lynn and West Norfolk 007C,Public order,Court result unavailable,
b0088c9f12917a63e88d971973fc606ac279af530d9307f6ca7add52c2d0cf9a,2020-02,Norfolk Constabulary,Norfolk Constabulary,0.403033,52.759335,On or near Loke Road,E01026689,King's Lynn and West Norfolk 007C,Public order,Investigation complete; no suspect identified,
f4de23dfab2c831eb6857e0a4507fa4f708f7dd5753a50ca8aac6a93545c7810,2020-02,Norfolk Constabulary,Norfolk Constabulary,0.400251,52.761037,On or near Sir Lewis Street,E01026689,King's Lynn and West Norfolk 007C,Shoplifting,Unable to prosecute suspect,
a3a495f6b7f80a2b1e29f0928183291e42aae4abf974dcc9949119cca5603680,2020-02,Norfolk Constabulary,Norfolk Constabulary,0.404506,52.760510,On or near Edma Street,E01026689,King's Lynn and West Norfolk 007C,Vehicle crime,Unable to prosecute suspect,
9e4da708a7f044e5155cec74cd96e218743c22f48c1b03e62b620e2397cc5611,2020-02,Norfolk Constabulary,Norfolk Constabulary,0.399646,52.759188,On or near Lansdowne Street,E01026689,King's Lynn and West Norfolk 007C,Violence and sexual offences,Unable to prosecute suspect,
06c8e1647c52460623f435b7930a83c30f3e908fb6ba88b2cba4e008879a618a,2020-02,Norfolk Constabulary,Norfolk Constabulary,0.403033,52.759335,On or near Loke Road,E01026689,King's Lynn and West Norfolk 007C,Violence and sexual offences,Unable to prosecute suspect,
6ea5cda25e58c6343c5c266ce269a38387ab1111c2f22cc5d37a0ec3dab28096,2020-02,Norfolk Constabulary,Norfolk Constabulary,0.399646,52.759188,On or near Lansdowne Street,E01026689,King's Lynn and West Norfolk 007C,Violence and sexual offences,Court result unavailable,
8c654652128dfde86b5e7cf0d477646fecc441a1d4ed5db8fa80cb811a7f34ea,2020-02,Norfolk Constabulary,Norfolk Constabulary,0.406639,52.761824,On or near Losinga Road,E01026689,King's Lynn and West Norfolk 007C,Violence and sexual offences,Unable to prosecute suspect,
e3866116a2a277e392f13aa838ab2ee83540fdc300a6a6d46b162a1b62fd9aa1,2020-02,Norfolk Constabulary,Norfolk Constabulary,0.399670,52.758549,On or near Hextable Road,E01026689,King's Lynn and West Norfolk 007C,Violence and sexual offences,Unable to prosecute suspect,
cd32c26678be277cfbdda403e603b7e60dd6e0feb4155d371be0d988b3f74d7b,2020-02,Norfolk Constabulary,Norfolk Constabulary,0.400292,52.759085,On or near Birchwood Street,E01026689,King's Lynn and West Norfolk 007C,Violence and sexual offences,Unable to prosecute suspect,
a955b0be43ebb117d4f0f61b869a1df0499eab81e04a51a8ca2402fc11905ce9,2020-02,Norfolk Constabulary,Norfolk Constabulary,0.400292,52.759085,On or near Birchwood Street,E01026689,King's Lynn and West Norfolk 007C,Violence and sexual offences,Unable to prosecute suspect,
6cc6bcdf365f34368a478d879f77f27fa504de67a7e6c274f943f26f6a6ceb35,2020-02,Norfolk Constabulary,Norfolk Constabulary,0.400251,52.761037,On or near Sir Lewis Street,E01026689,King's Lynn and West Norfolk 007C,Violence and sexual offences,Investigation complete; no suspect identified,
315d8d83b4742eb381c044091b40767924d0dfc3572cca58338f1da4aa8d4781,2020-02,Norfolk Constabulary,Norfolk Constabulary,0.400292,52.759085,On or near Birchwood Street,E01026689,King's Lynn and West Norfolk 007C,Violence and sexual offences,Unable to prosecute suspect,
00ed3c2fc7abd43e8df88882d6e75b7b147235d89ed5a2dab89ddd0e85af7e6c,2020-02,Norfolk Constabulary,Norfolk Constabulary,0.400292,52.759085,On or near Birchwood Street,E01026689,King's Lynn and West Norfolk 007C,Violence and sexual offences,Unable to prosecute suspect,
984c02f7c9300d7cb7647dff4309b11b81afbc34919e77fdfcb90ad7260c7093,2020-02,Norfolk Constabulary,Norfolk Constabulary,0.403033,52.759335,On or near Loke Road,E01026689,King's Lynn and West Norfolk 007C,Violence and sexual offences,Investigation complete; no suspect identified,
dd7af9a37cc0b170d7debf342f81f2f0c3564b55f6466999bf823d7ee10c2964,2020-02,Norfolk Constabulary,Norfolk Constabulary,0.403033,52.759335,On or near Loke Road,E01026689,King's Lynn and West Norfolk 007C,Violence and sexual offences,Unable to prosecute suspect,
,2020-02,Norfolk Constabulary,Norfolk Constabulary,0.414993,52.762518,On or near Sports/Recreation Area,E01026690,King's Lynn and West Norfolk 007D,Anti-social behaviour,,
7340c2425cc7ac527c04d1ee276cd1cb4c4f90384bcc5de423521ac376ec91b6,2020-02,Norfolk Constabulary,Norfolk Constabulary,0.414993,52.762518,On or near Sports/Recreation Area,E01026690,King's Lynn and West Norfolk 007D,Criminal damage and arson,Investigation complete; no suspect identified,
ae7c0339d448e2e53c0ba5e395f59bf66b52a1c1079d324ad70d45e0a7bbbdd3,2020-02,Norfolk Constabulary,Norfolk Constabulary,0.414993,52.762518,On or near Sports/Recreation Area,E01026690,King's Lynn and West Norfolk 007D,Criminal damage and arson,Investigation complete; no suspect identified,
017b8dd1d2d5820ba2d82bfb68e955257c12b68f7bd0bdb070094e793e22f3c7,2020-02,Norfolk Constabulary,Norfolk Constabulary,0.415644,52.764644,On or near Front Way,E01026690,King's Lynn and West Norfolk 007D,Criminal damage and arson,Unable to prosecute suspect,
07efd93fcfccb534e83c6531415fc599a1f59ffbbc85bfdfa0f82a4455eb1864,2020-02,Norfolk Constabulary,Norfolk Constabulary,0.411995,52.765950,On or near Lady Jane Grey Road,E01026690,King's Lynn and West Norfolk 007D,Drugs,Court result unavailable,
6c273f71ddbf82a769e6a9c11ee0867f82600ae24d672043aba84b814dcadd77,2020-02,Norfolk Constabulary,Norfolk Constabulary,0.412776,52.766123,On or near Sadler Close,E01026690,King's Lynn and West Norfolk 007D,Other theft,Unable to prosecute suspect,
357cd8b63588f1d781a58c1e37054aea96a281127fcbe5e1a55d38e2cdbb0c7a,2020-02,Norfolk Constabulary,Norfolk Constabulary,0.411995,52.765950,On or near Lady Jane Grey Road,E01026690,King's Lynn and West Norfolk 007D,Other theft,Unable to prosecute suspect,
ab65643d2d60397db682d846fd15fc4692cb31966614368530d38e481d282a51,2020-02,Norfolk Constabulary,Norfolk Constabulary,0.414971,52.766151,On or near Reid Way,E01026690,King's Lynn and West Norfolk 007D,Other theft,Investigation complete; no suspect identified,
3be3373d9223740ff647a54128b7734ce38575bb48999a820e098305334d08fb,2020-02,Norfolk Constabulary,Norfolk Constabulary,0.414993,52.762518,On or near Sports/Recreation Area,E01026690,King's Lynn and West Norfolk 007D,Robbery,Unable to prosecute suspect,
e09e17e161d64d8da2428c27f614e2e04e5f0da7a4d4df4219eb243e70bb9eca,2020-02,Norfolk Constabulary,Norfolk Constabulary,0.411261,52.767413,On or near Woolstencroft Avenue,E01026690,King's Lynn and West Norfolk 007D,Violence and sexual offences,Unable to prosecute suspect,
2001aab5d81a4869a0e2ff7984725fc0d4050ad146f8aa747f8f7943c3c72e31,2020-02,Norfolk Constabulary,Norfolk Constabulary,0.411261,52.767413,On or near Woolstencroft Avenue,E01026690,King's Lynn and West Norfolk 007D,Violence and sexual offences,Unable to prosecute suspect,
20a692ab4c735cf4847ab8c1aa29b7db7b11b44c9c670ee51f02f30b6d5e088f,2020-02,Norfolk Constabulary,Norfolk Constabulary,0.415163,52.768817,On or near Bryggen Road,E01026690,King's Lynn and West Norfolk 007D,Violence and sexual offences,Unable to prosecute suspect,
52c529c61b63793b0a3f060ccde257a23675afbac7334097404ca81113b66fe0,2020-02,Norfolk Constabulary,Norfolk Constabulary,0.412471,52.770805,On or near Bergen Way,E01026690,King's Lynn and West Norfolk 007D,Violence and sexual offences,Court result unavailable,
805b84339c058d9eaa93f2cf7d55278764d4ab76fde8656a48f36edca21c9aae,2020-02,Norfolk Constabulary,Norfolk Constabulary,0.415644,52.764644,On or near Front Way,E01026690,King's Lynn and West Norfolk 007D,Violence and sexual offences,Unable to prosecute suspect,
2ab90c0b6e2b0d0ee9a67d688f3e365dd3452b74ffbbe2af9b81cdc5c5b97035,2020-02,Norfolk Constabulary,Norfolk Constabulary,0.415644,52.764644,On or near Front Way,E01026690,King's Lynn and West Norfolk 007D,Violence and sexual offences,Unable to prosecute suspect,
ad7354944289b63bacdaffae769cd35471f7f94b8df81098c7b4ea41a2152de1,2020-02,Norfolk Constabulary,Norfolk Constabulary,0.411261,52.767413,On or near Woolstencroft Avenue,E01026690,King's Lynn and West Norfolk 007D,Violence and sexual offences,Unable to prosecute suspect,
4a3455f72f75a4421f6f1fd2077bd1386b16d1e162be8513ce4d6007683f54bf,2020-02,Norfolk Constabulary,Norfolk Constabulary,0.412776,52.766123,On or near Sadler Close,E01026690,King's Lynn and West Norfolk 007D,Violence and sexual offences,Unable to prosecute suspect,
6f8133c017a220218d61bd9ffc9ce3198dbd068f9bb5b1352e62010c1fddb483,2020-02,Norfolk Constabulary,Norfolk Constabulary,0.418709,52.770732,On or near Hamburg Way,E01026690,King's Lynn and West Norfolk 007D,Violence and sexual offences,Unable to prosecute suspect,
f56e283bb7d6d11fcbb2af1c73e306a7f92ce4854ab57384c937d6f3b6eeb987,2020-02,Norfolk Constabulary,Norfolk Constabulary,0.412471,52.770805,On or near Bergen Way,E01026690,King's Lynn and West Norfolk 007D,Violence and sexual offences,Court result unavailable,
6bef3686483b5bb5a730ef0e1d24e315814f9e855e090c4acf8001f911ce6806,2020-02,Norfolk Constabulary,Norfolk Constabulary,0.412776,52.766123,On or near Sadler Close,E01026690,King's Lynn and West Norfolk 007D,Violence and sexual offences,Unable to prosecute suspect,
e7412aab00e35e19454b82cada221d6f5ce8cd49f47a19275d32959c356dc214,2020-02,Norfolk Constabulary,Norfolk Constabulary,0.366484,52.758523,On or near Ferry Road,E01026647,King's Lynn and West Norfolk 008A,Violence and sexual offences,Action to be taken by another organisation,
e48cd59802228a479c9174ad5d1b54f46787c7d20b07efe7671d3ffadf766069,2020-02,Norfolk Constabulary,Norfolk Constabulary,0.348790,52.757472,On or near Wildfields Close,E01026647,King's Lynn and West Norfolk 008A,Violence and sexual offences,Unable to prosecute suspect,
14488361d621477d38041af66f9d52e58ecdb6b1971d7d7ebe679b058b42c6a6,2020-02,Norfolk Constabulary,Norfolk Constabulary,0.365430,52.758230,On or near Margaretta Close,E01026647,King's Lynn and West Norfolk 008A,Violence and sexual offences,Unable to prosecute suspect,
efe6a4c356b630dd8673b29d34deddc7aaafbaf420d956f6582249f29fb7f0bc,2020-02,Norfolk Constabulary,Norfolk Constabulary,0.358174,52.754220,On or near Rookery Road,E01026647,King's Lynn and West Norfolk 008A,Violence and sexual offences,Unable to prosecute suspect,
8fc723cc89c6ee22a21decf6b2ffe089e1658965d29e031f7ad8d4976fabdea1,2020-02,Norfolk Constabulary,Norfolk Constabulary,0.307778,52.761910,On or near Ashfield Court,E01026711,King's Lynn and West Norfolk 008B,Public order,Offender given a caution,
70422d1878a9dae4373a40e7b7bee07080e5ac9a429e465e95dcef8a41ba033f,2020-02,Norfolk Constabulary,Norfolk Constabulary,0.305411,52.763395,On or near Alan Jarvis Way,E01026711,King's Lynn and West Norfolk 008B,Violence and sexual offences,Court result unavailable,
3f2c0ecacafab9b84238dccb947f90c944c0d8fd0f07acdac8829da28cb3c016,2020-02,Norfolk Constabulary,Norfolk Constabulary,0.307271,52.763251,On or near Herbert Ward Way,E01026711,King's Lynn and West Norfolk 008B,Violence and sexual offences,Unable to prosecute suspect,
1c3ba770dd4a4e6aa8709abe7f4e677ae518a6350d85594fe1389a6e32e69e47,2020-02,Norfolk Constabulary,Norfolk Constabulary,0.305411,52.763395,On or near Alan Jarvis Way,E01026711,King's Lynn and West Norfolk 008B,Violence and sexual offences,Court result unavailable,
017ae0f6a12d41be63d0611d1e6fa898bc43767aa298d41e4cf49abdac1b6aa0,2020-02,Norfolk Constabulary,Norfolk Constabulary,0.307271,52.763251,On or near Herbert Ward Way,E01026711,King's Lynn and West Norfolk 008B,Violence and sexual offences,Unable to prosecute suspect,
b0f61813790a0963c15c5cf2db8e3de8d40840832ad1bca80c512a16aacd363d,2020-02,Norfolk Constabulary,Norfolk Constabulary,0.297260,52.759471,On or near Churchgate Way,E01026712,King's Lynn and West Norfolk 008C,Criminal damage and arson,Investigation complete; no suspect identified,
f3471ef015b32ded0f4b7db52d4fc9de1bd47474ca3c13f274428f9758df107e,2020-02,Norfolk Constabulary,Norfolk Constabulary,0.297260,52.759471,On or near Churchgate Way,E01026712,King's Lynn and West Norfolk 008C,Criminal damage and arson,Court result unavailable,
2f79c09867539db0d5a6fb7d2ddb6aa6bea8cf32cdfe026b8e4e1091f3503bed,2020-02,Norfolk Constabulary,Norfolk Constabulary,0.297260,52.759471,On or near Churchgate Way,E01026712,King's Lynn and West Norfolk 008C,Criminal damage and arson,Unable to prosecute suspect,
50bcdb1bd251a1f3ee939816854e855c53e0612b778e159c3dc0db1f72c757c4,2020-02,Norfolk Constabulary,Norfolk Constabulary,0.297260,52.759471,On or near Churchgate Way,E01026712,King's Lynn and West Norfolk 008C,Criminal damage and arson,Investigation complete; no suspect identified,
cc980883d42ff3b6bc234ae95d89f91c1ef983205bc1316527f2f63579b4cf3d,2020-02,Norfolk Constabulary,Norfolk Constabulary,0.292162,52.756953,On or near Supermarket,E01026712,King's Lynn and West Norfolk 008C,Other theft,Status update unavailable,
dfb1cf13408e7af19936cef92ee13b18ebef8596d2dfc7038990bc2cc519b14b,2020-02,Norfolk Constabulary,Norfolk Constabulary,0.292162,52.756953,On or near Supermarket,E01026712,King's Lynn and West Norfolk 008C,Public order,Unable to prosecute suspect,
16a805744d8dab64d17196177c2e3eb6cabcee97c9bee735afd2aa26f7d26ff4,2020-02,Norfolk Constabulary,Norfolk Constabulary,0.288272,52.755113,On or near Lovell Way,E01026712,King's Lynn and West Norfolk 008C,Violence and sexual offences,Unable to prosecute suspect,
49cd5db952c616b9d0548278fac108d893b7812c02a2e779726fbab88a6b6420,2020-02,Norfolk Constabulary,Norfolk Constabulary,0.296191,52.758871,On or near King William Close,E01026712,King's Lynn and West Norfolk 008C,Violence and sexual offences,Action to be taken by another organisation,
cde2cf906109af0276e87bfd994a18c6bbed7f4896a4881c917c54377abb9e00,2020-02,Norfolk Constabulary,Norfolk Constabulary,0.293049,52.755497,On or near Petrol Station,E01026712,King's Lynn and West Norfolk 008C,Violence and sexual offences,Investigation complete; no suspect identified,
,2020-02,Norfolk Constabulary,Norfolk Constabulary,0.297756,52.756800,On or near Sports/Recreation Area,E01026713,King's Lynn and West Norfolk 008D,Anti-social behaviour,,
5df9d5b5d588326dd810dbba1332bdc56c51e33ad6d17c9b898c72802d541739,2020-02,Norfolk Constabulary,Norfolk Constabulary,0.296504,52.755251,On or near Sports/Recreation Area,E01026713,King's Lynn and West Norfolk 008D,Criminal damage and arson,Investigation complete; no suspect identified,
ff88acdd62e5d12f7bb62c5a19bd53e5ddf7b03a4d3ab03a90b6c0c9bdc4aecb,2020-02,Norfolk Constabulary,Norfolk Constabulary,0.280264,52.737707,On or near Jankin Lane,E01026713,King's Lynn and West Norfolk 008D,Violence and sexual offences,Unable to prosecute suspect,
b39b6a4971f4c4ab0a207eabd6ce4df3e23818270f361387ff6f14985b6de00a,2020-02,Norfolk Constabulary,Norfolk Constabulary,0.280264,52.737707,On or near Jankin Lane,E01026713,King's Lynn and West Norfolk 008D,Violence and sexual offences,Unable to prosecute suspect,
,2020-02,Norfolk Constabulary,Norfolk Constabulary,0.421049,52.756801,On or near Supermarket,E01026666,King's Lynn and West Norfolk 009A,Anti-social behaviour,,
,2020-02,Norfolk Constabulary,Norfolk Constabulary,0.421049,52.756801,On or near Supermarket,E01026666,King's Lynn and West Norfolk 009A,Anti-social behaviour,,
,2020-02,Norfolk Constabulary,Norfolk Constabulary,0.421469,52.756883,On or near Orchard Lane,E01026666,King's Lynn and West Norfolk 009A,Anti-social behaviour,,
,2020-02,Norfolk Constabulary,Norfolk Constabulary,0.424985,52.755354,On or near Gaywood Hall Drive,E01026666,King's Lynn and West Norfolk 009A,Anti-social behaviour,,
f3eb7fc0ea17dccdf9be55098a79baaac504da181fd147d38232f3c3890d8eb9,2020-02,Norfolk Constabulary,Norfolk Constabulary,0.419476,52.753012,On or near Bagge Road,E01026666,King's Lynn and West Norfolk 009A,Bicycle theft,Investigation complete; no suspect identified,
1b21778019c6994a136f1b73460ea30522d3429c07835a52fe934c04c72f078b,2020-02,Norfolk Constabulary,Norfolk Constabulary,0.419476,52.753012,On or near Bagge Road,E01026666,King's Lynn and West Norfolk 009A,Other theft,Investigation complete; no suspect identified,
e5d05d6df58eec71994a61618f3349bc70f934dd5a1ea5a6ee41e6772c653b75,2020-02,Norfolk Constabulary,Norfolk Constabulary,0.419736,52.756909,On or near Queen Mary Road,E01026666,King's Lynn and West Norfolk 009A,Other theft,Unable to prosecute suspect,
e6d9e79e48fce1e729e54ecd0c50c49eec6a50a13018dd336b036cdf3500a8af,2020-02,Norfolk Constabulary,Norfolk Constabulary,0.421469,52.756883,On or near Orchard Lane,E01026666,King's Lynn and West Norfolk 009A,Public order,Unable to prosecute suspect,
e0c7df589fae96a782014a43636799dcf7802c9b652ad21c790d7fa67d0d3bcc,2020-02,Norfolk Constabulary,Norfolk Constabulary,0.416383,52.757652,On or near Petrol Station,E01026666,King's Lynn and West Norfolk 009A,Public order,Unable to prosecute suspect,
da53730b6c6b5cb724ab2e43db9657782b7a883bc869930d847b1ecfb9d76178,2020-02,Norfolk Constabulary,Norfolk Constabulary,0.422969,52.752140,On or near Oak Circle,E01026666,King's Lynn and West Norfolk 009A,Public order,Offender given a caution,
494df4ccd79cb6cf88c517cb3a3fe0505a0e14d8ba9d20778a7798baca6e3450,2020-02,Norfolk Constabulary,Norfolk Constabulary,0.421049,52.756801,On or near Supermarket,E01026666,King's Lynn and West Norfolk 009A,Robbery,Unable to prosecute suspect,
cfed355f2771459ca8eb026157750579959259352b3252acf3d83c1dab213140,2020-02,Norfolk Constabulary,Norfolk Constabulary,0.421049,52.756801,On or near Supermarket,E01026666,King's Lynn and West Norfolk 009A,Shoplifting,Investigation complete; no suspect identified,
51ed6085d6692943d6a055bfd12265fd66563cb5bffa6177ff33aae962b2a589,2020-02,Norfolk Constabulary,Norfolk Constabulary,0.425344,52.750078,On or near Ingleby Close,E01026666,King's Lynn and West Norfolk 009A,Vehicle crime,Investigation complete; no suspect identified,
e744ff21a1436e3b7a87451ebef96f7723cb563ca0ebb8dcc1794f945639b576,2020-02,Norfolk Constabulary,Norfolk Constabulary,0.419476,52.753012,On or near Bagge Road,E01026666,King's Lynn and West Norfolk 009A,Vehicle crime,Investigation complete; no suspect identified,
8cbe6ddb4410784cedaf916f00111234190b60b981cea95b0c9b0aaf309eeed7,2020-02,Norfolk Constabulary,Norfolk Constabulary,0.424041,52.750356,On or near Dawber Close,E01026666,King's Lynn and West Norfolk 009A,Violence and sexual offences,Unable to prosecute suspect,
6887d3e9c0afdf313883a09ec5df1db51813f88eb2c349aec019f6dc42f093af,2020-02,Norfolk Constabulary,Norfolk Constabulary,0.421049,52.756801,On or near Supermarket,E01026666,King's Lynn and West Norfolk 009A,Violence and sexual offences,Unable to prosecute suspect,
be3252807e25631ab0a809d41861fa9d0ce8c73fcf2b73e1a048fd8b65b6a83b,2020-02,Norfolk Constabulary,Norfolk Constabulary,0.422575,52.753587,On or near De Grey Road,E01026666,King's Lynn and West Norfolk 009A,Violence and sexual offences,Unable to prosecute suspect,
98f2b0f2e4373d8f4946aecedfbc778c7ea340a5d832dbd96d4fff354edb12eb,2020-02,Norfolk Constabulary,Norfolk Constabulary,0.425344,52.750078,On or near Ingleby Close,E01026666,King's Lynn and West Norfolk 009A,Violence and sexual offences,Unable to prosecute suspect,
959b46e22fd7f9cb0218c650098ede6c8704adc8144747dafc3cba06bc02f01b,2020-02,Norfolk Constabulary,Norfolk Constabulary,0.419476,52.753012,On or near Bagge Road,E01026666,King's Lynn and West Norfolk 009A,Violence and sexual offences,Investigation complete; no suspect identified,
5893ebfaa6a8faca67e9c4644e8834c68530816b2d5e681e80d796d8d0a7275d,2020-02,Norfolk Constabulary,Norfolk Constabulary,0.419476,52.753012,On or near Bagge Road,E01026666,King's Lynn and West Norfolk 009A,Violence and sexual offences,Unable to prosecute suspect,
a12d649aa8c2efa2980a4ef16fae773e645b8c84bb64c210e621bfca1146931f,2020-02,Norfolk Constabulary,Norfolk Constabulary,0.420571,52.755399,On or near Henry Bell Close,E01026666,King's Lynn and West Norfolk 009A,Violence and sexual offences,Formal action is not in the public interest,
8dd606b43c794b8ae66d35f713c829bfdac72ed2164d6342dcf5624c135e3a84,2020-02,Norfolk Constabulary,Norfolk Constabulary,0.423644,52.753619,On or near Bishop'S Road,E01026666,King's Lynn and West Norfolk 009A,Violence and sexual offences,Unable to prosecute suspect,
f69c6101e47b38879adc5ec779e4f0a27c6a6c3f2ed3bd62f49cb85a7407001c,2020-02,Norfolk Constabulary,Norfolk Constabulary,0.420789,52.753713,On or near Pleasance Close,E01026666,King's Lynn and West Norfolk 009A,Violence and sexual offences,Unable to prosecute suspect,
,2020-02,Norfolk Constabulary,Norfolk Constabulary,0.403613,52.746456,On or near William Street,E01026667,King's Lynn and West Norfolk 009B,Anti-social behaviour,,
26497baf332ac2f2836c7d63213279f2db74e2adb5434ad46e4ede509b96bf8b,2020-02,Norfolk Constabulary,Norfolk Constabulary,0.409857,52.750591,On or near Tennyson Road,E01026667,King's Lynn and West Norfolk 009B,Bicycle theft,Investigation complete; no suspect identified,
d154cb326fe4412869b70ed18448c985770178f2ea92b30178ec126bae9eae08,2020-02,Norfolk Constabulary,Norfolk Constabulary,0.403666,52.746599,On or near Edward Street,E01026667,King's Lynn and West Norfolk 009B,Burglary,Investigation complete; no suspect identified,
60e79fcff1fdf26b6044ae47fd071bb03336799e12fb12d23b9a469a665a492b,2020-02,Norfolk Constabulary,Norfolk Constabulary,0.408420,52.747905,On or near Goodwins Road,E01026667,King's Lynn and West Norfolk 009B,Criminal damage and arson,Investigation complete; no suspect identified,
0355156aa36cb9ddc6662b2a9fe9f924df84941fac927ad5f6a2926f363c08fd,2020-02,Norfolk Constabulary,Norfolk Constabulary,0.403810,52.747342,On or near Guanock Terrace,E01026667,King's Lynn and West Norfolk 009B,Criminal damage and arson,Status update unavailable,
f0200aecd3a04d688a2a408f1c080a2825a3a09dc47982244dc4670a4e92b8c9,2020-02,Norfolk Constabulary,Norfolk Constabulary,0.411195,52.747714,On or near Holcombe Avenue,E01026667,King's Lynn and West Norfolk 009B,Public order,Unable to prosecute suspect,
b841fbfeeefd32c38da683713cc3f63fbabf858bee1943306fb8b77e17c45f8e,2020-02,Norfolk Constabulary,Norfolk Constabulary,0.405976,52.747379,On or near Goodwins Road,E01026667,King's Lynn and West Norfolk 009B,Public order,Court result unavailable,
725c632fdc61ed2a6ae8603a591f53a432402c54f75a642de9f1f43a37927a20,2020-02,Norfolk Constabulary,Norfolk Constabulary,0.408420,52.747905,On or near Goodwins Road,E01026667,King's Lynn and West Norfolk 009B,Public order,Court result unavailable,
6e13ededfd3a57afb9571cef5cb4b49c39a9bc4576189c8dbab089c833e058cc,2020-02,Norfolk Constabulary,Norfolk Constabulary,0.405976,52.747379,On or near Goodwins Road,E01026667,King's Lynn and West Norfolk 009B,Shoplifting,Formal action is not in the public interest,
a38cd4b70e596ba33d2fd8b0d5ad2e3abcba072299242e029052caa3c2250a37,2020-02,Norfolk Constabulary,Norfolk Constabulary,0.402254,52.746519,On or near Guanock Place,E01026667,King's Lynn and West Norfolk 009B,Shoplifting,Investigation complete; no suspect identified,
4ba5fc69a10e257976ae309056f517fb27151929c50f07db09ee4f4ec5401487,2020-02,Norfolk Constabulary,Norfolk Constabulary,0.405976,52.747379,On or near Goodwins Road,E01026667,King's Lynn and West Norfolk 009B,Shoplifting,Court result unavailable,
53b90713bdabe73b7505b6e596592229020129681a8ba73c65c2057714ff400a,2020-02,Norfolk Constabulary,Norfolk Constabulary,0.414363,52.748719,On or near Exton'S Place,E01026667,King's Lynn and West Norfolk 009B,Vehicle crime,Investigation complete; no suspect identified,
9ec153be7f4e75b95d1c7513dda1574102b5a445e691ad30b2f5dd78f68c4205,2020-02,Norfolk Constabulary,Norfolk Constabulary,0.402254,52.746519,On or near Guanock Place,E01026667,King's Lynn and West Norfolk 009B,Violence and sexual offences,Investigation complete; no suspect identified,
f95fac5cf7ba9be993be040ea0afd9d7ec700c461bfad6719cc84866920649b0,2020-02,Norfolk Constabulary,Norfolk Constabulary,0.411195,52.747714,On or near Holcombe Avenue,E01026667,King's Lynn and West Norfolk 009B,Violence and sexual offences,Unable to prosecute suspect,
09167431751ae6a8eb2c0dbfe8e288a2c5e08c239b86251080935436fd97bd73,2020-02,Norfolk Constabulary,Norfolk Constabulary,0.402254,52.746519,On or near Guanock Place,E01026667,King's Lynn and West Norfolk 009B,Violence and sexual offences,Unable to prosecute suspect,
b8d49d7063577f467f7419fa4096cbaba8cd0dea51f7a64eb86ac1a72230176f,2020-02,Norfolk Constabulary,Norfolk Constabulary,0.408420,52.747905,On or near Goodwins Road,E01026667,King's Lynn and West Norfolk 009B,Violence and sexual offences,Unable to prosecute suspect,
1a0bc99cb4f90ca1d6a359b59732f285bb65a71654c57e35b00536fbf5848c2c,2020-02,Norfolk Constabulary,Norfolk Constabulary,0.408420,52.747905,On or near Goodwins Road,E01026667,King's Lynn and West Norfolk 009B,Violence and sexual offences,Unable to prosecute suspect,
6f9c676e97011647f3e4e0f7b1efea691f8a641c2d9a2f5fe5048adf36e06d81,2020-02,Norfolk Constabulary,Norfolk Constabulary,0.417952,52.756010,On or near King John Avenue,E01026668,King's Lynn and West Norfolk 009C,Criminal damage and arson,Investigation complete; no suspect identified,
5fc1c19811cde78d10a2f183c8fa0705c783b42deb82674a504a808210b4b84e,2020-02,Norfolk Constabulary,Norfolk Constabulary,0.410967,52.755118,On or near Tennyson Avenue,E01026668,King's Lynn and West Norfolk 009C,Criminal damage and arson,Investigation complete; no suspect identified,
33eba2f8395462fd581986fc89b4b6217db710d72f100fca6ebbfb93b4032ac6,2020-02,Norfolk Constabulary,Norfolk Constabulary,0.410560,52.756341,On or near Further/Higher Educational Building,E01026668,King's Lynn and West Norfolk 009C,Other theft,Investigation complete; no suspect identified,
185d2c2b52e8ab4b4c47eec8670e02e47295f735cb3fde8c696725a010d170fc,2020-02,Norfolk Constabulary,Norfolk Constabulary,0.411207,52.753567,On or near Princes Way,E01026668,King's Lynn and West Norfolk 009C,Other theft,Unable to prosecute suspect,
7decf76ad918531711bec1811464ae0e37d0784ff1cfaabf85e42d3ac04d4da0,2020-02,Norfolk Constabulary,Norfolk Constabulary,0.410967,52.755118,On or near Tennyson Avenue,E01026668,King's Lynn and West Norfolk 009C,Public order,Investigation complete; no suspect identified,
7db589ec00722bac8144eea193bf1ad4c200a7008213750a109061461a1417d5,2020-02,Norfolk Constabulary,Norfolk Constabulary,0.419180,52.754636,On or near Queen Mary Road,E01026668,King's Lynn and West Norfolk 009C,Public order,Unable to prosecute suspect,
72376dbfc9c121a10077837d7342f9f4fccc9ab923a14faa84324849538a0e90,2020-02,Norfolk Constabulary,Norfolk Constabulary,0.410560,52.756341,On or near Further/Higher Educational Building,E01026668,King's Lynn and West Norfolk 009C,Violence and sexual offences,Unable to prosecute suspect,
3f1e07373a95f61f55a4578c4bc6be97b99b1fa0f408de1d734796ab5937b167,2020-02,Norfolk Constabulary,Norfolk Constabulary,0.411207,52.753567,On or near Princes Way,E01026668,King's Lynn and West Norfolk 009C,Violence and sexual offences,Unable to prosecute suspect,
e43c39005d89eda9510d7e0bfe4d7275ae790de3ced0339fed898950ed9af253,2020-02,Norfolk Constabulary,Norfolk Constabulary,0.410560,52.756341,On or near Further/Higher Educational Building,E01026668,King's Lynn and West Norfolk 009C,Violence and sexual offences,Unable to prosecute suspect,
014809893f0fa26d900e42bc5f9f4c661e04f2a9d6f94a70fa5e9f09ce7961de,2020-02,Norfolk Constabulary,Norfolk Constabulary,0.411207,52.753567,On or near Princes Way,E01026668,King's Lynn and West Norfolk 009C,Violence and sexual offences,Unable to prosecute suspect,
70f3f775b7444b670514226e197356f8750df2fc6b94221d80a53ce62c15a635,2020-02,Norfolk Constabulary,Norfolk Constabulary,0.411207,52.753567,On or near Princes Way,E01026668,King's Lynn and West Norfolk 009C,Violence and sexual offences,Unable to prosecute suspect,
,2020-02,Norfolk Constabulary,Norfolk Constabulary,0.423019,52.758380,On or near Leonard Close,E01026693,King's Lynn and West Norfolk 009D,Anti-social behaviour,,
3ea5329eec70595da1559018ad090a2a3dd4eef874beb704b25ca501fa0252be,2020-02,Norfolk Constabulary,Norfolk Constabulary,0.422387,52.760074,On or near Methuen Avenue,E01026693,King's Lynn and West Norfolk 009D,Criminal damage and arson,Investigation complete; no suspect identified,
9949d99a47531dd514f1a973c37e1271f9bd03699f408800f4fdca64134676ba,2020-02,Norfolk Constabulary,Norfolk Constabulary,0.418727,52.757955,On or near St Faith'S Drive,E01026693,King's Lynn and West Norfolk 009D,Theft from the person,Unable to prosecute suspect,
6e2682eb48192811bf5b365ce3c7a8c1313c48da5860f7782f310650cf58dfcc,2020-02,Norfolk Constabulary,Norfolk Constabulary,0.418727,52.757955,On or near St Faith'S Drive,E01026693,King's Lynn and West Norfolk 009D,Vehicle crime,Investigation complete; no suspect identified,
9b10ccc21afc3a584d1b119f8d5dfe60dd7e2107c31196c6a9902c310d23e78a,2020-02,Norfolk Constabulary,Norfolk Constabulary,0.422471,52.758112,On or near Lavender Road,E01026693,King's Lynn and West Norfolk 009D,Violence and sexual offences,Court result unavailable,
f52a690da82b88a4a9db817138c1ddcdc08bbc264afb15ec85be565e2c0e993d,2020-02,Norfolk Constabulary,Norfolk Constabulary,0.421981,52.761836,On or near Sports/Recreation Area,E01026693,King's Lynn and West Norfolk 009D,Violence and sexual offences,Unable to prosecute suspect,
3c5b6659bc0a94d69b661c342eceaa12d4f6631758d0cc8d77e7a98d71a2b508,2020-02,Norfolk Constabulary,Norfolk Constabulary,0.421981,52.761836,On or near Sports/Recreation Area,E01026693,King's Lynn and West Norfolk 009D,Violence and sexual offences,Unable to prosecute suspect,
ffaa5dc9b9672900e1a9aacb1d7ccab379a363ad22c774012632f80212eb2b61,2020-02,Norfolk Constabulary,Norfolk Constabulary,0.420392,52.758856,On or near River Lane,E01026693,King's Lynn and West Norfolk 009D,Violence and sexual offences,Unable to prosecute suspect,
90118dbbe971fca30a5c6c4862b6cfff3feaa99692a25898129361b24e012af5,2020-02,Norfolk Constabulary,Norfolk Constabulary,0.429419,52.763122,On or near Sandringham Road,E01026693,King's Lynn and West Norfolk 009D,Violence and sexual offences,Unable to prosecute suspect,
7c37093e318e7c814eabc3c7ba34e5ee0b9cbc9d1f2be810c3707d180e44ee64,2020-02,Norfolk Constabulary,Norfolk Constabulary,0.421981,52.761836,On or near Sports/Recreation Area,E01026693,King's Lynn and West Norfolk 009D,Violence and sexual offences,Unable to prosecute suspect,
bffd94b7d5b2cfb477914b2399ff658d8c1998390320f4f2fdaf0b8652518478,2020-02,Norfolk Constabulary,Norfolk Constabulary,0.421981,52.761836,On or near Sports/Recreation Area,E01026693,King's Lynn and West Norfolk 009D,Violence and sexual offences,Unable to prosecute suspect,
,2020-02,Norfolk Constabulary,Norfolk Constabulary,0.434015,52.750646,On or near Birchgrove Road,E01026662,King's Lynn and West Norfolk 010A,Anti-social behaviour,,
,2020-02,Norfolk Constabulary,Norfolk Constabulary,0.434015,52.750646,On or near Birchgrove Road,E01026662,King's Lynn and West Norfolk 010A,Anti-social behaviour,,
,2020-02,Norfolk Constabulary,Norfolk Constabulary,0.433361,52.748493,On or near Leafield Road,E01026662,King's Lynn and West Norfolk 010A,Anti-social behaviour,,
,2020-02,Norfolk Constabulary,Norfolk Constabulary,0.434015,52.750646,On or near Birchgrove Road,E01026662,King's Lynn and West Norfolk 010A,Anti-social behaviour,,
a40c8be23694f3a85b063a6716321bfe23af567e4252018443ed9eb83733abbd,2020-02,Norfolk Constabulary,Norfolk Constabulary,0.433361,52.748493,On or near Leafield Road,E01026662,King's Lynn and West Norfolk 010A,Bicycle theft,Investigation complete; no suspect identified,
3d282994e9818b97aeb3c9da6c59fd77d4def8e6ff27523a536d1118c72d0380,2020-02,Norfolk Constabulary,Norfolk Constabulary,0.434845,52.746394,On or near Monkton Way,E01026662,King's Lynn and West Norfolk 010A,Burglary,Investigation complete; no suspect identified,
7bd4b22f5668b83a58b83dac9780a280dec03f4d9322a13a2ba7725a058a51dd,2020-02,Norfolk Constabulary,Norfolk Constabulary,0.431574,52.749662,On or near Fernlea Road,E01026662,King's Lynn and West Norfolk 010A,Criminal damage and arson,Unable to prosecute suspect,
53d466a7e442402806f3d6f26cf27eb8efb624b9f80bb5a5984414735dfbfe8c,2020-02,Norfolk Constabulary,Norfolk Constabulary,0.430336,52.750038,On or near Sandale Road,E01026662,King's Lynn and West Norfolk 010A,Criminal damage and arson,Unable to prosecute suspect,
517d3be7948008f9911bdc490006150bb6044907e0e98429d4b896ea606b203d,2020-02,Norfolk Constabulary,Norfolk Constabulary,0.431416,52.751347,On or near Ploughman Road,E01026662,King's Lynn and West Norfolk 010A,Criminal damage and arson,Unable to prosecute suspect,
64862f59892c731ea0176b7f442e438c45b6b9950c0781c7e71f3d8bd0337590,2020-02,Norfolk Constabulary,Norfolk Constabulary,0.431416,52.751347,On or near Ploughman Road,E01026662,King's Lynn and West Norfolk 010A,Criminal damage and arson,Investigation complete; no suspect identified,
f5997cd886178ccf158d6881dd85b7b97ed0cb9a803eb503ed74662ffe5b813d,2020-02,Norfolk Constabulary,Norfolk Constabulary,0.431416,52.751347,On or near Ploughman Road,E01026662,King's Lynn and West Norfolk 010A,Criminal damage and arson,Unable to prosecute suspect,
3cced5eae0f78e60b99a592a6d711b20c032ca8ed74edbcdba387b5f5705796d,2020-02,Norfolk Constabulary,Norfolk Constabulary,0.431416,52.751347,On or near Ploughman Road,E01026662,King's Lynn and West Norfolk 010A,Criminal damage and arson,Investigation complete; no suspect identified,
c2b6fe01d522d2075b9d1d8733b67d57cb03b6b6a116944766466a5689092ade,2020-02,Norfolk Constabulary,Norfolk Constabulary,0.430336,52.750038,On or near Sandale Road,E01026662,King's Lynn and West Norfolk 010A,Criminal damage and arson,Action to be taken by another organisation,
d9862b588e0b91afeed944a77de016a7a37e75061179f1999ca1d05460b140f9,2020-02,Norfolk Constabulary,Norfolk Constabulary,0.431574,52.749662,On or near Fernlea Road,E01026662,King's Lynn and West Norfolk 010A,Criminal damage and arson,Investigation complete; no suspect identified,
9b3ade11214fa4271eaa2d7bcb013d72a3801779a56f99d9ebf7687ca2b477c3,2020-02,Norfolk Constabulary,Norfolk Constabulary,0.433361,52.748493,On or near Leafield Road,E01026662,King's Lynn and West Norfolk 010A,Criminal damage and arson,Investigation complete; no suspect identified,
2e4284de1d24469541ff65079396d359e9963c1ba2182202a5f33542c61f19f6,2020-02,Norfolk Constabulary,Norfolk Constabulary,0.430522,52.753119,On or near Butterwick,E01026662,King's Lynn and West Norfolk 010A,Other theft,Investigation complete; no suspect identified,
331c2dd84cb4460b308ee22a31d498bef7ea3e5e6c9725637d1648994f3b7827,2020-02,Norfolk Constabulary,Norfolk Constabulary,0.433966,52.746052,On or near Mellisham Walk,E01026662,King's Lynn and West Norfolk 010A,Other theft,Unable to prosecute suspect,
cfdce100ea444574bf47ae518caec39c2ef9e71087b134a60e5d50ffcb34e922,2020-02,Norfolk Constabulary,Norfolk Constabulary,0.431416,52.751347,On or near Ploughman Road,E01026662,King's Lynn and West Norfolk 010A,Other theft,Unable to prosecute suspect,
10ced545927ae2c86bcee41f9124ba345a5d5df93ae221996d1e9d705f47e452,2020-02,Norfolk Constabulary,Norfolk Constabulary,0.433361,52.748493,On or near Leafield Road,E01026662,King's Lynn and West Norfolk 010A,Public order,Investigation complete; no suspect identified,
083d4f37f933429e7931e992c3820dcd3edfba78f4af60828b936b9b53687225,2020-02,Norfolk Constabulary,Norfolk Constabulary,0.433966,52.746052,On or near Mellisham Walk,E01026662,King's Lynn and West Norfolk 010A,Vehicle crime,Investigation complete; no suspect identified,
998830979a5496f20a8bd7bd01410c16c5136dd761d26a1a2d118a47803db48a,2020-02,Norfolk Constabulary,Norfolk Constabulary,0.433361,52.748493,On or near Leafield Road,E01026662,King's Lynn and West Norfolk 010A,Vehicle crime,Unable to prosecute suspect,
263946055629bcf6701edc7fb5aa2787076192e5512cbb75e4538757892fbb3f,2020-02,Norfolk Constabulary,Norfolk Constabulary,0.433966,52.746052,On or near Mellisham Walk,E01026662,King's Lynn and West Norfolk 010A,Violence and sexual offences,Unable to prosecute suspect,
69596dde2c382367140567e9b9d8d63e1c4bc8ef9f2e604fb3978a0bf8895946,2020-02,Norfolk Constabulary,Norfolk Constabulary,0.430522,52.753119,On or near Butterwick,E01026662,King's Lynn and West Norfolk 010A,Violence and sexual offences,Unable to prosecute suspect,
04b5fdf0bf60fefc0d17f0e40c2faa2365bebbb9b70160bc8ec6d4104420e264,2020-02,Norfolk Constabulary,Norfolk Constabulary,0.430232,52.748710,On or near Swallowfield Road,E01026662,King's Lynn and West Norfolk 010A,Violence and sexual offences,Unable to prosecute suspect,
424afbbd7606203e19decff73763834064d2ab3e88f31817d3a44a41d64c0118,2020-02,Norfolk Constabulary,Norfolk Constabulary,0.433361,52.748493,On or near Leafield Road,E01026662,King's Lynn and West Norfolk 010A,Violence and sexual offences,Unable to prosecute suspect,
14fc7b7e37042a85ad31c84be014fa666c4488ce1614e9bdc725daf8791c51ee,2020-02,Norfolk Constabulary,Norfolk Constabulary,0.433361,52.748493,On or near Leafield Road,E01026662,King's Lynn and West Norfolk 010A,Violence and sexual offences,Unable to prosecute suspect,
f4dd5dfaff53b9b90cf86e5b32c9f2f989d6cc26d77848fe074eec4ef73a2bb2,2020-02,Norfolk Constabulary,Norfolk Constabulary,0.431416,52.751347,On or near Ploughman Road,E01026662,King's Lynn and West Norfolk 010A,Violence and sexual offences,Unable to prosecute suspect,
ad87fce50de5f75be8a3265cef833e82e0fa5cfc8ef2b0819986aadb7023b2ea,2020-02,Norfolk Constabulary,Norfolk Constabulary,0.433361,52.748493,On or near Leafield Road,E01026662,King's Lynn and West Norfolk 010A,Violence and sexual offences,Unable to prosecute suspect,
7243055b015e713f9403cd8135f4d442cdbd30d5d049a77f5c95538e9f67cbef,2020-02,Norfolk Constabulary,Norfolk Constabulary,0.433361,52.748493,On or near Leafield Road,E01026662,King's Lynn and West Norfolk 010A,Violence and sexual offences,Unable to prosecute suspect,
6af81878b727d0650c2917c5b6467475476d0cc2c04b3e9e41fe1c5754121d23,2020-02,Norfolk Constabulary,Norfolk Constabulary,0.430522,52.753119,On or near Butterwick,E01026662,King's Lynn and West Norfolk 010A,Violence and sexual offences,Court result unavailable,
c864d2789d5c86bb5d78adb6d45490de32d60397dd449da7a587a601e2fcae0e,2020-02,Norfolk Constabulary,Norfolk Constabulary,0.437915,52.753084,On or near Mulberry Road,E01026663,King's Lynn and West Norfolk 010B,Robbery,Unable to prosecute suspect,
4ea56173d0e24cdfdd8789646a06eecce40e190526caceca158e069b17df8df9,2020-02,Norfolk Constabulary,Norfolk Constabulary,0.435249,52.752572,On or near Hawthorns,E01026663,King's Lynn and West Norfolk 010B,Violence and sexual offences,Court result unavailable,
e5e0639f8afc6df2a10beb6edb8c3b81c2c30ce67c084a10119f58d856987b79,2020-02,Norfolk Constabulary,Norfolk Constabulary,0.430573,52.753765,On or near Freiston,E01026663,King's Lynn and West Norfolk 010B,Violence and sexual offences,Unable to prosecute suspect,
beb2ada64c003fbab39e9e1890d2344e7e9d083499c03ceb13bb3302737eeaa9,2020-02,Norfolk Constabulary,Norfolk Constabulary,0.431907,52.753765,On or near Copperfield,E01026663,King's Lynn and West Norfolk 010B,Violence and sexual offences,Unable to prosecute suspect,
b0c0edff105d2d14ab31501d66f6a7f2d48b86a8f0d2cd29acc62b23ed8e8787,2020-02,Norfolk Constabulary,Norfolk Constabulary,0.431589,52.753124,On or near Highfield,E01026663,King's Lynn and West Norfolk 010B,Violence and sexual offences,Unable to prosecute suspect,
bcdbe62e793f63ca49401c753394105a38ac3a9537340698ed9b78aa8eebecd1,2020-02,Norfolk Constabulary,Norfolk Constabulary,0.437915,52.753084,On or near Mulberry Road,E01026663,King's Lynn and West Norfolk 010B,Violence and sexual offences,Unable to prosecute suspect,
71854cc22859d7fef329215cb54afa1dcb19748f852321e307cafe912c15067b,2020-02,Norfolk Constabulary,Norfolk Constabulary,0.435249,52.752572,On or near Hawthorns,E01026663,King's Lynn and West Norfolk 010B,Violence and sexual offences,Status update unavailable,
3794eb2649476a29332fe75a21a1f54458ec0f548a00647722008c52aee6df85,2020-02,Norfolk Constabulary,Norfolk Constabulary,0.438376,52.746735,On or near Beechan Drive,E01026664,King's Lynn and West Norfolk 010C,Bicycle theft,Investigation complete; no suspect identified,
a0e6afd31cc4765d823bed1403a962fe12ffbdb33d4a3ca0178fe9434687c877,2020-02,Norfolk Constabulary,Norfolk Constabulary,0.442581,52.752241,On or near Orwell Close,E01026664,King's Lynn and West Norfolk 010C,Other theft,Unable to prosecute suspect,
bafcbec2008e3e6dcbc86b46939c4e3b7dd10fdd17ad822a917f19435b44c94f,2020-02,Norfolk Constabulary,Norfolk Constabulary,0.437144,52.749629,On or near Telford Close,E01026664,King's Lynn and West Norfolk 010C,Public order,Unable to prosecute suspect,
c3657d3557a03b06fa7604af8aad7e235fa74dd155cfe604482acff98b2ce5f6,2020-02,Norfolk Constabulary,Norfolk Constabulary,0.442896,52.749933,On or near Montgomery Way,E01026664,King's Lynn and West Norfolk 010C,Violence and sexual offences,Unable to prosecute suspect,
42d5015606c63f915c7b1f20c2ead2d4fed92cec079ac9b712d315bacd7f1166,2020-02,Norfolk Constabulary,Norfolk Constabulary,0.440348,52.750741,On or near Bader Close,E01026664,King's Lynn and West Norfolk 010C,Violence and sexual offences,Action to be taken by another organisation,
9e77a5355ae055d701a8b92e61b3614b02ac6e9f49b25b4fe8461b9f701c719f,2020-02,Norfolk Constabulary,Norfolk Constabulary,0.438376,52.746735,On or near Beechan Drive,E01026664,King's Lynn and West Norfolk 010C,Violence and sexual offences,Unable to prosecute suspect,
b9de000cd3773c9db9ab2cc7ea6a2143c4136b78b2a47d6643119ba218cf1021,2020-02,Norfolk Constabulary,Norfolk Constabulary,0.438376,52.746735,On or near Beechan Drive,E01026664,King's Lynn and West Norfolk 010C,Violence and sexual offences,Unable to prosecute suspect,
756d123296ffe1db0d57fbaef4d2c7d5e8a1247463dee0b4be192f6f89252a8f,2020-02,Norfolk Constabulary,Norfolk Constabulary,0.438376,52.746735,On or near Beechan Drive,E01026664,King's Lynn and West Norfolk 010C,Violence and sexual offences,Unable to prosecute suspect,
08d3531bba1c91623fb8ad03ccde5214c8ec1efb9713d44734a6b46a86f4e82c,2020-02,Norfolk Constabulary,Norfolk Constabulary,0.443946,52.750945,On or near Burch Close,E01026664,King's Lynn and West Norfolk 010C,Violence and sexual offences,Unable to prosecute suspect,
,2020-02,Norfolk Constabulary,Norfolk Constabulary,0.443043,52.757069,On or near Lamport Court,E01026714,King's Lynn and West Norfolk 010D,Anti-social behaviour,,
,2020-02,Norfolk Constabulary,Norfolk Constabulary,0.432401,52.758115,On or near Queensway,E01026714,King's Lynn and West Norfolk 010D,Anti-social behaviour,,
,2020-02,Norfolk Constabulary,Norfolk Constabulary,0.446984,52.756772,On or near Hospital,E01026714,King's Lynn and West Norfolk 010D,Anti-social behaviour,,
3333ba502826171dec6c4db96a3830ff03d519ebef25c1e6b25f2c13e6123fad,2020-02,Norfolk Constabulary,Norfolk Constabulary,0.446984,52.756772,On or near Hospital,E01026714,King's Lynn and West Norfolk 010D,Other theft,Unable to prosecute suspect,
8c5835c020ab8872a75402bdeb0344200fdef212a4ace9307ca2c0fb01b48d63,2020-02,Norfolk Constabulary,Norfolk Constabulary,0.446984,52.756772,On or near Hospital,E01026714,King's Lynn and West Norfolk 010D,Other theft,Investigation complete; no suspect identified,
fe2bd2a690534e8abb0a77cf898bd97f83d230e00795262a845bd90df3c3f92a,2020-02,Norfolk Constabulary,Norfolk Constabulary,0.440839,52.757942,On or near Silver Hill,E01026714,King's Lynn and West Norfolk 010D,Possession of weapons,Further action is not in the public interest,
1acb78a3ed0569cd0da76c4b6e6d84b0ac4efb22f80e42f4d1c01707d710de4f,2020-02,Norfolk Constabulary,Norfolk Constabulary,0.440839,52.757942,On or near Silver Hill,E01026714,King's Lynn and West Norfolk 010D,Public order,Unable to prosecute suspect,
b806fea5495aa2565aa194377e59fe948bf3a248a976f79da32d00ed72376ffd,2020-02,Norfolk Constabulary,Norfolk Constabulary,0.442647,52.758453,On or near Sawston,E01026714,King's Lynn and West Norfolk 010D,Violence and sexual offences,Unable to prosecute suspect,
27b15082cb3141e6b205686ff3b555a5b6f5b3586f8834d31736e12b6a757754,2020-02,Norfolk Constabulary,Norfolk Constabulary,0.442257,52.758641,On or near Horton Road,E01026714,King's Lynn and West Norfolk 010D,Violence and sexual offences,Awaiting court outcome,
2845a7b5ad8f408a4cd1b21c305ba953ac68f55094cebe9baec3eb4e582fd64f,2020-02,Norfolk Constabulary,Norfolk Constabulary,0.432284,52.759476,On or near Parking Area,E01026714,King's Lynn and West Norfolk 010D,Violence and sexual offences,Unable to prosecute suspect,
bb2ef851782f630c20ef85e4e697870ac521ddf9f7b48c86b6c4369427ccf589,2020-02,Norfolk Constabulary,Norfolk Constabulary,0.446984,52.756772,On or near Hospital,E01026714,King's Lynn and West Norfolk 010D,Violence and sexual offences,Action to be taken by another organisation,
1606ebc2df6bd39dfe6e6ce41bbce47a161ea62dde4bb014f69c9f07de61405b,2020-02,Norfolk Constabulary,Norfolk Constabulary,0.441208,52.756586,On or near Rodinghead,E01026714,King's Lynn and West Norfolk 010D,Violence and sexual offences,Action to be taken by another organisation,
93bef5a2eac1c34f39ce989742d5c4a7754e7c7178f7e7601bae0c3423d6746e,2020-02,Norfolk Constabulary,Norfolk Constabulary,0.442257,52.758641,On or near Horton Road,E01026714,King's Lynn and West Norfolk 010D,Violence and sexual offences,Awaiting court outcome,
daad36ba243c89aa34b406a614c7f4652dff424ca57e9dcc3fab5de408d0a0f2,2020-02,Norfolk Constabulary,Norfolk Constabulary,0.446984,52.756772,On or near Hospital,E01026714,King's Lynn and West Norfolk 010D,Violence and sexual offences,Investigation complete; no suspect identified,
efe490b2c8f7248e50d710e0e87e0b5d09cc15d22f22b59c7f3e73e2c5772407,2020-02,Norfolk Constabulary,Norfolk Constabulary,0.442257,52.758641,On or near Horton Road,E01026714,King's Lynn and West Norfolk 010D,Violence and sexual offences,Awaiting court outcome,
26cd321180466ce35e374bc5628bd050f7a007042dd324290bb5abe0ba3fa0a6,2020-02,Norfolk Constabulary,Norfolk Constabulary,0.446984,52.756772,On or near Hospital,E01026714,King's Lynn and West Norfolk 010D,Violence and sexual offences,Awaiting court outcome,
,2020-02,Norfolk Constabulary,Norfolk Constabulary,0.403075,52.754433,On or near Petrol Station,E01026698,King's Lynn and West Norfolk 011A,Anti-social behaviour,,
,2020-02,Norfolk Constabulary,Norfolk Constabulary,0.395044,52.755549,On or near High Street,E01026698,King's Lynn and West Norfolk 011A,Anti-social behaviour,,
,2020-02,Norfolk Constabulary,Norfolk Constabulary,0.396365,52.757734,On or near St Ann'S Street,E01026698,King's Lynn and West Norfolk 011A,Anti-social behaviour,,
,2020-02,Norfolk Constabulary,Norfolk Constabulary,0.399566,52.754765,On or near Parking Area,E01026698,King's Lynn and West Norfolk 011A,Anti-social behaviour,,
,2020-02,Norfolk Constabulary,Norfolk Constabulary,0.402073,52.755083,On or near Kirby Street,E01026698,King's Lynn and West Norfolk 011A,Anti-social behaviour,,
,2020-02,Norfolk Constabulary,Norfolk Constabulary,0.395044,52.755549,On or near High Street,E01026698,King's Lynn and West Norfolk 011A,Anti-social behaviour,,
,2020-02,Norfolk Constabulary,Norfolk Constabulary,0.397982,52.754258,On or near Supermarket,E01026698,King's Lynn and West Norfolk 011A,Anti-social behaviour,,
,2020-02,Norfolk Constabulary,Norfolk Constabulary,0.396534,52.758666,On or near Parking Area,E01026698,King's Lynn and West Norfolk 011A,Anti-social behaviour,,
,2020-02,Norfolk Constabulary,Norfolk Constabulary,0.398562,52.754561,On or near Shopping Area,E01026698,King's Lynn and West Norfolk 011A,Anti-social behaviour,,
,2020-02,Norfolk Constabulary,Norfolk Constabulary,0.395044,52.755549,On or near High Street,E01026698,King's Lynn and West Norfolk 011A,Anti-social behaviour,,
,2020-02,Norfolk Constabulary,Norfolk Constabulary,0.406155,52.755198,On or near Highgate,E01026698,King's Lynn and West Norfolk 011A,Anti-social behaviour,,
,2020-02,Norfolk Constabulary,Norfolk Constabulary,0.403075,52.754433,On or near Petrol Station,E01026698,King's Lynn and West Norfolk 011A,Anti-social behaviour,,
,2020-02,Norfolk Constabulary,Norfolk Constabulary,0.398562,52.754561,On or near Shopping Area,E01026698,King's Lynn and West Norfolk 011A,Anti-social behaviour,,
,2020-02,Norfolk Constabulary,Norfolk Constabulary,0.398562,52.754561,On or near Shopping Area,E01026698,King's Lynn and West Norfolk 011A,Anti-social behaviour,,
,2020-02,Norfolk Constabulary,Norfolk Constabulary,0.396534,52.758666,On or near Parking Area,E01026698,King's Lynn and West Norfolk 011A,Anti-social behaviour,,
34c41c7db45e3114cc57af13c188c0844f27f0edcd48ffeea8c72366bf57325f,2020-02,Norfolk Constabulary,Norfolk Constabulary,0.405523,52.756371,On or near Dodmans Close,E01026698,King's Lynn and West Norfolk 011A,Burglary,Investigation complete; no suspect identified,
fc369f507086ef11994144b78ed36747fcbdd94a5fe5d11b8ac27f98e6d794ed,2020-02,Norfolk Constabulary,Norfolk Constabulary,0.402734,52.754431,On or near Blackfriars Road,E01026698,King's Lynn and West Norfolk 011A,Criminal damage and arson,Investigation complete; no suspect identified,
faf477d9f545215a947312e94ab3787930cc4240ee0b668e8085a7802f9dd145,2020-02,Norfolk Constabulary,Norfolk Constabulary,0.406155,52.755198,On or near Highgate,E01026698,King's Lynn and West Norfolk 011A,Criminal damage and arson,Investigation complete; no suspect identified,
246743957afcd0ab9d381f1ba5b3226d93a2c9bcbc76561682c6e71fa0c35555,2020-02,Norfolk Constabulary,Norfolk Constabulary,0.402734,52.754431,On or near Blackfriars Road,E01026698,King's Lynn and West Norfolk 011A,Criminal damage and arson,Investigation complete; no suspect identified,
c2e8ef6dcdbeac0090782199a5febe0715a81a0f74f87b9dd4f35f3fddd6707f,2020-02,Norfolk Constabulary,Norfolk Constabulary,0.401792,52.753740,On or near Waterloo Street,E01026698,King's Lynn and West Norfolk 011A,Criminal damage and arson,Investigation complete; no suspect identified,
5403d06fd1d4f92fcb2e5aa7f0e36735ef4317909785f6050f8ca111af5842d0,2020-02,Norfolk Constabulary,Norfolk Constabulary,0.394355,52.751085,On or near St Margaret'S Lane,E01026698,King's Lynn and West Norfolk 011A,Criminal damage and arson,Investigation complete; no suspect identified,
b92aef366f85702567fdf276c65dcf6013acf1a185d901e441c3da9a3f4ec1f7,2020-02,Norfolk Constabulary,Norfolk Constabulary,0.401224,52.756089,On or near Supermarket,E01026698,King's Lynn and West Norfolk 011A,Criminal damage and arson,Court result unavailable,
8de644d25b175d920d4bb6b0ec32ff0e6a52da3809ea96451c91cd63cc7643e5,2020-02,Norfolk Constabulary,Norfolk Constabulary,0.402073,52.755083,On or near Kirby Street,E01026698,King's Lynn and West Norfolk 011A,Drugs,Unable to prosecute suspect,
4d5a2edf3e9e01e6f3356b1188bedbb0b1589686f6460668dd941229987fc3fa,2020-02,Norfolk Constabulary,Norfolk Constabulary,0.404477,52.755673,On or near Wyatt Street,E01026698,King's Lynn and West Norfolk 011A,Drugs,Court result unavailable,
575b8a9a07b8f86ec9d0a928280b554e6a4bc31a750f7ae966ca98e7159713bb,2020-02,Norfolk Constabulary,Norfolk Constabulary,0.398937,52.755452,On or near Paradise Lane,E01026698,King's Lynn and West Norfolk 011A,Drugs,Offender given a caution,
a2f8dc601310b8a93a8d4eabbb81de6608e9f9e8ad0b461bc769eb3f02bb6729,2020-02,Norfolk Constabulary,Norfolk Constabulary,0.398564,52.755154,On or near Oldsunway,E01026698,King's Lynn and West Norfolk 011A,Drugs,Court result unavailable,
8443c2f967d61661fc6518c4181209fdcc9520fb02d4b54ff113dd185b537b96,2020-02,Norfolk Constabulary,Norfolk Constabulary,0.399681,52.755779,On or near Norfolk Street,E01026698,King's Lynn and West Norfolk 011A,Drugs,Offender given a caution,
4081836e3d0d0d5108410347ed02fb6ea6224a15edd0514c95cec64576e2c690,2020-02,Norfolk Constabulary,Norfolk Constabulary,0.393517,52.755544,On or near Theatre/Concert Hall,E01026698,King's Lynn and West Norfolk 011A,Drugs,Formal action is not in the public interest,
5947704a47ae18357d094ebe9ad6cb46fa128a4b4094f04303091fc9e1909729,2020-02,Norfolk Constabulary,Norfolk Constabulary,0.405523,52.756371,On or near Dodmans Close,E01026698,King's Lynn and West Norfolk 011A,Drugs,Offender given a caution,
dfdf6912d990fa257b70927d8bc4cc65f3dd942cfedd513fdea5b6a02c1d9ee2,2020-02,Norfolk Constabulary,Norfolk Constabulary,0.405523,52.756371,On or near Dodmans Close,E01026698,King's Lynn and West Norfolk 011A,Other theft,Investigation complete; no suspect identified,
0ef2a56bec98371ae9011a53f31afd5d881ab2d64c6e650b9cd536c07ef65f44,2020-02,Norfolk Constabulary,Norfolk Constabulary,0.405523,52.756371,On or near Dodmans Close,E01026698,King's Lynn and West Norfolk 011A,Other theft,Investigation complete; no suspect identified,
dbe13ee109ffbbe1debf0644c3187023f45f482104b537cd603ee7771195dc20,2020-02,Norfolk Constabulary,Norfolk Constabulary,0.401007,52.757532,On or near Austin Fields,E01026698,King's Lynn and West Norfolk 011A,Other theft,Unable to prosecute suspect,
e318cd8bc6b8b26830c20040281fa1b2920de09495b066d56e616e130110f7c0,2020-02,Norfolk Constabulary,Norfolk Constabulary,0.395659,52.755420,On or near Shopping Area,E01026698,King's Lynn and West Norfolk 011A,Other theft,Investigation complete; no suspect identified,
8a91a21f1623fdd2164d7c22d7626557a0a464077077ede30a8768e6ef0fe755,2020-02,Norfolk Constabulary,Norfolk Constabulary,0.397961,52.753890,On or near Shopping Area,E01026698,King's Lynn and West Norfolk 011A,Other theft,Investigation complete; no suspect identified,
54e145cd36bebc5e99f05a35082d62af15168ec7d9a57e35024ac4660b6d0a0c,2020-02,Norfolk Constabulary,Norfolk Constabulary,0.394355,52.751085,On or near St Margaret'S Lane,E01026698,King's Lynn and West Norfolk 011A,Other theft,Investigation complete; no suspect identified,
dec615c178eb4082936fa721d5cb1c64c3f9d4b6a0c29f69f4d27a532c6b502c,2020-02,Norfolk Constabulary,Norfolk Constabulary,0.396534,52.758666,On or near Parking Area,E01026698,King's Lynn and West Norfolk 011A,Other theft,Investigation complete; no suspect identified,
a122404309cbdd3cae68f39f11ecaf78eb611595666e086132d23c1dcd693906,2020-02,Norfolk Constabulary,Norfolk Constabulary,0.398564,52.755154,On or near Oldsunway,E01026698,King's Lynn and West Norfolk 011A,Possession of weapons,Offender given a caution,
7d8719116601edcf33685dc1ec6406ef065ad6193bfdc205c32f2e6a2d1a95de,2020-02,Norfolk Constabulary,Norfolk Constabulary,0.393892,52.751832,On or near College Lane,E01026698,King's Lynn and West Norfolk 011A,Public order,Unable to prosecute suspect,
20b2675dfda7870d0321b0e75423d9e4d5fc79b0110f73e74e072ff7ecc145ba,2020-02,Norfolk Constabulary,Norfolk Constabulary,0.401007,52.757532,On or near Austin Fields,E01026698,King's Lynn and West Norfolk 011A,Public order,Court result unavailable,
c0e42d93505c3a7c21b30ea7a2df5d12dbe4e7f8f332b65c6ab22d6d29420344,2020-02,Norfolk Constabulary,Norfolk Constabulary,0.396621,52.756192,On or near Chapel Street,E01026698,King's Lynn and West Norfolk 011A,Public order,Awaiting court outcome,
106dfba220ffa48685d04e847901addf9a60311034c9d7938c190059fa81f239,2020-02,Norfolk Constabulary,Norfolk Constabulary,0.393627,52.754849,On or near King Street,E01026698,King's Lynn and West Norfolk 011A,Public order,Unable to prosecute suspect,
d1af60ea5bd0b8fbba02203a74b4c0aed721b41787931e69fa90db652f6f4f74,2020-02,Norfolk Constabulary,Norfolk Constabulary,0.397982,52.754258,On or near Supermarket,E01026698,King's Lynn and West Norfolk 011A,Public order,Unable to prosecute suspect,
286c1505e1be54f7b979e0a46ed354c673f29cae17af9d22bd6c43dfffacde1d,2020-02,Norfolk Constabulary,Norfolk Constabulary,0.398937,52.755452,On or near Paradise Lane,E01026698,King's Lynn and West Norfolk 011A,Public order,Formal action is not in the public interest,
35180b61af0703f2054b3e9fd05a23b95051bf18f5556e0e23a3f884a64cc06d,2020-02,Norfolk Constabulary,Norfolk Constabulary,0.399681,52.755779,On or near Norfolk Street,E01026698,King's Lynn and West Norfolk 011A,Public order,Formal action is not in the public interest,
202c8504908fe8016d420e26f503d7eac94fbeab1afea19214713618fb48b4bd,2020-02,Norfolk Constabulary,Norfolk Constabulary,0.395778,52.756236,On or near Market Lane,E01026698,King's Lynn and West Norfolk 011A,Public order,Unable to prosecute suspect,
c685bab46fee07d124b9f76fa0b128746b4f62dbee043040e13e314c09af05bb,2020-02,Norfolk Constabulary,Norfolk Constabulary,0.397982,52.754258,On or near Supermarket,E01026698,King's Lynn and West Norfolk 011A,Public order,Unable to prosecute suspect,
1043ddb3cb4236add444db7aa041272e2bd4f9cd2f4efac890413794eec380c8,2020-02,Norfolk Constabulary,Norfolk Constabulary,0.401224,52.756089,On or near Supermarket,E01026698,King's Lynn and West Norfolk 011A,Public order,Court result unavailable,
4445c14749f893b6bcd0ace6029b07895b7ccfee4e5edb0d90bef8b7a98a1a7d,2020-02,Norfolk Constabulary,Norfolk Constabulary,0.398564,52.755154,On or near Oldsunway,E01026698,King's Lynn and West Norfolk 011A,Public order,Unable to prosecute suspect,
ae310f5dc6bc53d4b56402996edb30d9f44d97a0d3d1a2722492e3d583d0fe57,2020-02,Norfolk Constabulary,Norfolk Constabulary,0.397982,52.754258,On or near Supermarket,E01026698,King's Lynn and West Norfolk 011A,Public order,Unable to prosecute suspect,
17eb5d162fc87a72c2805c658c7e32574b81c3c95fed259702aee11596ed12c6,2020-02,Norfolk Constabulary,Norfolk Constabulary,0.401007,52.757532,On or near Austin Fields,E01026698,King's Lynn and West Norfolk 011A,Public order,Court result unavailable,
4e76847e18861fc554a3db6539e04856f41165d9e085a5e70c8c832bbc7d691f,2020-02,Norfolk Constabulary,Norfolk Constabulary,0.399566,52.754765,On or near Parking Area,E01026698,King's Lynn and West Norfolk 011A,Shoplifting,Court result unavailable,
730851c8724b11d92c6aaef881f0d332df9df7e0c5e60dd01febb32941cd769b,2020-02,Norfolk Constabulary,Norfolk Constabulary,0.395044,52.755549,On or near High Street,E01026698,King's Lynn and West Norfolk 011A,Shoplifting,Court result unavailable,
2e637cc8f0afa4e199e91ff3ccb5cc6aff4ac0b5295eb86bc5c33bc5b8b16d20,2020-02,Norfolk Constabulary,Norfolk Constabulary,0.397982,52.754258,On or near Supermarket,E01026698,King's Lynn and West Norfolk 011A,Shoplifting,Offender given a caution,
bc022edc2f1326b9cd0c180eddd7eb8f5b7836c9c8c8e8e9d27f0914f1b803ed,2020-02,Norfolk Constabulary,Norfolk Constabulary,0.395044,52.755549,On or near High Street,E01026698,King's Lynn and West Norfolk 011A,Shoplifting,Court result unavailable,
1708d6939d032fef258440d80f2e2a387c222fe8f60fde734106d2428b42c179,2020-02,Norfolk Constabulary,Norfolk Constabulary,0.397982,52.754258,On or near Supermarket,E01026698,King's Lynn and West Norfolk 011A,Shoplifting,Unable to prosecute suspect,
14984b6dec21bba954449864479a53fa8ae89eecdf1842bce15b553e159527a5,2020-02,Norfolk Constabulary,Norfolk Constabulary,0.398562,52.754561,On or near Shopping Area,E01026698,King's Lynn and West Norfolk 011A,Shoplifting,Court result unavailable,
cf49afe51638c0a501a497464448e9f89fa7ec5ace0d8073479bb365f6b1d9e7,2020-02,Norfolk Constabulary,Norfolk Constabulary,0.399566,52.754765,On or near Parking Area,E01026698,King's Lynn and West Norfolk 011A,Shoplifting,Court result unavailable,
b3ba0fda8ae040b96a5c1279b1876dbbf2a1025c96d6d3b51ee243b305978a74,2020-02,Norfolk Constabulary,Norfolk Constabulary,0.399566,52.754765,On or near Parking Area,E01026698,King's Lynn and West Norfolk 011A,Shoplifting,Offender given a caution,
2a4030469fafb65a5dca9daf71f7a788843af459490248876dfc19a9745283b6,2020-02,Norfolk Constabulary,Norfolk Constabulary,0.397536,52.756119,On or near Albert Avenue,E01026698,King's Lynn and West Norfolk 011A,Shoplifting,Court result unavailable,
8ddcbd817fe70d273e24f73fd5dc51b046957edfc3967555a348d64cf701be77,2020-02,Norfolk Constabulary,Norfolk Constabulary,0.399566,52.754765,On or near Parking Area,E01026698,King's Lynn and West Norfolk 011A,Shoplifting,Court result unavailable,
cc280fd488873e78d0489a2e26c4f0de3127ef4a998cdd9acc6689a57a8397c4,2020-02,Norfolk Constabulary,Norfolk Constabulary,0.398562,52.754561,On or near Shopping Area,E01026698,King's Lynn and West Norfolk 011A,Shoplifting,Court result unavailable,
fe6d51fed59ea22b93aa0839dc6aef8f99e19e2a497ec2db7f854d529ec77cea,2020-02,Norfolk Constabulary,Norfolk Constabulary,0.397961,52.753890,On or near Shopping Area,E01026698,King's Lynn and West Norfolk 011A,Shoplifting,Investigation complete; no suspect identified,
4d5c8377fdabcf2462ae47f8301d057e352706cac331f3a8f3a663cb9d85b13b,2020-02,Norfolk Constabulary,Norfolk Constabulary,0.395044,52.755549,On or near High Street,E01026698,King's Lynn and West Norfolk 011A,Shoplifting,Court result unavailable,
dd5ed546246e1e36336e6a01eb79bc7d9f076df4f75b1a4fca3dbf82597dc024,2020-02,Norfolk Constabulary,Norfolk Constabulary,0.402734,52.754431,On or near Blackfriars Road,E01026698,King's Lynn and West Norfolk 011A,Theft from the person,Investigation complete; no suspect identified,
b6693f7cd8b0a3a302258332c3aec8b73940f126d0dfe5f5bd736113f401d1e1,2020-02,Norfolk Constabulary,Norfolk Constabulary,0.400221,52.754293,On or near Albion Street,E01026698,King's Lynn and West Norfolk 011A,Theft from the person,Investigation complete; no suspect identified,
636a32059c86daee8eacfc424aed31581a7d6f5a1c80168487df1c34b98bd07c,2020-02,Norfolk Constabulary,Norfolk Constabulary,0.393517,52.755544,On or near Theatre/Concert Hall,E01026698,King's Lynn and West Norfolk 011A,Theft from the person,Investigation complete; no suspect identified,
e1cb8e804fa631b034d235dde5b0e7488d2d44d4cf3eae6c95175a5536ba76ce,2020-02,Norfolk Constabulary,Norfolk Constabulary,0.395659,52.755420,On or near Shopping Area,E01026698,King's Lynn and West Norfolk 011A,Theft from the person,Investigation complete; no suspect identified,
291aa2bd00207ef3518169669e0f8d37330086a2a67d82adf7e9b9e816c60b11,2020-02,Norfolk Constabulary,Norfolk Constabulary,0.397982,52.754258,On or near Supermarket,E01026698,King's Lynn and West Norfolk 011A,Theft from the person,Investigation complete; no suspect identified,
5666ee477d04661091023db46a3a5c2a872e2ce35c8223339008b59d79cee8e0,2020-02,Norfolk Constabulary,Norfolk Constabulary,0.401792,52.753740,On or near Waterloo Street,E01026698,King's Lynn and West Norfolk 011A,Vehicle crime,Court result unavailable,
8acb7a7a0973375f95bd352964aedeb8f89ee903d2cd891070df4cd9fd13fc72,2020-02,Norfolk Constabulary,Norfolk Constabulary,0.395659,52.755420,On or near Shopping Area,E01026698,King's Lynn and West Norfolk 011A,Violence and sexual offences,Court result unavailable,
3d4a19e33a88d4c703169ee51643cae3054af0e633751ca97858204c9ed836d8,2020-02,Norfolk Constabulary,Norfolk Constabulary,0.401224,52.756089,On or near Supermarket,E01026698,King's Lynn and West Norfolk 011A,Violence and sexual offences,Unable to prosecute suspect,
337f82272624867248726265a36d4abb6c49baac314df8f277b9442638c71ce4,2020-02,Norfolk Constabulary,Norfolk Constabulary,0.399681,52.755779,On or near Norfolk Street,E01026698,King's Lynn and West Norfolk 011A,Violence and sexual offences,Court result unavailable,
c25f433168be0d588e4d786094726ad385b77c481ffe2d75be97a9da39549b4e,2020-02,Norfolk Constabulary,Norfolk Constabulary,0.401286,52.756682,On or near Austin Street,E01026698,King's Lynn and West Norfolk 011A,Violence and sexual offences,Unable to prosecute suspect,
66fc97284c60c8229bbcbb64bfb6ab9b6a9b43386b1a289884cdfaa55d5da411,2020-02,Norfolk Constabulary,Norfolk Constabulary,0.401773,52.754208,On or near Portland Street,E01026698,King's Lynn and West Norfolk 011A,Violence and sexual offences,Court result unavailable,
cafb30e298f17d8f1004763f8cad8c155b0cf085d4155a5d6f2873db55ea8ef5,2020-02,Norfolk Constabulary,Norfolk Constabulary,0.398564,52.755154,On or near Oldsunway,E01026698,King's Lynn and West Norfolk 011A,Violence and sexual offences,Unable to prosecute suspect,
9177c9690a2e2b8cbb9f01ac6f6cc18e518d48bd9b3e6581a28cfd9dbe8efce4,2020-02,Norfolk Constabulary,Norfolk Constabulary,0.399681,52.755779,On or near Norfolk Street,E01026698,King's Lynn and West Norfolk 011A,Violence and sexual offences,Court result unavailable,
60a528dd45d9034d96caea32599c6010a671642590c2d334d6efdcc6acb5e84f,2020-02,Norfolk Constabulary,Norfolk Constabulary,0.402528,52.756081,On or near Norfolk Street,E01026698,King's Lynn and West Norfolk 011A,Violence and sexual offences,Court result unavailable,
bd6d85d1c701ace80a5d0b6f06b392fda9d38379f73281fa72c355e7daf4dbc5,2020-02,Norfolk Constabulary,Norfolk Constabulary,0.396534,52.758666,On or near Parking Area,E01026698,King's Lynn and West Norfolk 011A,Violence and sexual offences,Unable to prosecute suspect,
ed034627575b2985b91d8ad154bd6d349b211080d0c6c47c9c380305dca61620,2020-02,Norfolk Constabulary,Norfolk Constabulary,0.402528,52.756081,On or near Norfolk Street,E01026698,King's Lynn and West Norfolk 011A,Violence and sexual offences,Unable to prosecute suspect,
320feb4a46a4d1d60a8d239ed49837875dc00c5c96a5ebc27dcc569bf6bb8fac,2020-02,Norfolk Constabulary,Norfolk Constabulary,0.401792,52.753740,On or near Waterloo Street,E01026698,King's Lynn and West Norfolk 011A,Violence and sexual offences,Unable to prosecute suspect,
ab1b07e8a43e863de44679445aa0560d327fee2056ac9de452f520922aaa8981,2020-02,Norfolk Constabulary,Norfolk Constabulary,0.401792,52.753740,On or near Waterloo Street,E01026698,King's Lynn and West Norfolk 011A,Violence and sexual offences,Unable to prosecute suspect,
1082fa2e1902ac863d6f2a0c84813b44176437aa98c22259cb6a112b0cda795d,2020-02,Norfolk Constabulary,Norfolk Constabulary,0.401792,52.753740,On or near Waterloo Street,E01026698,King's Lynn and West Norfolk 011A,Violence and sexual offences,Unable to prosecute suspect,
fdde194926dcb151fbb29d2bf264ab844acc8592fdc517fb2e6e07ad5c9c395b,2020-02,Norfolk Constabulary,Norfolk Constabulary,0.404210,52.756487,On or near Gaywood Road,E01026698,King's Lynn and West Norfolk 011A,Violence and sexual offences,Investigation complete; no suspect identified,
470f14b85daf63ec0d1f1fe9eecb48a6017c0cea774b9b3ea82ac0167ec3baa1,2020-02,Norfolk Constabulary,Norfolk Constabulary,0.398564,52.755154,On or near Oldsunway,E01026698,King's Lynn and West Norfolk 011A,Violence and sexual offences,Unable to prosecute suspect,
9c8620cd12f12a9c621f608170216c70c70b8f03798be423c58fee473b14be0d,2020-02,Norfolk Constabulary,Norfolk Constabulary,0.399681,52.755779,On or near Norfolk Street,E01026698,King's Lynn and West Norfolk 011A,Violence and sexual offences,Unable to prosecute suspect,
4079706603ac47993cc19a2f29440a306fc95abf4d4e6f34bcbb89789c4c7d32,2020-02,Norfolk Constabulary,Norfolk Constabulary,0.397955,52.756731,On or near Parking Area,E01026698,King's Lynn and West Norfolk 011A,Violence and sexual offences,Unable to prosecute suspect,
7bf14226ea7d78bac39af874c3038ef9cf5735fa4c82e8985531829f38c49462,2020-02,Norfolk Constabulary,Norfolk Constabulary,0.395659,52.755420,On or near Shopping Area,E01026698,King's Lynn and West Norfolk 011A,Violence and sexual offences,Unable to prosecute suspect,
3d78af30443df58ca9d258de7daeae7340aac280a15d5dbd3b95916aa2f189d1,2020-02,Norfolk Constabulary,Norfolk Constabulary,0.399681,52.755779,On or near Norfolk Street,E01026698,King's Lynn and West Norfolk 011A,Violence and sexual offences,Offender given a caution,
92f3bc1ee37f930d52b5272ccab4a8908c8066a35a6b518fb679248c3aa69a20,2020-02,Norfolk Constabulary,Norfolk Constabulary,0.398937,52.755452,On or near Paradise Lane,E01026698,King's Lynn and West Norfolk 011A,Violence and sexual offences,Unable to prosecute suspect,
b917550dc0ee34d8e91a9210c789369968160a3413a67385519c9e6b5362cc60,2020-02,Norfolk Constabulary,Norfolk Constabulary,0.399566,52.754765,On or near Parking Area,E01026698,King's Lynn and West Norfolk 011A,Violence and sexual offences,Unable to prosecute suspect,
dfa899baf4843dd3eee73616254a1dec6ccbc78ad3b7def6a5286a3d89dfcea1,2020-02,Norfolk Constabulary,Norfolk Constabulary,0.393627,52.754849,On or near King Street,E01026698,King's Lynn and West Norfolk 011A,Violence and sexual offences,Status update unavailable,
84b0ee7bc757ed810bb1add906281c9e2bb4ad0c71d2ced58c84e4d5dc10cd26,2020-02,Norfolk Constabulary,Norfolk Constabulary,0.403075,52.754433,On or near Petrol Station,E01026698,King's Lynn and West Norfolk 011A,Violence and sexual offences,Unable to prosecute suspect,
4d7f8d3188de4b1d6eba57f5fd33a466231d04f0d8978437d6e6194f2589a718,2020-02,Norfolk Constabulary,Norfolk Constabulary,0.398467,52.757692,On or near John Kennedy Road,E01026698,King's Lynn and West Norfolk 011A,Violence and sexual offences,Unable to prosecute suspect,
77b0d3f26bd78e5fb7c4b55150bec3887f20527573afd6471ad4bdbc3ee4b253,2020-02,Norfolk Constabulary,Norfolk Constabulary,0.401792,52.753740,On or near Waterloo Street,E01026698,King's Lynn and West Norfolk 011A,Violence and sexual offences,Unable to prosecute suspect,
6ad794156df566bbc2dab5e2047a5df471eadc7dbec4279a939e85d7d0a6e2fb,2020-02,Norfolk Constabulary,Norfolk Constabulary,0.406155,52.755198,On or near Highgate,E01026698,King's Lynn and West Norfolk 011A,Violence and sexual offences,Unable to prosecute suspect,
c9011fe02ac9d0573d6eec618405bd1a0a1d332ffd08947a89dd19fadc9b0758,2020-02,Norfolk Constabulary,Norfolk Constabulary,0.401773,52.754208,On or near Portland Street,E01026698,King's Lynn and West Norfolk 011A,Violence and sexual offences,Court result unavailable,
a4b8d63faa059d3774658e658f471d6ba6e57a982e1709af84958bf94463e674,2020-02,Norfolk Constabulary,Norfolk Constabulary,0.398937,52.755452,On or near Paradise Lane,E01026698,King's Lynn and West Norfolk 011A,Violence and sexual offences,Unable to prosecute suspect,
c810f8176812eff52352c12c1db854c363baffe4b21ce1fcd869ee62be340c43,2020-02,Norfolk Constabulary,Norfolk Constabulary,0.398937,52.755452,On or near Paradise Lane,E01026698,King's Lynn and West Norfolk 011A,Violence and sexual offences,Awaiting court outcome,
22c9a9f4a04f2c32067a68a4f473c3003f5058f9898ef4f14bb8dc26aa6418eb,2020-02,Norfolk Constabulary,Norfolk Constabulary,0.401792,52.753740,On or near Waterloo Street,E01026698,King's Lynn and West Norfolk 011A,Violence and sexual offences,Unable to prosecute suspect,
0a40ebd1a236bad94e87aad1fe949d6501968f8440d7a727033b5af9ddde5c4e,2020-02,Norfolk Constabulary,Norfolk Constabulary,0.405523,52.756371,On or near Dodmans Close,E01026698,King's Lynn and West Norfolk 011A,Violence and sexual offences,Unable to prosecute suspect,
a3d1ec4db7f347db4a9a9c9d1b1a2442e680aecadfa8346f9c786b1b03576e30,2020-02,Norfolk Constabulary,Norfolk Constabulary,0.405523,52.756371,On or near Dodmans Close,E01026698,King's Lynn and West Norfolk 011A,Violence and sexual offences,Investigation complete; no suspect identified,
0c0b7926a42df646d3559f71bb13eaf0065fdd312898bd7d9994dd0d2014b6bf,2020-02,Norfolk Constabulary,Norfolk Constabulary,0.398564,52.755154,On or near Oldsunway,E01026698,King's Lynn and West Norfolk 011A,Violence and sexual offences,Court result unavailable,
0ed6f764a7dd71c6c9cf4ad100d8528914ab435abccf49758352240e0398ed7c,2020-02,Norfolk Constabulary,Norfolk Constabulary,0.398937,52.755452,On or near Paradise Lane,E01026698,King's Lynn and West Norfolk 011A,Violence and sexual offences,Unable to prosecute suspect,
37218b8653f50211aed8b690584c8699d40f3e03fc7a5493ea495d66ebaab923,2020-02,Norfolk Constabulary,Norfolk Constabulary,0.405523,52.756371,On or near Dodmans Close,E01026698,King's Lynn and West Norfolk 011A,Violence and sexual offences,Unable to prosecute suspect,
14c0f74c95b82f30c0b1881a7cfc7a8a7894fecc8ae3fcee1ecf9475a49bccce,2020-02,Norfolk Constabulary,Norfolk Constabulary,0.398937,52.755452,On or near Paradise Lane,E01026698,King's Lynn and West Norfolk 011A,Violence and sexual offences,Status update unavailable,
4f95b407a6e582b337c2c8d6e934704f44cccf269bcf15c80c928fdc0f2e61d6,2020-02,Norfolk Constabulary,Norfolk Constabulary,0.397955,52.756731,On or near Parking Area,E01026698,King's Lynn and West Norfolk 011A,Violence and sexual offences,Unable to prosecute suspect,
16e30cebe85b4723a346b8abc45755ded95d7072881a050ed939ed5a9f635113,2020-02,Norfolk Constabulary,Norfolk Constabulary,0.401773,52.754208,On or near Portland Street,E01026698,King's Lynn and West Norfolk 011A,Violence and sexual offences,Court result unavailable,
f1b65572cec8d881cd34b42d747a49a97178b76238631d9f952066d311954fb7,2020-02,Norfolk Constabulary,Norfolk Constabulary,0.398564,52.755154,On or near Oldsunway,E01026698,King's Lynn and West Norfolk 011A,Violence and sexual offences,Unable to prosecute suspect,
0054a12e28ff8e0342097bfb9c6a94f360945972fec5721ead8ff9aacebc2ee6,2020-02,Norfolk Constabulary,Norfolk Constabulary,0.398937,52.755452,On or near Paradise Lane,E01026698,King's Lynn and West Norfolk 011A,Violence and sexual offences,Court result unavailable,
311f6260804c40916b2c321226e5d0e6e95588757c473c39dfb0d7a643cd4e3c,2020-02,Norfolk Constabulary,Norfolk Constabulary,0.399566,52.754765,On or near Parking Area,E01026698,King's Lynn and West Norfolk 011A,Violence and sexual offences,Unable to prosecute suspect,
40902f51e1d14c2ac07305508d1e9512c71bd7bee496b0035df4f7ab0ee13d55,2020-02,Norfolk Constabulary,Norfolk Constabulary,0.393997,52.756451,On or near Tuesday Market Place,E01026698,King's Lynn and West Norfolk 011A,Violence and sexual offences,Unable to prosecute suspect,
4855bbb0c6e45513d0f1c998da51157d0970870dbc22a47c9479cd5e439ff8ca,2020-02,Norfolk Constabulary,Norfolk Constabulary,0.397982,52.754258,On or near Supermarket,E01026698,King's Lynn and West Norfolk 011A,Violence and sexual offences,Investigation complete; no suspect identified,
9fa48ed7a00e27c4395fb0c6f37455cb473a8151e5f5111d7833fb532d689a8e,2020-02,Norfolk Constabulary,Norfolk Constabulary,0.395659,52.755420,On or near Shopping Area,E01026698,King's Lynn and West Norfolk 011A,Violence and sexual offences,Court result unavailable,
976389f4cbc99b16dd8060759483879f94fdc89015cf86a5aa9754b0291a04d3,2020-02,Norfolk Constabulary,Norfolk Constabulary,0.405523,52.756371,On or near Dodmans Close,E01026698,King's Lynn and West Norfolk 011A,Violence and sexual offences,Unable to prosecute suspect,
08f6f96c34343c5974921db24badb396369b57ac0742009dcdaf1c83f9b46b2c,2020-02,Norfolk Constabulary,Norfolk Constabulary,0.398564,52.755154,On or near Oldsunway,E01026698,King's Lynn and West Norfolk 011A,Other crime,Further investigation is not in the public interest,
b10adfc77e1cda4cb4c5e5a1f3b79b690dab4a59ffc07d6bf5126ee8c24d66eb,2020-02,Norfolk Constabulary,Norfolk Constabulary,0.398564,52.755154,On or near Oldsunway,E01026698,King's Lynn and West Norfolk 011A,Other crime,Further investigation is not in the public interest,
,2020-02,Norfolk Constabulary,Norfolk Constabulary,0.395632,52.754647,On or near Shopping Area,E01026699,King's Lynn and West Norfolk 011B,Anti-social behaviour,,
,2020-02,Norfolk Constabulary,Norfolk Constabulary,0.398300,52.751149,On or near Tower Place,E01026699,King's Lynn and West Norfolk 011B,Anti-social behaviour,,
,2020-02,Norfolk Constabulary,Norfolk Constabulary,0.399861,52.751783,On or near Kings Lynn Police Station,E01026699,King's Lynn and West Norfolk 011B,Anti-social behaviour,,
,2020-02,Norfolk Constabulary,Norfolk Constabulary,0.402594,52.748122,On or near London Road,E01026699,King's Lynn and West Norfolk 011B,Anti-social behaviour,,
,2020-02,Norfolk Constabulary,Norfolk Constabulary,0.401811,52.751663,On or near County Court Road,E01026699,King's Lynn and West Norfolk 011B,Anti-social behaviour,,
,2020-02,Norfolk Constabulary,Norfolk Constabulary,0.399310,52.750652,On or near Millfleet,E01026699,King's Lynn and West Norfolk 011B,Anti-social behaviour,,
,2020-02,Norfolk Constabulary,Norfolk Constabulary,0.399861,52.751783,On or near Kings Lynn Police Station,E01026699,King's Lynn and West Norfolk 011B,Anti-social behaviour,,
,2020-02,Norfolk Constabulary,Norfolk Constabulary,0.399861,52.751783,On or near Kings Lynn Police Station,E01026699,King's Lynn and West Norfolk 011B,Anti-social behaviour,,
,2020-02,Norfolk Constabulary,Norfolk Constabulary,0.399861,52.751783,On or near Kings Lynn Police Station,E01026699,King's Lynn and West Norfolk 011B,Anti-social behaviour,,
,2020-02,Norfolk Constabulary,Norfolk Constabulary,0.395433,52.752106,On or near High Street,E01026699,King's Lynn and West Norfolk 011B,Anti-social behaviour,,
,2020-02,Norfolk Constabulary,Norfolk Constabulary,0.399861,52.751783,On or near Kings Lynn Police Station,E01026699,King's Lynn and West Norfolk 011B,Anti-social behaviour,,
,2020-02,Norfolk Constabulary,Norfolk Constabulary,0.403033,52.748823,On or near Pleasant Court,E01026699,King's Lynn and West Norfolk 011B,Anti-social behaviour,,
,2020-02,Norfolk Constabulary,Norfolk Constabulary,0.397632,52.750596,On or near Stonegate Street,E01026699,King's Lynn and West Norfolk 011B,Anti-social behaviour,,
,2020-02,Norfolk Constabulary,Norfolk Constabulary,0.395632,52.754647,On or near Shopping Area,E01026699,King's Lynn and West Norfolk 011B,Anti-social behaviour,,
,2020-02,Norfolk Constabulary,Norfolk Constabulary,0.399310,52.750652,On or near Millfleet,E01026699,King's Lynn and West Norfolk 011B,Anti-social behaviour,,
,2020-02,Norfolk Constabulary,Norfolk Constabulary,0.399861,52.751783,On or near Kings Lynn Police Station,E01026699,King's Lynn and West Norfolk 011B,Anti-social behaviour,,
,2020-02,Norfolk Constabulary,Norfolk Constabulary,0.402594,52.748122,On or near London Road,E01026699,King's Lynn and West Norfolk 011B,Anti-social behaviour,,
bd8ee55c0eecef0fd3fa7e7c2bf7647aed73e2e132141bb61cbf5e58825ec1fb,2020-02,Norfolk Constabulary,Norfolk Constabulary,0.397632,52.750596,On or near Stonegate Street,E01026699,King's Lynn and West Norfolk 011B,Bicycle theft,Investigation complete; no suspect identified,
c070da24b1aebd1e497f9595de222cb85cca57cee6fc422ca80935935516c8e4,2020-02,Norfolk Constabulary,Norfolk Constabulary,0.402594,52.748122,On or near London Road,E01026699,King's Lynn and West Norfolk 011B,Bicycle theft,Investigation complete; no suspect identified,
05efcb993ef307c6e9dd851dd1e95260924a55a0ac58706da74af41cb0c53c11,2020-02,Norfolk Constabulary,Norfolk Constabulary,0.403033,52.748823,On or near Pleasant Court,E01026699,King's Lynn and West Norfolk 011B,Burglary,Investigation complete; no suspect identified,
29b37ddaf63a8b2b95c9707daa49c75b7d7581c77a020a3e1252bf23b222d581,2020-02,Norfolk Constabulary,Norfolk Constabulary,0.395000,52.752861,On or near Granary Court,E01026699,King's Lynn and West Norfolk 011B,Burglary,Court result unavailable,
4dfcb213bb0b8d8bfab303e28bc786ffb9ba25ad305adf94560e4967f4112cc1,2020-02,Norfolk Constabulary,Norfolk Constabulary,0.397056,52.750077,On or near Bridge Street,E01026699,King's Lynn and West Norfolk 011B,Burglary,Unable to prosecute suspect,
23ce0d3a28bd2cd3e219194f3f6c63bd2a166c028c0efac131f189366b9064af,2020-02,Norfolk Constabulary,Norfolk Constabulary,0.396193,52.754339,On or near Shopping Area,E01026699,King's Lynn and West Norfolk 011B,Criminal damage and arson,Investigation complete; no suspect identified,
bf64002328aa0000fab7869e595474936e034c98823123af66687d06d467dc9b,2020-02,Norfolk Constabulary,Norfolk Constabulary,0.402594,52.748122,On or near London Road,E01026699,King's Lynn and West Norfolk 011B,Criminal damage and arson,Formal action is not in the public interest,
a8742fe73b4391d8ba497dfb2002201e8098ce007a06e139eccee3e6a9dfe8ca,2020-02,Norfolk Constabulary,Norfolk Constabulary,0.400420,52.750621,On or near Millfleet,E01026699,King's Lynn and West Norfolk 011B,Criminal damage and arson,Unable to prosecute suspect,
4bf990ac9b71cc662bde0e45046ad687a1561a0af02d45ab2d399cf88dee9eab,2020-02,Norfolk Constabulary,Norfolk Constabulary,0.398979,52.752188,On or near Regent Way,E01026699,King's Lynn and West Norfolk 011B,Criminal damage and arson,Local resolution,
d6eba9847a0bfc7f1f09a00a0010912ac1e423cc40f2b79779296abf135f837e,2020-02,Norfolk Constabulary,Norfolk Constabulary,0.401811,52.751663,On or near County Court Road,E01026699,King's Lynn and West Norfolk 011B,Criminal damage and arson,Investigation complete; no suspect identified,
e697832dfb8ba6521068b37df09674f3597c66003bb5027589901044354140bc,2020-02,Norfolk Constabulary,Norfolk Constabulary,0.400420,52.750621,On or near Millfleet,E01026699,King's Lynn and West Norfolk 011B,Criminal damage and arson,Investigation complete; no suspect identified,
c549286da76891bbb67e7cc5f92d1a8a3901542a4a9e05d3dc60be128e98bf44,2020-02,Norfolk Constabulary,Norfolk Constabulary,0.404740,52.751576,On or near Sports/Recreation Area,E01026699,King's Lynn and West Norfolk 011B,Drugs,Court result unavailable,
79fb793981cbd8df970bef601f518bc31768c416d40bec41f7909e43f2ed0af7,2020-02,Norfolk Constabulary,Norfolk Constabulary,0.397510,52.753224,On or near Nightclub,E01026699,King's Lynn and West Norfolk 011B,Drugs,Court result unavailable,
59416c7932d3bbde5402289d42c3111e1a6d51acc2674c07724c63ebf41a5435,2020-02,Norfolk Constabulary,Norfolk Constabulary,0.404740,52.751576,On or near Sports/Recreation Area,E01026699,King's Lynn and West Norfolk 011B,Drugs,Court result unavailable,
b8aab5fc4ff5312e1c68fd243c91f4ba009406860fdb6eb78fd7c14d7441cde3,2020-02,Norfolk Constabulary,Norfolk Constabulary,0.401811,52.751663,On or near County Court Road,E01026699,King's Lynn and West Norfolk 011B,Other theft,Unable to prosecute suspect,
085399998d8a4ed12e2e2304ec14f3dd0ed0fd58579d7b57b1fe204b0111403b,2020-02,Norfolk Constabulary,Norfolk Constabulary,0.397510,52.753224,On or near Nightclub,E01026699,King's Lynn and West Norfolk 011B,Other theft,Investigation complete; no suspect identified,
51cc152969d84fbfec0503accfa8dd8261bc539ad033f94d726d3e7ca64af474,2020-02,Norfolk Constabulary,Norfolk Constabulary,0.401811,52.751663,On or near County Court Road,E01026699,King's Lynn and West Norfolk 011B,Other theft,Court result unavailable,
9ab21c880d8d9ab8897a689daef92092c8cceda369bc0bab903406a262e69a01,2020-02,Norfolk Constabulary,Norfolk Constabulary,0.403033,52.748823,On or near Pleasant Court,E01026699,King's Lynn and West Norfolk 011B,Other theft,Investigation complete; no suspect identified,
9ccd1517092e283c2b5efcb1400ff5d13f62e696bd33a8d5ed6fe5a65a8d5a2a,2020-02,Norfolk Constabulary,Norfolk Constabulary,0.395985,52.753255,On or near Shopping Area,E01026699,King's Lynn and West Norfolk 011B,Possession of weapons,Court result unavailable,
e16e2a09c4964915dde4b38d8cdca3b7293b5775e78c5f36fe537dc4340181db,2020-02,Norfolk Constabulary,Norfolk Constabulary,0.399511,52.752968,On or near Clough Lane,E01026699,King's Lynn and West Norfolk 011B,Possession of weapons,Court result unavailable,
667939e74ed191dd7908b83f48c21485f462c07e9dbb785ff1ee54ce9df45356,2020-02,Norfolk Constabulary,Norfolk Constabulary,0.395632,52.754647,On or near Shopping Area,E01026699,King's Lynn and West Norfolk 011B,Possession of weapons,Court result unavailable,
5f7b4dbeccf8b105fbe2e09b95686c70fe25e362f70f846e0f3359ac6376b8a7,2020-02,Norfolk Constabulary,Norfolk Constabulary,0.395632,52.754647,On or near Shopping Area,E01026699,King's Lynn and West Norfolk 011B,Public order,Unable to prosecute suspect,
5def361e9dbaf94374f090a9d3e99f76c552dcfb184e74c1d9b6eb8cfa58480c,2020-02,Norfolk Constabulary,Norfolk Constabulary,0.399779,52.751902,On or near Police Station,E01026699,King's Lynn and West Norfolk 011B,Public order,Court result unavailable,
54d4177915d686d947bdcdea715a6816b6434786e96e8d2f84ee97e6f05fa458,2020-02,Norfolk Constabulary,Norfolk Constabulary,0.399779,52.751902,On or near Police Station,E01026699,King's Lynn and West Norfolk 011B,Public order,Court result unavailable,
3c11959e4567d7fe1f40cd2665a998c54d0c9f9faaa0f8cbcaded97bd3dac6b8,2020-02,Norfolk Constabulary,Norfolk Constabulary,0.404387,52.749470,On or near Seven Sisters Close,E01026699,King's Lynn and West Norfolk 011B,Public order,Unable to prosecute suspect,
eb47efddb8f61a175ff2ea3122f2a0f1efd009a895dfe9fc0669f8971ccb2a05,2020-02,Norfolk Constabulary,Norfolk Constabulary,0.398300,52.751149,On or near Tower Place,E01026699,King's Lynn and West Norfolk 011B,Public order,Unable to prosecute suspect,
2792cf0e4fba7e3e58ae8303042096802e7d231f952ef7389b87a0b4be976673,2020-02,Norfolk Constabulary,Norfolk Constabulary,0.397510,52.753224,On or near Nightclub,E01026699,King's Lynn and West Norfolk 011B,Public order,Unable to prosecute suspect,
fffa3d0d99e4d3924254294e4ead8b60086ffe129f524f26f71a16d68a5f495a,2020-02,Norfolk Constabulary,Norfolk Constabulary,0.397632,52.750596,On or near Stonegate Street,E01026699,King's Lynn and West Norfolk 011B,Public order,Unable to prosecute suspect,
810d6bceebaacdef49796cf673d2946c7755f82ea49dd3217516e0482d2465a1,2020-02,Norfolk Constabulary,Norfolk Constabulary,0.399779,52.751902,On or near Police Station,E01026699,King's Lynn and West Norfolk 011B,Robbery,Unable to prosecute suspect,
1fe919fc0b31439fb295d2608c2597606e9618c26af67faccb23187da3259523,2020-02,Norfolk Constabulary,Norfolk Constabulary,0.395985,52.753255,On or near Shopping Area,E01026699,King's Lynn and West Norfolk 011B,Shoplifting,Court result unavailable,
e0c99f5ce39f7c6ef2bacce216a3a03efb74b28e1287a31d58197d5f2ebc6930,2020-02,Norfolk Constabulary,Norfolk Constabulary,0.395985,52.753255,On or near Shopping Area,E01026699,King's Lynn and West Norfolk 011B,Shoplifting,Court result unavailable,
90aa6a3fbd1d36f396171ef15db4110e883a931e37cfba046d8de66344a2fefe,2020-02,Norfolk Constabulary,Norfolk Constabulary,0.397510,52.753224,On or near Nightclub,E01026699,King's Lynn and West Norfolk 011B,Shoplifting,Court result unavailable,
2c7b50f55ed4f49f1d85545bd0b6f1005181b45b40d95f7627bfdeda873823ef,2020-02,Norfolk Constabulary,Norfolk Constabulary,0.397510,52.753224,On or near Nightclub,E01026699,King's Lynn and West Norfolk 011B,Shoplifting,Offender given a caution,
563b30aa89dc0d14200938c54f6ffa997a8162685006677f1fa30db9fa816cc6,2020-02,Norfolk Constabulary,Norfolk Constabulary,0.396193,52.754339,On or near Shopping Area,E01026699,King's Lynn and West Norfolk 011B,Shoplifting,Investigation complete; no suspect identified,
de222686ceb1fb4d3aba93bae954778a7c7739c60d4eb6b994ed624fd5d6b682,2020-02,Norfolk Constabulary,Norfolk Constabulary,0.396193,52.754339,On or near Shopping Area,E01026699,King's Lynn and West Norfolk 011B,Shoplifting,Court result unavailable,
7a0fda9addd2e1d404b30faf1e1eaf6ff27fe8f634c0e6006c91c63aa2209ece,2020-02,Norfolk Constabulary,Norfolk Constabulary,0.397510,52.753224,On or near Nightclub,E01026699,King's Lynn and West Norfolk 011B,Shoplifting,Court result unavailable,
67207d6577b1a49b59cd43ab850f83690211d6f3cad5837c4ed7c7d030cedfe7,2020-02,Norfolk Constabulary,Norfolk Constabulary,0.398120,52.751917,On or near Tower Street,E01026699,King's Lynn and West Norfolk 011B,Shoplifting,Unable to prosecute suspect,
31caf296c1d318a3e1ccc988689c6d4276b0f8e4ab5730092376fbadb00cf9fb,2020-02,Norfolk Constabulary,Norfolk Constabulary,0.397510,52.753224,On or near Nightclub,E01026699,King's Lynn and West Norfolk 011B,Shoplifting,Court result unavailable,
e077db5dce7376a4f660b05c52c9eb05a401122e742c3f254f5f7234c2378bb5,2020-02,Norfolk Constabulary,Norfolk Constabulary,0.395632,52.754647,On or near Shopping Area,E01026699,King's Lynn and West Norfolk 011B,Shoplifting,Local resolution,
ac7dbe30dc335a31826846a3ca29d888030eccab67c962bacfa54f5bbd03c498,2020-02,Norfolk Constabulary,Norfolk Constabulary,0.397510,52.753224,On or near Nightclub,E01026699,King's Lynn and West Norfolk 011B,Shoplifting,Court result unavailable,
2c44152de2db41ec7f13f4f27e6163559838dc200ef9ecc3980ecb4924e59ac8,2020-02,Norfolk Constabulary,Norfolk Constabulary,0.398120,52.751917,On or near Tower Street,E01026699,King's Lynn and West Norfolk 011B,Shoplifting,Unable to prosecute suspect,
613ce04dd4ceac1cc55b72b03ae26a3e1f0d79a1d8dec1b892c037281eda5cf3,2020-02,Norfolk Constabulary,Norfolk Constabulary,0.397510,52.753224,On or near Nightclub,E01026699,King's Lynn and West Norfolk 011B,Shoplifting,Court result unavailable,
e45ee6ea7e3d7ac1a03904e80c108d05d06caae00d440e4cf90948422fe820e8,2020-02,Norfolk Constabulary,Norfolk Constabulary,0.395000,52.752861,On or near Granary Court,E01026699,King's Lynn and West Norfolk 011B,Shoplifting,Court result unavailable,
8b77002dab986dc62b44f1d6290274ba2d8a37f87b316dc63a8bb53af6e66044,2020-02,Norfolk Constabulary,Norfolk Constabulary,0.397510,52.753224,On or near Nightclub,E01026699,King's Lynn and West Norfolk 011B,Shoplifting,Court result unavailable,
6a08566cedd1bec740411759c90dae8a3b4dc384e0ee6e4682d29094278af2fc,2020-02,Norfolk Constabulary,Norfolk Constabulary,0.397510,52.753224,On or near Nightclub,E01026699,King's Lynn and West Norfolk 011B,Shoplifting,Status update unavailable,
a412c87059e5bb4f0f00cf48e3f8aa3aa41071afaca8dfea160a95d8c9cfca29,2020-02,Norfolk Constabulary,Norfolk Constabulary,0.397510,52.753224,On or near Nightclub,E01026699,King's Lynn and West Norfolk 011B,Shoplifting,Court result unavailable,
825a9ac6b69c510347bdc4ebae89d4a11e892eb1f7417d3ba68ebfc7df8e272c,2020-02,Norfolk Constabulary,Norfolk Constabulary,0.397510,52.753224,On or near Nightclub,E01026699,King's Lynn and West Norfolk 011B,Shoplifting,Court result unavailable,
15ecc06a5cc61b137afac9d8f3be07f33db62a82ddbbee17028fdf71bbfc36e5,2020-02,Norfolk Constabulary,Norfolk Constabulary,0.397056,52.750077,On or near Bridge Street,E01026699,King's Lynn and West Norfolk 011B,Vehicle crime,Status update unavailable,
98a28d2b74f21af465ca5931956632f59d2894d670ddde49b62242fa52611b76,2020-02,Norfolk Constabulary,Norfolk Constabulary,0.395985,52.753255,On or near Shopping Area,E01026699,King's Lynn and West Norfolk 011B,Vehicle crime,Investigation complete; no suspect identified,
a16df27036fdc9b629f9ca0c2cfc43c782b4f91dce0c4e11f3300931c4a60c4d,2020-02,Norfolk Constabulary,Norfolk Constabulary,0.399310,52.750652,On or near Millfleet,E01026699,King's Lynn and West Norfolk 011B,Vehicle crime,Status update unavailable,
d21b95633fe70ddf8c329317b63ff9243f423ca4976f8db45b8662307a193588,2020-02,Norfolk Constabulary,Norfolk Constabulary,0.399779,52.751902,On or near Police Station,E01026699,King's Lynn and West Norfolk 011B,Violence and sexual offences,Unable to prosecute suspect,
633f367c62ceaad5e1791d79f48b46615aba13a0017c206917f83a2d8ea32dfc,2020-02,Norfolk Constabulary,Norfolk Constabulary,0.400222,52.753772,On or near Old Market Street,E01026699,King's Lynn and West Norfolk 011B,Violence and sexual offences,Unable to prosecute suspect,
7c6761f468b8a088468e7d1450fe9ab9cdf5d97b11d3e1cf87bc59c0132a5a42,2020-02,Norfolk Constabulary,Norfolk Constabulary,0.397189,52.754130,On or near Shopping Area,E01026699,King's Lynn and West Norfolk 011B,Violence and sexual offences,Unable to prosecute suspect,
77bbadefdff7123c1902743b266af25befac8141994a235dfc7c2676ed6f698c,2020-02,Norfolk Constabulary,Norfolk Constabulary,0.403033,52.748823,On or near Pleasant Court,E01026699,King's Lynn and West Norfolk 011B,Violence and sexual offences,Action to be taken by another organisation,
7e4c6684c951e2f98d90af1ca108a7eb16ede9f43e7aab07f749c624dc091f5f,2020-02,Norfolk Constabulary,Norfolk Constabulary,0.395985,52.753255,On or near Shopping Area,E01026699,King's Lynn and West Norfolk 011B,Violence and sexual offences,Local resolution,
fed7e11711f95055a3a5f1c70e22f9142a52e4a6d4b9084dd870a791db447e7a,2020-02,Norfolk Constabulary,Norfolk Constabulary,0.395433,52.752106,On or near High Street,E01026699,King's Lynn and West Norfolk 011B,Violence and sexual offences,Unable to prosecute suspect,
e86e465217f303eeb82df07501d8145304fdea59fb395596e131be83e0a885dc,2020-02,Norfolk Constabulary,Norfolk Constabulary,0.403538,52.749667,On or near Birch Tree Close,E01026699,King's Lynn and West Norfolk 011B,Violence and sexual offences,Awaiting court outcome,
6f716d15c4c548a4f413d81b111a75791f137c4d3f3cbd1d51ab11b531eacde8,2020-02,Norfolk Constabulary,Norfolk Constabulary,0.397510,52.753224,On or near Nightclub,E01026699,King's Lynn and West Norfolk 011B,Violence and sexual offences,Court result unavailable,
7f866fc8071aef82b27d73242c3c1ddb12a357a12125c3dbea0ce892279b9774,2020-02,Norfolk Constabulary,Norfolk Constabulary,0.399310,52.750652,On or near Millfleet,E01026699,King's Lynn and West Norfolk 011B,Violence and sexual offences,Unable to prosecute suspect,
47cd8fcc59abf96c508621892a5ab70a2302b0b220b740a596cf8d89d8a120ee,2020-02,Norfolk Constabulary,Norfolk Constabulary,0.395632,52.754647,On or near Shopping Area,E01026699,King's Lynn and West Norfolk 011B,Violence and sexual offences,Local resolution,
d84e135c62f9548a9a5f82f4e2ddff4d65ea337a55b18c8a023e185979a57cff,2020-02,Norfolk Constabulary,Norfolk Constabulary,0.404740,52.751576,On or near Sports/Recreation Area,E01026699,King's Lynn and West Norfolk 011B,Violence and sexual offences,Unable to prosecute suspect,
a8a52a99d004ef6bf5d704cfab48302bebd5b080530a5eed5596e77d70c258ca,2020-02,Norfolk Constabulary,Norfolk Constabulary,0.398120,52.751917,On or near Tower Street,E01026699,King's Lynn and West Norfolk 011B,Violence and sexual offences,Unable to prosecute suspect,
973fa00ff409ec12ad6c3bb5d04933abe1463efb4991b0adc6702f5fd143fa93,2020-02,Norfolk Constabulary,Norfolk Constabulary,0.397056,52.750077,On or near Bridge Street,E01026699,King's Lynn and West Norfolk 011B,Violence and sexual offences,Unable to prosecute suspect,
0c0e8cf5dc013133e37833cd7f193f32785916727433cd8aad704e600e4f70f7,2020-02,Norfolk Constabulary,Norfolk Constabulary,0.395985,52.753255,On or near Shopping Area,E01026699,King's Lynn and West Norfolk 011B,Violence and sexual offences,Awaiting court outcome,
84118f2a9ed272b92b37aca4370e82de0d85b5eaa3a637e5c2da669cddea8f1e,2020-02,Norfolk Constabulary,Norfolk Constabulary,0.402594,52.748122,On or near London Road,E01026699,King's Lynn and West Norfolk 011B,Violence and sexual offences,Unable to prosecute suspect,
9f06220182931ae97b60b54e561518d34491232da3045ad853c5d08a5f48baf8,2020-02,Norfolk Constabulary,Norfolk Constabulary,0.396351,52.751009,On or near Church Street,E01026699,King's Lynn and West Norfolk 011B,Violence and sexual offences,Unable to prosecute suspect,
92294c34414610f8ba3ec96320de8dcd662e75929f78d39a4c5a4df54232ab40,2020-02,Norfolk Constabulary,Norfolk Constabulary,0.397510,52.753224,On or near Nightclub,E01026699,King's Lynn and West Norfolk 011B,Violence and sexual offences,Awaiting court outcome,
500c9a7b2dce54f9e7fc014874f86326ab8b6dd65b99a74151ead357786209d0,2020-02,Norfolk Constabulary,Norfolk Constabulary,0.404740,52.751576,On or near Sports/Recreation Area,E01026699,King's Lynn and West Norfolk 011B,Other crime,Court result unavailable,
389aeffd4ccc167046a263c90e4e4168aad12a584001c086a04921c54cd91a27,2020-02,Norfolk Constabulary,Norfolk Constabulary,0.395632,52.754647,On or near Shopping Area,E01026699,King's Lynn and West Norfolk 011B,Other crime,Status update unavailable,
,2020-02,Norfolk Constabulary,Norfolk Constabulary,0.398017,52.749240,On or near All Saints' Street,E01026700,King's Lynn and West Norfolk 011C,Anti-social behaviour,,
,2020-02,Norfolk Constabulary,Norfolk Constabulary,0.397707,52.748446,On or near Whitefriars Terrace,E01026700,King's Lynn and West Norfolk 011C,Anti-social behaviour,,
5259ab4a5058d86e7fff748ee7c4e7d97fe2cf11760e128acb58e8bb0bdd3e75,2020-02,Norfolk Constabulary,Norfolk Constabulary,0.400850,52.749560,On or near Providence Street,E01026700,King's Lynn and West Norfolk 011C,Burglary,Awaiting court outcome,
19b982c4bdf9d607308664943d931d05a43a920a176fbd469c639d2103da3c21,2020-02,Norfolk Constabulary,Norfolk Constabulary,0.402027,52.747243,On or near Lynwood Terrace,E01026700,King's Lynn and West Norfolk 011C,Burglary,Investigation complete; no suspect identified,
72a12217fdeacef9ed764f380f4e9edc4685097aa93b13060de9744909b5f17d,2020-02,Norfolk Constabulary,Norfolk Constabulary,0.399060,52.749066,On or near Church Lane,E01026700,King's Lynn and West Norfolk 011C,Criminal damage and arson,Unable to prosecute suspect,
13521ec93e476f7f9ecede1f05574d4366de31a942014df18d0076fe42c67208,2020-02,Norfolk Constabulary,Norfolk Constabulary,0.400662,52.746138,On or near Southgate Street,E01026700,King's Lynn and West Norfolk 011C,Criminal damage and arson,Court result unavailable,
4e1d7e824681b09ffdc3218601d3ab21ac381d876609cf61e17d38edf62aa802,2020-02,Norfolk Constabulary,Norfolk Constabulary,0.400621,52.747811,On or near South Everard Street,E01026700,King's Lynn and West Norfolk 011C,Drugs,Court result unavailable,
307d9fa82b23adb5544642a37d5bd9365c7faeb46544de584af678c7a25131cf,2020-02,Norfolk Constabulary,Norfolk Constabulary,0.400662,52.746138,On or near Southgate Street,E01026700,King's Lynn and West Norfolk 011C,Drugs,Court result unavailable,
9f179348636837e180aa3ccb8005c46dcb706230c5376fd9610da2cc1a5ea7a3,2020-02,Norfolk Constabulary,Norfolk Constabulary,0.399060,52.749066,On or near Church Lane,E01026700,King's Lynn and West Norfolk 011C,Other theft,Unable to prosecute suspect,
d6d3e735fc31ffd280144b4c2e879c63ff633afb3d59587ec2673c40cb210839,2020-02,Norfolk Constabulary,Norfolk Constabulary,0.400662,52.746138,On or near Southgate Street,E01026700,King's Lynn and West Norfolk 011C,Public order,Unable to prosecute suspect,
a968f2be5eba4fac540feac207e89df91e95a82cb92a5efd2a42f30ed339fdb9,2020-02,Norfolk Constabulary,Norfolk Constabulary,0.400662,52.746138,On or near Southgate Street,E01026700,King's Lynn and West Norfolk 011C,Violence and sexual offences,Unable to prosecute suspect,
c622165f1904a7f3367962d27e7f94a7b10d8bae539df980f1a661127abedc1f,2020-02,Norfolk Constabulary,Norfolk Constabulary,0.400662,52.746138,On or near Southgate Street,E01026700,King's Lynn and West Norfolk 011C,Violence and sexual offences,Unable to prosecute suspect,
623a83948f583a9e888e4056ea177bbf9c13ddd58ad8cf8f78f04123ff2d8af6,2020-02,Norfolk Constabulary,Norfolk Constabulary,0.399060,52.749066,On or near Church Lane,E01026700,King's Lynn and West Norfolk 011C,Violence and sexual offences,Unable to prosecute suspect,
39415baaa9adfb3046fe34057755170551dca9df44d74146d3abafe3bf13db6d,2020-02,Norfolk Constabulary,Norfolk Constabulary,0.398446,52.748422,On or near Birdcage Walk,E01026700,King's Lynn and West Norfolk 011C,Violence and sexual offences,Investigation complete; no suspect identified,
56cbc139c5f9cd9334103714a1d460748a21ec9309b3c519d946bfa9592b50e8,2020-02,Norfolk Constabulary,Norfolk Constabulary,0.398017,52.749240,On or near All Saints' Street,E01026700,King's Lynn and West Norfolk 011C,Violence and sexual offences,Unable to prosecute suspect,
071be6758aae41f63d172f97368e65fb47166911936b0c6ebb54fcd24a074a17,2020-02,Norfolk Constabulary,Norfolk Constabulary,0.402027,52.747243,On or near Lynwood Terrace,E01026700,King's Lynn and West Norfolk 011C,Violence and sexual offences,Unable to prosecute suspect,
ff4530c7cdbca17ec135cb1900f6d6e4e26e8913c3342b951d15d87ee1ce4d4f,2020-02,Norfolk Constabulary,Norfolk Constabulary,0.400643,52.747145,On or near Checker Street,E01026700,King's Lynn and West Norfolk 011C,Violence and sexual offences,Unable to prosecute suspect,
fbf103d36c5f2135f01431f2e540e9d7d269b68f29503dca1f1d5b3c71c17fd9,2020-02,Norfolk Constabulary,Norfolk Constabulary,0.398017,52.749240,On or near All Saints' Street,E01026700,King's Lynn and West Norfolk 011C,Violence and sexual offences,Unable to prosecute suspect,
416f9bd05b4684e4df46dc247e380ff055c4df9a3559ddc37aaeb52324a21a91,2020-02,Norfolk Constabulary,Norfolk Constabulary,0.398446,52.748422,On or near Birdcage Walk,E01026700,King's Lynn and West Norfolk 011C,Violence and sexual offences,Investigation complete; no suspect identified,
55a19bf722ba228807bbe3359d3c20e7355a72438e1098d1f3b18912f6caee8d,2020-02,Norfolk Constabulary,Norfolk Constabulary,0.399060,52.749066,On or near Church Lane,E01026700,King's Lynn and West Norfolk 011C,Violence and sexual offences,Unable to prosecute suspect,
c447851410a30569b9b7189a7d04c52f739b22719dc146eb0c25e251bed498ae,2020-02,Norfolk Constabulary,Norfolk Constabulary,0.399060,52.749066,On or near Church Lane,E01026700,King's Lynn and West Norfolk 011C,Violence and sexual offences,Action to be taken by another organisation,
acfad78a4a3b8f23f2b8d8ad7c068a6dd2bb7d67e7dcafbb02f17b049f2896e1,2020-02,Norfolk Constabulary,Norfolk Constabulary,0.402027,52.747243,On or near Lynwood Terrace,E01026700,King's Lynn and West Norfolk 011C,Violence and sexual offences,Court result unavailable,
,2020-02,Norfolk Constabulary,Norfolk Constabulary,0.410896,52.742298,On or near Hansa Road,E01026704,King's Lynn and West Norfolk 011D,Anti-social behaviour,,
,2020-02,Norfolk Constabulary,Norfolk Constabulary,0.394841,52.741041,On or near Panton Close,E01026704,King's Lynn and West Norfolk 011D,Anti-social behaviour,,
,2020-02,Norfolk Constabulary,Norfolk Constabulary,0.413054,52.738441,On or near Supermarket,E01026704,King's Lynn and West Norfolk 011D,Anti-social behaviour,,
92f1ff2087f1d443b854212596669f5d63ddf05184500eda532d361f65c8c6c5,2020-02,Norfolk Constabulary,Norfolk Constabulary,0.413054,52.738441,On or near Supermarket,E01026704,King's Lynn and West Norfolk 011D,Bicycle theft,Investigation complete; no suspect identified,
ad4eaa2cedf6339ccde066c028e286973d38cd9e9f18be7d0410dd4333db4045,2020-02,Norfolk Constabulary,Norfolk Constabulary,0.413054,52.738441,On or near Supermarket,E01026704,King's Lynn and West Norfolk 011D,Bicycle theft,Investigation complete; no suspect identified,
a09d473cc138c0ee13f9515ce67e7575200f35e6cded307e4e70284ae7ac3fff,2020-02,Norfolk Constabulary,Norfolk Constabulary,0.395267,52.741239,On or near Bunnett Avenue,E01026704,King's Lynn and West Norfolk 011D,Criminal damage and arson,Investigation complete; no suspect identified,
b21e2a6d63000d145ffcd13851743fbbd77c5307021d0f79859189057069019d,2020-02,Norfolk Constabulary,Norfolk Constabulary,0.387225,52.730989,On or near Acer Road,E01026704,King's Lynn and West Norfolk 011D,Criminal damage and arson,Court result unavailable,
22be4ea1bbf8b9127d6e15c9a3e8a87f5d18234c9fe1de86ec51582e2107fef5,2020-02,Norfolk Constabulary,Norfolk Constabulary,0.393241,52.740228,On or near Burney Road,E01026704,King's Lynn and West Norfolk 011D,Criminal damage and arson,Unable to prosecute suspect,
3d365c9e04a056dcf0b33b3273874a8da8c5a0c12ccede2f48a6ac8555abd74d,2020-02,Norfolk Constabulary,Norfolk Constabulary,0.413054,52.738441,On or near Supermarket,E01026704,King's Lynn and West Norfolk 011D,Criminal damage and arson,Court result unavailable,
71b591bc7ca8763004586258102efce91e165b6bc79364a1af71de32599a364a,2020-02,Norfolk Constabulary,Norfolk Constabulary,0.413054,52.738441,On or near Supermarket,E01026704,King's Lynn and West Norfolk 011D,Drugs,Offender given a drugs possession warning,
90bcd8603d7d6d4db8bb75b02968602bf830e3af1d71b95f96d1e6b0a74424ef,2020-02,Norfolk Constabulary,Norfolk Constabulary,0.416957,52.740178,On or near Scania Way,E01026704,King's Lynn and West Norfolk 011D,Other theft,Investigation complete; no suspect identified,
3f4665cad8bcef25111571169734f731b25eca2bfe9e22a67abc53663e8a4d54,2020-02,Norfolk Constabulary,Norfolk Constabulary,0.413054,52.738441,On or near Supermarket,E01026704,King's Lynn and West Norfolk 011D,Other theft,Unable to prosecute suspect,
ce7aec37c6df595bd051f194359934d9c1e04d720065921e936ca4ab4d97c1f0,2020-02,Norfolk Constabulary,Norfolk Constabulary,0.413054,52.738441,On or near Supermarket,E01026704,King's Lynn and West Norfolk 011D,Public order,Unable to prosecute suspect,
465d38171ec7da53704827094901cc9b8d99b0d8ea15edbaaaebd207d66eddce,2020-02,Norfolk Constabulary,Norfolk Constabulary,0.413054,52.738441,On or near Supermarket,E01026704,King's Lynn and West Norfolk 011D,Public order,Court result unavailable,
507a827e2926dbd81c1ac20a56a02146dea4abd960f528bc4ee1b7eb837622dc,2020-02,Norfolk Constabulary,Norfolk Constabulary,0.393323,52.738491,On or near Beloe Crescent,E01026704,King's Lynn and West Norfolk 011D,Public order,Unable to prosecute suspect,
8e25cb6d480a363d67c5fc5f2828f20abc9bc52e12785cd40b920566fbe074aa,2020-02,Norfolk Constabulary,Norfolk Constabulary,0.413054,52.738441,On or near Supermarket,E01026704,King's Lynn and West Norfolk 011D,Public order,Investigation complete; no suspect identified,
d9c8df1953d488fe507a24456c1b66d2046a0cc924d785d26c85fe8e6c2cdcbb,2020-02,Norfolk Constabulary,Norfolk Constabulary,0.413054,52.738441,On or near Supermarket,E01026704,King's Lynn and West Norfolk 011D,Shoplifting,Offender given a caution,
66668144f6b9cf8a94aaa5e9e10f6238e7515de56bb9bf05bc6da9818b29d697,2020-02,Norfolk Constabulary,Norfolk Constabulary,0.413054,52.738441,On or near Supermarket,E01026704,King's Lynn and West Norfolk 011D,Shoplifting,Court result unavailable,
33b7de1e555468c4bf081f362883f8a7f09588a950fe6c8877598694746eb082,2020-02,Norfolk Constabulary,Norfolk Constabulary,0.413054,52.738441,On or near Supermarket,E01026704,King's Lynn and West Norfolk 011D,Shoplifting,Investigation complete; no suspect identified,
0e7d8eead4bb1ff0ab9364214d61045528ac30fa0533e46cea95beb602cac199,2020-02,Norfolk Constabulary,Norfolk Constabulary,0.413054,52.738441,On or near Supermarket,E01026704,King's Lynn and West Norfolk 011D,Shoplifting,Offender given penalty notice,
24e4b7c95d174dbfdc7b39e037a90e3e3d8babf6b4be10a95884dba7b37a5eb9,2020-02,Norfolk Constabulary,Norfolk Constabulary,0.413054,52.738441,On or near Supermarket,E01026704,King's Lynn and West Norfolk 011D,Shoplifting,Investigation complete; no suspect identified,
e39920bb7625ace1edff9b8b2eadb5882c81d77f0bcf1faf86ff3c5a6cb49257,2020-02,Norfolk Constabulary,Norfolk Constabulary,0.413054,52.738441,On or near Supermarket,E01026704,King's Lynn and West Norfolk 011D,Vehicle crime,Investigation complete; no suspect identified,
66e62f7aaf5193d3709a94471d320413aa4c23edbd8753f0148f6a2bd1331bf8,2020-02,Norfolk Constabulary,Norfolk Constabulary,0.413054,52.738441,On or near Supermarket,E01026704,King's Lynn and West Norfolk 011D,Vehicle crime,Investigation complete; no suspect identified,
8d453ea74600df239c8bf14dcd03954bbf053c79f6bf2f2f1f25ac43e284c418,2020-02,Norfolk Constabulary,Norfolk Constabulary,0.387225,52.730989,On or near Acer Road,E01026704,King's Lynn and West Norfolk 011D,Violence and sexual offences,Court result unavailable,
f3a2069d4ff695139125218982eaed4e30e1bac6f8e264d9507b0ae5c58e5ff9,2020-02,Norfolk Constabulary,Norfolk Constabulary,0.413054,52.738441,On or near Supermarket,E01026704,King's Lynn and West Norfolk 011D,Violence and sexual offences,Unable to prosecute suspect,
411eac93da4477262566413b71f110aa8488ce716d23fa63c2c2927ddd62ffb7,2020-02,Norfolk Constabulary,Norfolk Constabulary,0.396385,52.740020,On or near Saddlebow Road,E01026704,King's Lynn and West Norfolk 011D,Violence and sexual offences,Unable to prosecute suspect,
72e485f60ee85433ecc683999d82f4f7e7356d113608e035865cd638ab752e0d,2020-02,Norfolk Constabulary,Norfolk Constabulary,0.396116,52.739711,On or near Pedestrian Subway,E01026704,King's Lynn and West Norfolk 011D,Violence and sexual offences,Formal action is not in the public interest,
36daed4d6d71b0379352453e12bfed9513f3bcc9a6cb2661d545d41cb89ee5b6,2020-02,Norfolk Constabulary,Norfolk Constabulary,0.397366,52.740351,On or near The Portway,E01026704,King's Lynn and West Norfolk 011D,Violence and sexual offences,Unable to prosecute suspect,
c0f630927f3530d625b4d721b8f5057bef7ca12c15bc7d6877e333bb4b2f7543,2020-02,Norfolk Constabulary,Norfolk Constabulary,0.394592,52.742179,On or near Wisbech Road,E01026704,King's Lynn and West Norfolk 011D,Violence and sexual offences,Unable to prosecute suspect,
a2a4e6fd4349edc08cdfdbcd9eb73d6d467b71fe149eae5d79781f8599eb325a,2020-02,Norfolk Constabulary,Norfolk Constabulary,0.390311,52.731898,On or near Rowan Road,E01026704,King's Lynn and West Norfolk 011D,Violence and sexual offences,Court result unavailable,
2d21c71b636edc4ae66416b12e4766a613eccfeff560193364bf089376d2ffbe,2020-02,Norfolk Constabulary,Norfolk Constabulary,0.387225,52.730989,On or near Acer Road,E01026704,King's Lynn and West Norfolk 011D,Violence and sexual offences,Status update unavailable,
c809cab6103897deaaebefd65dbc26bb179edbdf65457751d3c4775ebe45ee68,2020-02,Norfolk Constabulary,Norfolk Constabulary,0.416957,52.740178,On or near Scania Way,E01026704,King's Lynn and West Norfolk 011D,Violence and sexual offences,Unable to prosecute suspect,
e7e6abf9a9cfcca1d1cb323213ef6d3c0ce56a1cf92d2c3161d1adfbd948e699,2020-02,Norfolk Constabulary,Norfolk Constabulary,0.413054,52.738441,On or near Supermarket,E01026704,King's Lynn and West Norfolk 011D,Violence and sexual offences,Court result unavailable,
aaf54e28a38c10d1f74983f0849fc7e053dec755969db5cebef52f65608feeb0,2020-02,Norfolk Constabulary,Norfolk Constabulary,0.387225,52.730989,On or near Acer Road,E01026704,King's Lynn and West Norfolk 011D,Violence and sexual offences,Court result unavailable,
,2020-02,Norfolk Constabulary,Norfolk Constabulary,0.382370,52.750346,On or near Petrol Station,E01026705,King's Lynn and West Norfolk 011E,Anti-social behaviour,,
,2020-02,Norfolk Constabulary,Norfolk Constabulary,0.381828,52.742840,On or near Petrol Station,E01026705,King's Lynn and West Norfolk 011E,Anti-social behaviour,,
,2020-02,Norfolk Constabulary,Norfolk Constabulary,0.381828,52.742840,On or near Petrol Station,E01026705,King's Lynn and West Norfolk 011E,Anti-social behaviour,,
,2020-02,Norfolk Constabulary,Norfolk Constabulary,0.387085,52.752562,On or near Bramley Close,E01026705,King's Lynn and West Norfolk 011E,Anti-social behaviour,,
f24752821c9812d8f4308a5dc6d905e39d9a84b3b833415ecedd3cff2a8d031f,2020-02,Norfolk Constabulary,Norfolk Constabulary,0.382370,52.750346,On or near Petrol Station,E01026705,King's Lynn and West Norfolk 011E,Criminal damage and arson,Investigation complete; no suspect identified,
e7652d687100558f85fb4987ffde85b2a807f31c1b82a9418272457cc5a86d75,2020-02,Norfolk Constabulary,Norfolk Constabulary,0.384174,52.746749,On or near Clenchwarton Road,E01026705,King's Lynn and West Norfolk 011E,Criminal damage and arson,Investigation complete; no suspect identified,
394378af5720a454178910bb181dc30521a87a03f8c8fc9c5ae67614c7aee4da,2020-02,Norfolk Constabulary,Norfolk Constabulary,0.381828,52.742840,On or near Petrol Station,E01026705,King's Lynn and West Norfolk 011E,Other theft,Investigation complete; no suspect identified,
27cb1dbebda8c8a88a451df30ec50b16971db46c116523a706e90cef93909059,2020-02,Norfolk Constabulary,Norfolk Constabulary,0.385401,52.751841,On or near St Peter'S Close,E01026705,King's Lynn and West Norfolk 011E,Other theft,Investigation complete; no suspect identified,
a4f8b027a909f9135b450caa6cd69d7b2da3eb417bba6f74b1342442ad7d5a23,2020-02,Norfolk Constabulary,Norfolk Constabulary,0.381828,52.742840,On or near Petrol Station,E01026705,King's Lynn and West Norfolk 011E,Other theft,Investigation complete; no suspect identified,
6549a1cf2c219b8f15e819d928f5602d378b8c6c2d580bfec562b035413f6510,2020-02,Norfolk Constabulary,Norfolk Constabulary,0.381828,52.742840,On or near Petrol Station,E01026705,King's Lynn and West Norfolk 011E,Other theft,Unable to prosecute suspect,
79f9d54b7edee44aa81c0344419abd3966b3389045fd6cec84f26761c8afe462,2020-02,Norfolk Constabulary,Norfolk Constabulary,0.385401,52.751841,On or near St Peter'S Close,E01026705,King's Lynn and West Norfolk 011E,Other theft,Investigation complete; no suspect identified,
acc4f1b73dc51ab145d4bafd000d71dfe84103a3efbdc16621825ceb29a3b948,2020-02,Norfolk Constabulary,Norfolk Constabulary,0.385401,52.751841,On or near St Peter'S Close,E01026705,King's Lynn and West Norfolk 011E,Violence and sexual offences,Court result unavailable,
cd92a89fc4b890f9bf9b967f0534ffe3f987cf17a3f3a4deb82be40e55cd9be8,2020-02,Norfolk Constabulary,Norfolk Constabulary,0.379783,52.749643,On or near Poppyfields,E01026705,King's Lynn and West Norfolk 011E,Violence and sexual offences,Unable to prosecute suspect,
96f4292bd71b857cbd04b5e011df29e117cf289091544da281994b93526df09c,2020-02,Norfolk Constabulary,Norfolk Constabulary,0.384206,52.756550,On or near Marham Close,E01026705,King's Lynn and West Norfolk 011E,Violence and sexual offences,Unable to prosecute suspect,
b855344745adaa4a920fd127c8e8f511fe46ad58f61b9ace12794fe44bb3c0c4,2020-02,Norfolk Constabulary,Norfolk Constabulary,0.387309,52.756658,On or near Ferry Square,E01026705,King's Lynn and West Norfolk 011E,Violence and sexual offences,Unable to prosecute suspect,
075d6b6e8595ce26d4035df042fd55ee6dfc6a757665ebf0e0c0612d94e7aed3,2020-02,Norfolk Constabulary,Norfolk Constabulary,0.386219,52.755682,On or near Harrow Close,E01026705,King's Lynn and West Norfolk 011E,Violence and sexual offences,Action to be taken by another organisation,
,2020-02,Norfolk Constabulary,Norfolk Constabulary,0.404923,52.746025,On or near Vancouver Avenue,E01026706,King's Lynn and West Norfolk 011F,Anti-social behaviour,,
,2020-02,Norfolk Constabulary,Norfolk Constabulary,0.397297,52.744498,On or near Winfarthing Avenue,E01026706,King's Lynn and West Norfolk 011F,Anti-social behaviour,,
,2020-02,Norfolk Constabulary,Norfolk Constabulary,0.405572,52.745706,On or near Somerville Road,E01026706,King's Lynn and West Norfolk 011F,Anti-social behaviour,,
b520e59df171123b8397b51bf4cd62f598007ea9adc83f41e4e59923f16b2911,2020-02,Norfolk Constabulary,Norfolk Constabulary,0.393860,52.742868,On or near Queens Avenue,E01026706,King's Lynn and West Norfolk 011F,Criminal damage and arson,Investigation complete; no suspect identified,
5955c5aa4087238b871e2bc690174430e4a35c0ae52137deb16e598f098004c4,2020-02,Norfolk Constabulary,Norfolk Constabulary,0.396994,52.744099,On or near Diamond Street,E01026706,King's Lynn and West Norfolk 011F,Criminal damage and arson,Investigation complete; no suspect identified,
bf84d94f1cfff76015eeb563cb3d00d19c77d08155a684506e2fca7fd12124ef,2020-02,Norfolk Constabulary,Norfolk Constabulary,0.406067,52.743924,On or near Hardwick Road,E01026706,King's Lynn and West Norfolk 011F,Criminal damage and arson,Unable to prosecute suspect,
2d184e3977d70461fb50bd4790457eaa6db9683168e305ba5b466dd42d2ce6db,2020-02,Norfolk Constabulary,Norfolk Constabulary,0.407031,52.745559,On or near Sidney Street,E01026706,King's Lynn and West Norfolk 011F,Other theft,Unable to prosecute suspect,
76fbc5c769b737d46d86dcee7192ae97eec613c75ff9f5bed166b5be3bb30b17,2020-02,Norfolk Constabulary,Norfolk Constabulary,0.401767,52.744938,On or near A148,E01026706,King's Lynn and West Norfolk 011F,Public order,Unable to prosecute suspect,
6eeeae324e8e9d867ec0ef4e6d98f6adcdb45d3258990eff602eb9e4d55c282e,2020-02,Norfolk Constabulary,Norfolk Constabulary,0.408674,52.740958,On or near Hardwick Road,E01026706,King's Lynn and West Norfolk 011F,Shoplifting,Investigation complete; no suspect identified,
fa2727fc447d2b7150e11cabec07453a6332957ac69267e7059594d5b04b7201,2020-02,Norfolk Constabulary,Norfolk Constabulary,0.395046,52.743167,On or near Portland Place,E01026706,King's Lynn and West Norfolk 011F,Shoplifting,Unable to prosecute suspect,
7353682ae97971ff0db674a5196ddf4c00ef161241e2b361b2b5ad2dc49bd6b1,2020-02,Norfolk Constabulary,Norfolk Constabulary,0.410274,52.742032,On or near Paxman Road,E01026706,King's Lynn and West Norfolk 011F,Shoplifting,Court result unavailable,
da73d192b0ab2d60291ddfceb7bae088cc52b5443213b58d9d9b71c0e2250bda,2020-02,Norfolk Constabulary,Norfolk Constabulary,0.398260,52.741529,On or near Kitchener Street,E01026706,King's Lynn and West Norfolk 011F,Violence and sexual offences,Unable to prosecute suspect,
1dc6541ca7d884f31d5b69509b4a79092e8f85240acbb155071f791e390cfb96,2020-02,Norfolk Constabulary,Norfolk Constabulary,0.402634,52.742115,On or near Horsleys Field,E01026706,King's Lynn and West Norfolk 011F,Violence and sexual offences,Unable to prosecute suspect,
4dd63eee2db43b2c896e9ea4f6b949d4736193ae52e998177a1c427fafbf8dd3,2020-02,Norfolk Constabulary,Norfolk Constabulary,0.398130,52.741855,On or near Atbara Terrace,E01026706,King's Lynn and West Norfolk 011F,Violence and sexual offences,Court result unavailable,
4fc4dd8952762ffc0889be53f9bfa3f4d097b8b15c11da932e40973e01a9fb78,2020-02,Norfolk Constabulary,Norfolk Constabulary,0.410274,52.742032,On or near Paxman Road,E01026706,King's Lynn and West Norfolk 011F,Violence and sexual offences,Investigation complete; no suspect identified,
2d2e8146413e7b7a0dd7f0b52e98678102066280ea89e8483c0400c15cccf9a2,2020-02,Norfolk Constabulary,Norfolk Constabulary,0.396994,52.744099,On or near Diamond Street,E01026706,King's Lynn and West Norfolk 011F,Violence and sexual offences,Unable to prosecute suspect,
a872214b3abf9145c80201358c6ed9acd0abc336e36ca7a30cad2ad26bbd462b,2020-02,Norfolk Constabulary,Norfolk Constabulary,0.397297,52.744498,On or near Winfarthing Avenue,E01026706,King's Lynn and West Norfolk 011F,Violence and sexual offences,Unable to prosecute suspect,
685836136e70315846802d93abb68cb0c4bc8ce70df7280546cf861ce224420c,2020-02,Norfolk Constabulary,Norfolk Constabulary,0.397297,52.744498,On or near Winfarthing Avenue,E01026706,King's Lynn and West Norfolk 011F,Violence and sexual offences,Unable to prosecute suspect,
8a6719b8114fd72859d2ec9423090f8ce5f0a1792601100949d40f4e7f4170df,2020-02,Norfolk Constabulary,Norfolk Constabulary,0.393458,52.742561,On or near St Valery Lane,E01026706,King's Lynn and West Norfolk 011F,Violence and sexual offences,Offender given a caution,
,2020-02,Norfolk Constabulary,Norfolk Constabulary,0.563904,52.743350,On or near Back Street,E01026665,King's Lynn and West Norfolk 012A,Anti-social behaviour,,
,2020-02,Norfolk Constabulary,Norfolk Constabulary,0.477138,52.739161,On or near Station Road,E01026665,King's Lynn and West Norfolk 012A,Anti-social behaviour,,
ced1aaf1c222a3673f77cddf627db00b69cc9965e57f5c9623895e603559e2d0,2020-02,Norfolk Constabulary,Norfolk Constabulary,0.550561,52.742190,On or near Cedar Way,E01026665,King's Lynn and West Norfolk 012A,Criminal damage and arson,Investigation complete; no suspect identified,
8e2dd486117a1b7e22850e4636214097569091ac4104b4ad8a604b53605d218e,2020-02,Norfolk Constabulary,Norfolk Constabulary,0.477138,52.739161,On or near Station Road,E01026665,King's Lynn and West Norfolk 012A,Criminal damage and arson,Investigation complete; no suspect identified,
de2ca8d0621f2188fa29fdcedb5aa466de47e1a68c1d760ade5eb461a5e4e850,2020-02,Norfolk Constabulary,Norfolk Constabulary,0.550865,52.743082,On or near Springvale,E01026665,King's Lynn and West Norfolk 012A,Drugs,Awaiting court outcome,
ba69c0dd950383aca965870aacb1c02a8c932f5c497a6f93aab5e16b89378e29,2020-02,Norfolk Constabulary,Norfolk Constabulary,0.550865,52.743082,On or near Springvale,E01026665,King's Lynn and West Norfolk 012A,Public order,Court result unavailable,
33bfe3938bb3788c84c82bf80991ab747ecf43522e32dcf296e891c875fe88ee,2020-02,Norfolk Constabulary,Norfolk Constabulary,0.551831,52.741101,On or near Hawthorn Road,E01026665,King's Lynn and West Norfolk 012A,Violence and sexual offences,Unable to prosecute suspect,
161025afd1b2dcf2d32e704793e43c0861bf73e85216d6cbeae4b491d437afef,2020-02,Norfolk Constabulary,Norfolk Constabulary,0.469896,52.750992,On or near B1145,E01026665,King's Lynn and West Norfolk 012A,Violence and sexual offences,Unable to prosecute suspect,
f44ba1470d13b4b6434f02ae6d3bd0f5860f395db6ca8c5de2ffa899532371c8,2020-02,Norfolk Constabulary,Norfolk Constabulary,0.550865,52.743082,On or near Springvale,E01026665,King's Lynn and West Norfolk 012A,Violence and sexual offences,Unable to prosecute suspect,
cec3d225241648eec1a7658b80690537208d0b841d291aac7f8986fcb7cd23f8,2020-02,Norfolk Constabulary,Norfolk Constabulary,0.563904,52.743350,On or near Back Street,E01026665,King's Lynn and West Norfolk 012A,Violence and sexual offences,Unable to prosecute suspect,
85701be6774439f5b307afc340d4411e006cc89aa2718940b471beefdb1ca7c7,2020-02,Norfolk Constabulary,Norfolk Constabulary,0.563904,52.743350,On or near Back Street,E01026665,King's Lynn and West Norfolk 012A,Violence and sexual offences,Unable to prosecute suspect,
90d221e60de7c00a37b97453c11bea9ae5b6d6c8b79257ccebe8ed2467b6c708,2020-02,Norfolk Constabulary,Norfolk Constabulary,0.563904,52.743350,On or near Back Street,E01026665,King's Lynn and West Norfolk 012A,Violence and sexual offences,Unable to prosecute suspect,
9ec61d689809a5eb1056e0c31c47255020ec8f0a1466f3e1c5d6bcd02e344701,2020-02,Norfolk Constabulary,Norfolk Constabulary,0.563904,52.743350,On or near Back Street,E01026665,King's Lynn and West Norfolk 012A,Violence and sexual offences,Unable to prosecute suspect,
,2020-02,Norfolk Constabulary,Norfolk Constabulary,0.522131,52.771464,On or near Chapel Road,E01026674,King's Lynn and West Norfolk 012B,Anti-social behaviour,,
b93f8189e1db43fbb27f0dc8e288fe3ab055053a2d7c7c008aa2d0f386a265b2,2020-02,Norfolk Constabulary,Norfolk Constabulary,0.517643,52.779247,On or near Stoney Road,E01026674,King's Lynn and West Norfolk 012B,Public order,Unable to prosecute suspect,
ed68b235711de93f9e85216f9df4d568ac547f5199d6e012d0037f8c7a024431,2020-02,Norfolk Constabulary,Norfolk Constabulary,0.527413,52.762324,On or near Fen Lane,E01026674,King's Lynn and West Norfolk 012B,Violence and sexual offences,Unable to prosecute suspect,
2b0b543f0027123f3dff6a7dcc13d9c48430b78d16ff35b024792d3a928d8e30,2020-02,Norfolk Constabulary,Norfolk Constabulary,0.524175,52.770404,On or near Hillings Way,E01026675,King's Lynn and West Norfolk 012C,Violence and sexual offences,Unable to prosecute suspect,
,2020-02,Norfolk Constabulary,Norfolk Constabulary,0.507048,52.720288,On or near Town Close,E01026694,King's Lynn and West Norfolk 012D,Anti-social behaviour,,
5cfeb10add87c8b3b5bec60fb48b09478125734b9c8a519b4384c6236cb3e049,2020-02,Norfolk Constabulary,Norfolk Constabulary,0.505403,52.718983,On or near Hall Farm Gardens,E01026694,King's Lynn and West Norfolk 012D,Criminal damage and arson,Investigation complete; no suspect identified,
6d9b025425f210726154685cacea77b20229705edcde4db98e965fd0695e473d,2020-02,Norfolk Constabulary,Norfolk Constabulary,0.507048,52.720288,On or near Town Close,E01026694,King's Lynn and West Norfolk 012D,Criminal damage and arson,Unable to prosecute suspect,
49df1b595af8eeb972a4511e02730c942345177a574725c677cb440a7d362ab8,2020-02,Norfolk Constabulary,Norfolk Constabulary,0.681760,52.715411,On or near Massingham Road,E01026694,King's Lynn and West Norfolk 012D,Other theft,Investigation complete; no suspect identified,
f67d4a4208ce54693bfa7fe38f8924fed1292ea18b720a3c9e9030660a8c620b,2020-02,Norfolk Constabulary,Norfolk Constabulary,0.564777,52.693866,On or near Sports/Recreation Area,E01026694,King's Lynn and West Norfolk 012D,Violence and sexual offences,Unable to prosecute suspect,
7d81a972fc02d925bed78a6142334721e70111005ec8dca9488d1d389862cdfb,2020-02,Norfolk Constabulary,Norfolk Constabulary,0.564777,52.693866,On or near Sports/Recreation Area,E01026694,King's Lynn and West Norfolk 012D,Violence and sexual offences,Status update unavailable,
31e9b3dfa19dd9f17c5437ca3582265aec8c2010cd8bf2508d50c5f61bf71fb7,2020-02,Norfolk Constabulary,Norfolk Constabulary,0.687161,52.705478,On or near Foxes Meadow,E01026694,King's Lynn and West Norfolk 012D,Violence and sexual offences,Court result unavailable,
b81d92f9bf5e35b90c0ed498e2ce4d7c06672939b4b8a0ee8ae8cdbe6d4f86f6,2020-02,Norfolk Constabulary,Norfolk Constabulary,0.564777,52.693866,On or near Sports/Recreation Area,E01026694,King's Lynn and West Norfolk 012D,Violence and sexual offences,Status update unavailable,
605e7efd0391bdeb9141b9bd1ad12c63f48684d964aae4821a81b7f35bed6a13,2020-02,Norfolk Constabulary,Norfolk Constabulary,0.549476,52.694421,On or near Church Close,E01026694,King's Lynn and West Norfolk 012D,Violence and sexual offences,Unable to prosecute suspect,
07ca62173a1026486838a854a8cfeda0b1406d2f5726019aa36f29452611f57a,2020-02,Norfolk Constabulary,Norfolk Constabulary,0.251280,52.664234,On or near Hickathrift Field,E01026684,King's Lynn and West Norfolk 013A,Violence and sexual offences,Unable to prosecute suspect,
5f71cee5c4130b3c2cd40cbd6128f8e1f29b34fb7de3ee4c696207614e4bf65d,2020-02,Norfolk Constabulary,Norfolk Constabulary,0.251280,52.664234,On or near Hickathrift Field,E01026684,King's Lynn and West Norfolk 013A,Violence and sexual offences,Unable to prosecute suspect,
816c4317745ff3097d34e097aec04f8580a3dff825692f3cec2c446e0be47d8d,2020-02,Norfolk Constabulary,Norfolk Constabulary,0.186233,52.670631,On or near Chapnall Close,E01026685,King's Lynn and West Norfolk 013B,Public order,Unable to prosecute suspect,
6f09cd70f5de03415e93126c6a38562476ce1bf828b4fbc54a88bcda53043993,2020-02,Norfolk Constabulary,Norfolk Constabulary,0.186233,52.670631,On or near Chapnall Close,E01026685,King's Lynn and West Norfolk 013B,Public order,Unable to prosecute suspect,
5000888fa85610a7cfbb603830fe7dc1d870a67a8f3babd0da469e8715adb82a,2020-02,Norfolk Constabulary,Norfolk Constabulary,0.191085,52.670641,On or near Sleights Drive,E01026685,King's Lynn and West Norfolk 013B,Violence and sexual offences,Unable to prosecute suspect,
54d08b3dc48d369b625ab1c764c65cf0aa2817e24d4983c24716d79e84022af6,2020-02,Norfolk Constabulary,Norfolk Constabulary,0.186233,52.670631,On or near Chapnall Close,E01026685,King's Lynn and West Norfolk 013B,Violence and sexual offences,Court result unavailable,
8021135fc3b37d5f94a065997216c765ff7586f57fbc482bc8463079069eb6f9,2020-02,Norfolk Constabulary,Norfolk Constabulary,0.191085,52.670641,On or near Sleights Drive,E01026685,King's Lynn and West Norfolk 013B,Violence and sexual offences,Unable to prosecute suspect,
,2020-02,Norfolk Constabulary,Norfolk Constabulary,0.197616,52.731202,On or near French'S Road,E01026719,King's Lynn and West Norfolk 013C,Anti-social behaviour,,
,2020-02,Norfolk Constabulary,Norfolk Constabulary,0.241176,52.755716,On or near Parking Area,E01026719,King's Lynn and West Norfolk 013C,Anti-social behaviour,,
aac00c0b0d6a859ddabe49e742ee8442885c8d2771bd136277c79c094a5ec4cb,2020-02,Norfolk Constabulary,Norfolk Constabulary,0.221083,52.734218,On or near Church Close,E01026719,King's Lynn and West Norfolk 013C,Other theft,Investigation complete; no suspect identified,
80ee437281177044534c8edbf7110789d45d30476719154b2d0b98c48d70fd8b,2020-02,Norfolk Constabulary,Norfolk Constabulary,0.220405,52.732531,On or near Kirtons Close,E01026719,King's Lynn and West Norfolk 013C,Public order,Action to be taken by another organisation,
b8e55e7d4d1fa696ab6780d34dfccdd236dfee6c4b463acce8548036070005b2,2020-02,Norfolk Constabulary,Norfolk Constabulary,0.225245,52.726938,On or near School Lane,E01026719,King's Lynn and West Norfolk 013C,Theft from the person,Unable to prosecute suspect,
cb09953cd29991e391e93377365999029aac2f8aecfaee2a00f2eaa9492fe757,2020-02,Norfolk Constabulary,Norfolk Constabulary,0.253236,52.757366,On or near Low Road,E01026719,King's Lynn and West Norfolk 013C,Violence and sexual offences,Unable to prosecute suspect,
117d4df13cd2e786e4ecf7397540c09daf84f63ca6da730d212d1d68ee485893,2020-02,Norfolk Constabulary,Norfolk Constabulary,0.224072,52.725143,On or near Walnut Road,E01026719,King's Lynn and West Norfolk 013C,Violence and sexual offences,Investigation complete; no suspect identified,
58959e1fb6d00e901d2f12b2e007a0027c75d4a9050beace02389fa90c391d67,2020-02,Norfolk Constabulary,Norfolk Constabulary,0.214451,52.732247,On or near Wisbech Road,E01026719,King's Lynn and West Norfolk 013C,Violence and sexual offences,Unable to prosecute suspect,
7c7657cebd268e451c7d85c80315bfc94964856df393f5e4c089828aa0b43cd6,2020-02,Norfolk Constabulary,Norfolk Constabulary,0.234187,52.727741,On or near Pyecroft Lane,E01026719,King's Lynn and West Norfolk 013C,Violence and sexual offences,Formal action is not in the public interest,
,2020-02,Norfolk Constabulary,Norfolk Constabulary,0.171446,52.697850,On or near Bellamy'S Lane,E01026720,King's Lynn and West Norfolk 013D,Anti-social behaviour,,
,2020-02,Norfolk Constabulary,Norfolk Constabulary,0.176529,52.707495,On or near Mill Road,E01026720,King's Lynn and West Norfolk 013D,Anti-social behaviour,,
5e8928ab17eea92b45ff8a9848ea6a2ceb5e625190f227f011a27330e4268e91,2020-02,Norfolk Constabulary,Norfolk Constabulary,0.179902,52.677752,On or near Parking Area,E01026720,King's Lynn and West Norfolk 013D,Burglary,Investigation complete; no suspect identified,
a8aa98f82203fd988a8bbd1c1ba15ea44ca03cdfa53ed33f73bd70d9be0aa3da,2020-02,Norfolk Constabulary,Norfolk Constabulary,0.179902,52.677752,On or near Parking Area,E01026720,King's Lynn and West Norfolk 013D,Burglary,Investigation complete; no suspect identified,
,2020-02,Norfolk Constabulary,Norfolk Constabulary,0.241261,52.701073,On or near Main Road,E01026721,King's Lynn and West Norfolk 013E,Anti-social behaviour,,
109fec8de8e4317aae162e9d0580d1112d2973591e45ef3b59df28e168ac312f,2020-02,Norfolk Constabulary,Norfolk Constabulary,0.238184,52.694163,On or near Mill Lane,E01026721,King's Lynn and West Norfolk 013E,Violence and sexual offences,Unable to prosecute suspect,
d9449ad0ce20c18d32c163dc2cfda7d00704c6e612aa20212d6f61171c5eda9b,2020-02,Norfolk Constabulary,Norfolk Constabulary,0.247057,52.699516,On or near Stockshill Square,E01026721,King's Lynn and West Norfolk 013E,Violence and sexual offences,Investigation complete; no suspect identified,
8b1ef6b23924832e5f240cca0d3497898b0334078fe3ddd693c6e93b7a8d6cfa,2020-02,Norfolk Constabulary,Norfolk Constabulary,0.238184,52.694163,On or near Mill Lane,E01026721,King's Lynn and West Norfolk 013E,Violence and sexual offences,Unable to prosecute suspect,
f5a8cafd6841c506c62463c5984bdefeaf53bd9e570cf22b1fdd66c4d61a18f9,2020-02,Norfolk Constabulary,Norfolk Constabulary,0.212336,52.690476,On or near A47,E01026721,King's Lynn and West Norfolk 013E,Other crime,Unable to prosecute suspect,
c46fcb373fada025007b7810739434b95da128f63cbfc6bbaa658973179b393e,2020-02,Norfolk Constabulary,Norfolk Constabulary,0.479697,52.652417,On or near Eastgate Street,E01026642,King's Lynn and West Norfolk 014A,Burglary,Status update unavailable,
a33edca0bf8804d74b50691b2d68240762c97b480d34b21a2ff0c8fa828cfb4f,2020-02,Norfolk Constabulary,Norfolk Constabulary,0.526346,52.658058,On or near Lime Close,E01026642,King's Lynn and West Norfolk 014A,Burglary,Status update unavailable,
42e03630de2bb50e1d749c45b79bb83b5abb4109930f1f41e34849ef3df5af92,2020-02,Norfolk Constabulary,Norfolk Constabulary,0.528300,52.660399,On or near Walnut Walk,E01026642,King's Lynn and West Norfolk 014A,Burglary,Status update unavailable,
f1650fdb169f022731bf68435f751f6a5326928757a6f11a5ff66b6c805f58a8,2020-02,Norfolk Constabulary,Norfolk Constabulary,0.525768,52.659069,On or near School Lane,E01026642,King's Lynn and West Norfolk 014A,Burglary,Investigation complete; no suspect identified,
f07ae6985643beaf117b80f14e1cba2dce9723d00860dbb55c81aecd8987ed0e,2020-02,Norfolk Constabulary,Norfolk Constabulary,0.528300,52.660399,On or near Walnut Walk,E01026642,King's Lynn and West Norfolk 014A,Burglary,Status update unavailable,
7b13b68b019ce5f50fca51824692aa1f3b159d1790a3be33b0f51fe75bd5557f,2020-02,Norfolk Constabulary,Norfolk Constabulary,0.528300,52.660399,On or near Walnut Walk,E01026642,King's Lynn and West Norfolk 014A,Burglary,Status update unavailable,
6f04a164f60de279a9293888ae71c299f55b78c2f72a454f5d39a32f62899718,2020-02,Norfolk Constabulary,Norfolk Constabulary,0.477821,52.655055,On or near New Road,E01026642,King's Lynn and West Norfolk 014A,Drugs,Offender given a caution,
d7692c9962e6a9a04a707a0c47e58b75e5fb59f34393762d70b6a75f6f602e28,2020-02,Norfolk Constabulary,Norfolk Constabulary,0.483814,52.650712,On or near Church Road,E01026642,King's Lynn and West Norfolk 014A,Other theft,Investigation complete; no suspect identified,
3a0a986eeb95b1c944e7ef4c1c128517128d35f4a7a67fe0a316f2f4460751f5,2020-02,Norfolk Constabulary,Norfolk Constabulary,0.524454,52.658593,On or near Church Lane,E01026642,King's Lynn and West Norfolk 014A,Other theft,Awaiting court outcome,
2a6dd0e549cb1fd0e060cd658464e65c38b6b634bd852c03df4b60b216719773,2020-02,Norfolk Constabulary,Norfolk Constabulary,0.478327,52.653291,On or near Woodward Close,E01026642,King's Lynn and West Norfolk 014A,Vehicle crime,Status update unavailable,
3ae3f4590591696f84591d5904073d89b28c0aff151a82bfe1cc869795227b7b,2020-02,Norfolk Constabulary,Norfolk Constabulary,0.527197,52.660765,On or near Villebois Road,E01026642,King's Lynn and West Norfolk 014A,Vehicle crime,Status update unavailable,
086eca1c3524f06536e31d7b56734e2e54f34071362dc92108f177a975bf7119,2020-02,Norfolk Constabulary,Norfolk Constabulary,0.524454,52.658593,On or near Church Lane,E01026642,King's Lynn and West Norfolk 014A,Vehicle crime,Status update unavailable,
7f24e8a79bb130316bc11a16839641ed2877e0d04e4a4af7dad08b9ce842829d,2020-02,Norfolk Constabulary,Norfolk Constabulary,0.526346,52.658058,On or near Lime Close,E01026642,King's Lynn and West Norfolk 014A,Vehicle crime,Status update unavailable,
791af4b093a22925ec28163050b17ac1a9e3a7912bfcb3d478744b20da310443,2020-02,Norfolk Constabulary,Norfolk Constabulary,0.478327,52.653291,On or near Woodward Close,E01026642,King's Lynn and West Norfolk 014A,Vehicle crime,Status update unavailable,
ba4309c1410ba4041d6c573b2adb93bd470138a48f9ab893294b5bd0ee8c34ec,2020-02,Norfolk Constabulary,Norfolk Constabulary,0.479697,52.652417,On or near Eastgate Street,E01026642,King's Lynn and West Norfolk 014A,Vehicle crime,Status update unavailable,
c41e2358f240b65397a1cefac035b6160a0638525025924c311ae088fa547b7e,2020-02,Norfolk Constabulary,Norfolk Constabulary,0.525719,52.660005,On or near Mill Lane,E01026642,King's Lynn and West Norfolk 014A,Vehicle crime,Status update unavailable,
c24c1a3a0d082c55e16e33a2041aa1693024b37633d01b94526f439851822d1c,2020-02,Norfolk Constabulary,Norfolk Constabulary,0.525719,52.660005,On or near Mill Lane,E01026642,King's Lynn and West Norfolk 014A,Vehicle crime,Status update unavailable,
b6186cf93b7fbacc851487f85ecc35cae22ad157b6b36e7e185a5c830949fa6d,2020-02,Norfolk Constabulary,Norfolk Constabulary,0.479697,52.652417,On or near Eastgate Street,E01026642,King's Lynn and West Norfolk 014A,Violence and sexual offences,Unable to prosecute suspect,
04ffe5a6aa8aec3410a2961ad281700a264775f629109394517befe68af715dd,2020-02,Norfolk Constabulary,Norfolk Constabulary,0.532788,52.664107,On or near The Street,E01026642,King's Lynn and West Norfolk 014A,Violence and sexual offences,Action to be taken by another organisation,
4cef8c8977436c480a3df9402b56caf9cdb48c5d164b8a0324f8f9a235892f07,2020-02,Norfolk Constabulary,Norfolk Constabulary,0.479697,52.652417,On or near Eastgate Street,E01026642,King's Lynn and West Norfolk 014A,Violence and sexual offences,Unable to prosecute suspect,
4159aa2baecc1442535eb17d7383f24c26585bbc39c228d1ae3d787ad0957892,2020-02,Norfolk Constabulary,Norfolk Constabulary,0.526346,52.658058,On or near Lime Close,E01026642,King's Lynn and West Norfolk 014A,Violence and sexual offences,Unable to prosecute suspect,
6ee1aa724d77ccabd054860c9d294245cafd7fc35ed4fc49419594922f148c2c,2020-02,Norfolk Constabulary,Norfolk Constabulary,0.532788,52.664107,On or near The Street,E01026642,King's Lynn and West Norfolk 014A,Violence and sexual offences,Unable to prosecute suspect,
e6a24454ab9a228a84f971e80bd881a10a855f15af20731d9618da6f2049e9a3,2020-02,Norfolk Constabulary,Norfolk Constabulary,0.528300,52.660399,On or near Walnut Walk,E01026642,King's Lynn and West Norfolk 014A,Violence and sexual offences,Unable to prosecute suspect,
f26187e3110e79fcce9cd275db773b53a07a0ef9f4171a06cd1a0f59a36d6c7b,2020-02,Norfolk Constabulary,Norfolk Constabulary,0.532788,52.664107,On or near The Street,E01026642,King's Lynn and West Norfolk 014A,Violence and sexual offences,Unable to prosecute suspect,
47ee9b0f8138e75ad135e205a887678e95b8daa26d9ee52f4baaf8955db73f8e,2020-02,Norfolk Constabulary,Norfolk Constabulary,0.526346,52.658058,On or near Lime Close,E01026642,King's Lynn and West Norfolk 014A,Violence and sexual offences,Unable to prosecute suspect,
9d34d26f1437b3cff9c6866bc5667dab36433e772d31e1cedbaba3e2e55fbe15,2020-02,Norfolk Constabulary,Norfolk Constabulary,0.532788,52.664107,On or near The Street,E01026642,King's Lynn and West Norfolk 014A,Violence and sexual offences,Unable to prosecute suspect,
64236f411de266c3936dca9156614bd2039146dd49a2f9a3c7d49826fb651881,2020-02,Norfolk Constabulary,Norfolk Constabulary,0.526346,52.658058,On or near Lime Close,E01026642,King's Lynn and West Norfolk 014A,Violence and sexual offences,Unable to prosecute suspect,
41029781e7385d9e873eca77a0acd4bc3b71bbd01bfa0160249994e0f8e21076,2020-02,Norfolk Constabulary,Norfolk Constabulary,0.415755,52.681730,On or near Park/Open Space,E01026643,King's Lynn and West Norfolk 014B,Violence and sexual offences,Unable to prosecute suspect,
3cf815c4b6d2922c3c39f59aa889dba0a4ac73e402b2cbe2089bff9aab93d1fb,2020-02,Norfolk Constabulary,Norfolk Constabulary,0.415755,52.681730,On or near Park/Open Space,E01026643,King's Lynn and West Norfolk 014B,Violence and sexual offences,Unable to prosecute suspect,
,2020-02,Norfolk Constabulary,Norfolk Constabulary,0.409356,52.710624,On or near Hall Lane,E01026723,King's Lynn and West Norfolk 014D,Anti-social behaviour,,
bc92b2a1485bcf15487150630f0754bc9c66f40cc5fcf93f0b3ecc5d1fffa97b,2020-02,Norfolk Constabulary,Norfolk Constabulary,0.418236,52.701200,On or near Parking Area,E01026723,King's Lynn and West Norfolk 014D,Burglary,Investigation complete; no suspect identified,
b3895b0b577f2ee45d2abacbb7cb4c3f5239fcad62a7f2f84dc0c7815f11f2a7,2020-02,Norfolk Constabulary,Norfolk Constabulary,0.414767,52.698411,On or near Garage Lane,E01026723,King's Lynn and West Norfolk 014D,Vehicle crime,Investigation complete; no suspect identified,
2697ea679bd71c8c47e2165cafa8f38025a0db667b223645f55447eb00fca28a,2020-02,Norfolk Constabulary,Norfolk Constabulary,0.415138,52.709419,On or near Orford Place,E01026723,King's Lynn and West Norfolk 014D,Violence and sexual offences,Action to be taken by another organisation,
c5dc032ae895a225a9c0b70115eef4b52869aceef0d37adc56d681d7e1be7a12,2020-02,Norfolk Constabulary,Norfolk Constabulary,0.409127,52.707806,On or near Hazel Close,E01026723,King's Lynn and West Norfolk 014D,Violence and sexual offences,Unable to prosecute suspect,
e988ab86b5e5acd40e472cec1a4c48e3be186ccdaad7f30890f30d3d34c69c41,2020-02,Norfolk Constabulary,Norfolk Constabulary,0.435348,52.718482,On or near Hall Drive,E01026724,King's Lynn and West Norfolk 014E,Criminal damage and arson,Unable to prosecute suspect,
5ffa9af76dd75845af91de9e193b6cc817b89b23102a3219fb853940752dfe8f,2020-02,Norfolk Constabulary,Norfolk Constabulary,0.418191,52.718852,On or near Coronation Avenue,E01026724,King's Lynn and West Norfolk 014E,Criminal damage and arson,Unable to prosecute suspect,
3bd7b56f7d2f23bd03d0a708797441760924aaef95aacb389269c1cf2c37e868,2020-02,Norfolk Constabulary,Norfolk Constabulary,0.415234,52.731258,On or near Regent Avenue,E01026724,King's Lynn and West Norfolk 014E,Drugs,Offender given a drugs possession warning,
99c8e85f6c975e78eff9991b70410f3ffae69e73535f7df93cf5fce5d2e125ce,2020-02,Norfolk Constabulary,Norfolk Constabulary,0.417516,52.735824,On or near A47,E01026724,King's Lynn and West Norfolk 014E,Other theft,Investigation complete; no suspect identified,
0a3b078bec943abcf271cd5556a3a5fcaa3fe22f034060bb2649f5725fa209c7,2020-02,Norfolk Constabulary,Norfolk Constabulary,0.435993,52.717831,On or near Cedar Grove,E01026724,King's Lynn and West Norfolk 014E,Possession of weapons,Status update unavailable,
de2fb1e1ef95c0ade848fbd4fa6badf8722bb919f1973d79cdb4e7f74e2bbc52,2020-02,Norfolk Constabulary,Norfolk Constabulary,0.411881,52.719088,On or near Chapel Lane,E01026724,King's Lynn and West Norfolk 014E,Public order,Unable to prosecute suspect,
fd1a661e747e862910e789dddbdb0b4b955c5f70e2a1886fa3ecc205e0cbfe42,2020-02,Norfolk Constabulary,Norfolk Constabulary,0.411881,52.719088,On or near Chapel Lane,E01026724,King's Lynn and West Norfolk 014E,Violence and sexual offences,Court result unavailable,
5590aa1429a3dc647d40844e930f60589ef46e14327d648c488b4b7b1c6de491,2020-02,Norfolk Constabulary,Norfolk Constabulary,0.411881,52.719088,On or near Chapel Lane,E01026724,King's Lynn and West Norfolk 014E,Violence and sexual offences,Court result unavailable,
9b4225e797ddb2beb60025fab65b5ec6feafc8d2ce9841095bc1307be8c4293f,2020-02,Norfolk Constabulary,Norfolk Constabulary,0.411881,52.719088,On or near Chapel Lane,E01026724,King's Lynn and West Norfolk 014E,Violence and sexual offences,Court result unavailable,
2775a66761f91fadf6020d8c6c542290c65cfdaefa09c30fcc29094476c9366d,2020-02,Norfolk Constabulary,Norfolk Constabulary,0.409652,52.716256,On or near Common Close,E01026724,King's Lynn and West Norfolk 014E,Violence and sexual offences,Unable to prosecute suspect,
884747ddc447b74fd9c8ee351279a0919948ca7862cb5fc1a6e8dd3f95a755a1,2020-02,Norfolk Constabulary,Norfolk Constabulary,0.418191,52.718852,On or near Coronation Avenue,E01026724,King's Lynn and West Norfolk 014E,Violence and sexual offences,Unable to prosecute suspect,
6bb21d499b8ebeff81757c0eedaad91d7dd0f7f213f34eddeb5c51d479ec5fa2,2020-02,Norfolk Constabulary,Norfolk Constabulary,0.435348,52.718482,On or near Hall Drive,E01026724,King's Lynn and West Norfolk 014E,Violence and sexual offences,Unable to prosecute suspect,
a723e463ca7f74e087eb3d5d39460fc54ce383a0f8f3468ec6e3d13d49ad083b,2020-02,Norfolk Constabulary,Norfolk Constabulary,0.416142,52.716610,On or near Sports/Recreation Area,E01026724,King's Lynn and West Norfolk 014E,Violence and sexual offences,Court result unavailable,
924f143071a2f6a620a62cd3d98466cfdc961376c13c36d2311ee25830fa3551,2020-02,Norfolk Constabulary,Norfolk Constabulary,0.418191,52.718852,On or near Coronation Avenue,E01026724,King's Lynn and West Norfolk 014E,Violence and sexual offences,Unable to prosecute suspect,
a9a0a57bfe6902d5c8b410af120190d4c22a507ac21c3472bbb83ae73bda7546,2020-02,Norfolk Constabulary,Norfolk Constabulary,0.435348,52.718482,On or near Hall Drive,E01026724,King's Lynn and West Norfolk 014E,Violence and sexual offences,Unable to prosecute suspect,
,2020-02,Norfolk Constabulary,Norfolk Constabulary,0.461330,52.718647,On or near Walter Howes Crescent,E01026725,King's Lynn and West Norfolk 014F,Anti-social behaviour,,
6342979ee14b73eed90eb8939d6b7389702bafd593790f4eadfd24ee112e1135,2020-02,Norfolk Constabulary,Norfolk Constabulary,0.456843,52.722858,On or near Two Acres,E01026725,King's Lynn and West Norfolk 014F,Burglary,Investigation complete; no suspect identified,
1f9a3593e91cf6bf1de0b8cda7487405483ddc3840b95e245503d4066059e542,2020-02,Norfolk Constabulary,Norfolk Constabulary,0.451506,52.724875,On or near Brookwell Springs,E01026725,King's Lynn and West Norfolk 014F,Public order,Unable to prosecute suspect,
,2020-02,Norfolk Constabulary,Norfolk Constabulary,0.323440,52.686885,On or near Magdalen High Road,E01026696,King's Lynn and West Norfolk 015A,Anti-social behaviour,,
6752a92d6e2f0d05eeb490f89df782cf67d6c9a2b31c7d16b4eefca397a7b861,2020-02,Norfolk Constabulary,Norfolk Constabulary,0.272749,52.681511,On or near New Sibley,E01026696,King's Lynn and West Norfolk 015A,Violence and sexual offences,Unable to prosecute suspect,
102128c5f0e893725a19c6c544e9000343284e2b3875bda7c6b0525354e0fe84,2020-02,Norfolk Constabulary,Norfolk Constabulary,0.272749,52.681511,On or near New Sibley,E01026696,King's Lynn and West Norfolk 015A,Violence and sexual offences,Unable to prosecute suspect,
9da088dd446f4ecaacda789709b1a6dc60a1c50fe554a75b5c98488c40c401bd,2020-02,Norfolk Constabulary,Norfolk Constabulary,0.285793,52.687653,On or near School Road,E01026696,King's Lynn and West Norfolk 015A,Violence and sexual offences,Unable to prosecute suspect,
,2020-02,Norfolk Constabulary,Norfolk Constabulary,0.292027,52.697908,On or near Sports/Recreation Area,E01026697,King's Lynn and West Norfolk 015B,Anti-social behaviour,,
c9c656087ec2263f7ff71e2231250de2be0ce7904a88dc3daf5bafe25ee0c891,2020-02,Norfolk Constabulary,Norfolk Constabulary,0.308764,52.720287,On or near Parking Area,E01026697,King's Lynn and West Norfolk 015B,Criminal damage and arson,Status update unavailable,
2203c6eac94fc65a61800ad8d3f548bb8d92420d45f1d0ccf6a30c5fb8565585,2020-02,Norfolk Constabulary,Norfolk Constabulary,0.288950,52.699640,On or near Victory Lane,E01026697,King's Lynn and West Norfolk 015B,Criminal damage and arson,Investigation complete; no suspect identified,
c0696c7297fb9cfe3e7d2189d6cc7f7581c3297dc8155e44005079ab339a1cf7,2020-02,Norfolk Constabulary,Norfolk Constabulary,0.274656,52.707666,On or near Old Church Road,E01026697,King's Lynn and West Norfolk 015B,Criminal damage and arson,Unable to prosecute suspect,
f460e98cd2547810c575f669c7b8b54857a4c248c1ce89638965959f09324b5b,2020-02,Norfolk Constabulary,Norfolk Constabulary,0.288950,52.699640,On or near Victory Lane,E01026697,King's Lynn and West Norfolk 015B,Other theft,Investigation complete; no suspect identified,
c1255e250a2fa63eb46b6867c6330407553dcb69db5380fbd6219a3cc29b27dd,2020-02,Norfolk Constabulary,Norfolk Constabulary,0.278467,52.704095,On or near Mill Field Close,E01026697,King's Lynn and West Norfolk 015B,Vehicle crime,Investigation complete; no suspect identified,
2358d1b9c0a584e73cd197451ce35b0b1582386fc6bbe611a0354a298f505d78,2020-02,Norfolk Constabulary,Norfolk Constabulary,0.308764,52.720287,On or near Parking Area,E01026697,King's Lynn and West Norfolk 015B,Violence and sexual offences,Status update unavailable,
0d864b2cc2dac03663cf45d22aff866b5e14f7f3e969c234cac6b30ae4106c84,2020-02,Norfolk Constabulary,Norfolk Constabulary,0.283085,52.702397,On or near St John'S Road,E01026697,King's Lynn and West Norfolk 015B,Violence and sexual offences,Unable to prosecute suspect,
8bbacd9743c1587e0c5fea95cd0be89b588e832802d5415336ec452eff6c69e2,2020-02,Norfolk Constabulary,Norfolk Constabulary,0.328812,52.700231,On or near The Avenue,E01026697,King's Lynn and West Norfolk 015B,Violence and sexual offences,Unable to prosecute suspect,
bb0ce9e4e06dc06acd9b0304a314afc34a9a2fc48636e6855e09ca5f2fccc4a9,2020-02,Norfolk Constabulary,Norfolk Constabulary,0.288950,52.699640,On or near Victory Lane,E01026697,King's Lynn and West Norfolk 015B,Violence and sexual offences,Unable to prosecute suspect,
d388155426912fb57a12de8b64e2e9937abc7d93b702589a65a4133df1637a62,2020-02,Norfolk Constabulary,Norfolk Constabulary,0.279001,52.718049,On or near Church Road,E01026697,King's Lynn and West Norfolk 015B,Other crime,Unable to prosecute suspect,
58a82b1baca7e1c8ececf280f6170036c5a43c3812eed1275e9a67b0e1e5ef7e,2020-02,Norfolk Constabulary,Norfolk Constabulary,0.386215,52.675072,On or near Stiffkey Close,E01026722,King's Lynn and West Norfolk 015C,Public order,Unable to prosecute suspect,
d26f6d59e10c0dafa22fad8b8f89766c42ae9240b7a926236ecf716337c16062,2020-02,Norfolk Constabulary,Norfolk Constabulary,0.388743,52.672593,On or near Woodward Close,E01026722,King's Lynn and West Norfolk 015C,Violence and sexual offences,Unable to prosecute suspect,
80889e6e1643bc45985104bfcf50d4b7bc7fc4710f458b82ed4a014f87ee7528,2020-02,Norfolk Constabulary,Norfolk Constabulary,0.388743,52.672593,On or near Woodward Close,E01026722,King's Lynn and West Norfolk 015C,Violence and sexual offences,Unable to prosecute suspect,
734fe897af39b75debd61a0a3388d3321308577c625b57a26f389629f4e495a4,2020-02,Norfolk Constabulary,Norfolk Constabulary,0.387818,52.670544,On or near Fendley Close,E01026722,King's Lynn and West Norfolk 015C,Violence and sexual offences,Unable to prosecute suspect,
4b93c1bd6d8f556c161bf70ff73a624764f6b678207ed2c0b0d52a66135f5795,2020-02,Norfolk Constabulary,Norfolk Constabulary,0.385562,52.673943,On or near Britton Close,E01026722,King's Lynn and West Norfolk 015C,Violence and sexual offences,Unable to prosecute suspect,
cd6b85b1f41c3628cc3c3b91a5fcd8c12813a3a72d46be88abd42366fa5eb547,2020-02,Norfolk Constabulary,Norfolk Constabulary,0.399687,52.670394,On or near Mill Road,E01026722,King's Lynn and West Norfolk 015C,Violence and sexual offences,Unable to prosecute suspect,
797561402a1687f73e2affcfd126d08b82d35c93c4994f57512e6dba1c5ba3e0,2020-02,Norfolk Constabulary,Norfolk Constabulary,0.389906,52.671949,On or near Kent Drive,E01026722,King's Lynn and West Norfolk 015C,Violence and sexual offences,Unable to prosecute suspect,
,2020-02,Norfolk Constabulary,Norfolk Constabulary,0.354597,52.699442,On or near Bluebell Walk,E01026726,King's Lynn and West Norfolk 015D,Anti-social behaviour,,
2cbb67768b1bf34c6c267eb73802de84e1f07fd62e9c06be977c1e858d1858fa,2020-02,Norfolk Constabulary,Norfolk Constabulary,0.357079,52.701263,On or near School Road,E01026726,King's Lynn and West Norfolk 015D,Burglary,Investigation complete; no suspect identified,
f252d615e371b20861f1d41e1ebb114ca79893a7d7b26eea0f36e05d7b15533c,2020-02,Norfolk Constabulary,Norfolk Constabulary,0.362395,52.674452,On or near Prophets Alley,E01026726,King's Lynn and West Norfolk 015D,Criminal damage and arson,Investigation complete; no suspect identified,
,2020-02,Norfolk Constabulary,Norfolk Constabulary,0.233378,52.609536,On or near Church Drove,E01026659,King's Lynn and West Norfolk 016A,Anti-social behaviour,,
,2020-02,Norfolk Constabulary,Norfolk Constabulary,0.247642,52.598782,On or near Glenfield Close,E01026659,King's Lynn and West Norfolk 016A,Anti-social behaviour,,
,2020-02,Norfolk Constabulary,Norfolk Constabulary,0.232382,52.610292,On or near Suttons Close,E01026659,King's Lynn and West Norfolk 016A,Anti-social behaviour,,
0500c4f7cb678f457b5bf27423feb1a7c041d092ef4a9ff14a1346acf5c94989,2020-02,Norfolk Constabulary,Norfolk Constabulary,0.238419,52.609045,On or near Well Creek Road,E01026659,King's Lynn and West Norfolk 016A,Burglary,Investigation complete; no suspect identified,
2a2935367435d82c842ae2edee27c34583f9a96989b5edcc3d663b71cf886171,2020-02,Norfolk Constabulary,Norfolk Constabulary,0.229964,52.610373,On or near Isle Bridge Road,E01026659,King's Lynn and West Norfolk 016A,Violence and sexual offences,Action to be taken by another organisation,
2adf17d6222c5648a269cf49720b48433add522927b4b7d4c963417589ae40c1,2020-02,Norfolk Constabulary,Norfolk Constabulary,0.248896,52.614331,On or near Langhorn'S Lane,E01026659,King's Lynn and West Norfolk 016A,Violence and sexual offences,Formal action is not in the public interest,
795d44b194f88de397b1acb41194328bc4441c06b805e1bfc823da48dd4f410a,2020-02,Norfolk Constabulary,Norfolk Constabulary,0.232261,52.613720,On or near Isle Road,E01026659,King's Lynn and West Norfolk 016A,Violence and sexual offences,Unable to prosecute suspect,
b0676cf7c92235826de210a70b88b22ab2088241d09970e988cc568815fcc4ef,2020-02,Norfolk Constabulary,Norfolk Constabulary,0.229964,52.610373,On or near Isle Bridge Road,E01026659,King's Lynn and West Norfolk 016A,Violence and sexual offences,Unable to prosecute suspect,
5e33c56f18c76d2ed1f063a1cc737794c827847f4d9a192c59bc050394a396a1,2020-02,Norfolk Constabulary,Norfolk Constabulary,0.240232,52.602609,On or near Church Drove,E01026659,King's Lynn and West Norfolk 016A,Violence and sexual offences,Unable to prosecute suspect,
7c3211843fd9fb9922b44c989a7e268e85f65be08cf38e1aa1484538bcb9ff5f,2020-02,Norfolk Constabulary,Norfolk Constabulary,0.230944,52.615130,On or near Birdbeck Drive,E01026659,King's Lynn and West Norfolk 016A,Other crime,Action to be taken by another organisation,
83a0e23e68c76dcb460640d9fb8e299ddc3512ef54a0f49e86d1fa51df26cefb,2020-02,Norfolk Constabulary,Norfolk Constabulary,0.189130,52.644260,On or near Bambers Lane,E01026660,King's Lynn and West Norfolk 016B,Burglary,Investigation complete; no suspect identified,
0c57100c6abce81d08d1cf3a75c63f26cc2538aaa1bbdf767845a827db03bd8f,2020-02,Norfolk Constabulary,Norfolk Constabulary,0.170933,52.649909,On or near Petrol Station,E01026660,King's Lynn and West Norfolk 016B,Criminal damage and arson,Investigation complete; no suspect identified,
5c1d25ad3d7d29176706d3a8714eb3638f541f0aee7f8437f4d99beb5e9d60b0,2020-02,Norfolk Constabulary,Norfolk Constabulary,0.202440,52.639670,On or near Hawthorn Road,E01026660,King's Lynn and West Norfolk 016B,Drugs,Offender given a caution,
c4e8d8794859dfc4ef06cb3e0178520d472954570f9a286fa0f124d815f886cc,2020-02,Norfolk Constabulary,Norfolk Constabulary,0.202440,52.639670,On or near Hawthorn Road,E01026660,King's Lynn and West Norfolk 016B,Drugs,Awaiting court outcome,
94fa03a36fe25ef79c812d1f8630a9177df2de81d402997c6a856ee9fd37b909,2020-02,Norfolk Constabulary,Norfolk Constabulary,0.173014,52.648054,On or near Elm High Road,E01026660,King's Lynn and West Norfolk 016B,Other theft,Investigation complete; no suspect identified,
73a8c727c406b66d7e373e2bbca58656b2a092097184d67a4f16151c2e41190b,2020-02,Norfolk Constabulary,Norfolk Constabulary,0.202440,52.639670,On or near Hawthorn Road,E01026660,King's Lynn and West Norfolk 016B,Other theft,Local resolution,
7ea879ad8f2f985d47b0d85c223e9019f8375e0895889bd02dd11cd5c21bc14f,2020-02,Norfolk Constabulary,Norfolk Constabulary,0.202440,52.639670,On or near Hawthorn Road,E01026660,King's Lynn and West Norfolk 016B,Vehicle crime,Local resolution,
d8dc4b58e4075ef40d936bdd1a38cd3aa800a509dc4c9eea5746c5ad2e499dc1,2020-02,Norfolk Constabulary,Norfolk Constabulary,0.202440,52.639670,On or near Hawthorn Road,E01026660,King's Lynn and West Norfolk 016B,Violence and sexual offences,Unable to prosecute suspect,
9ca479f2334c8c08721dfaf73767a7e4b718f8e4dbff21627b73bcbb93525b1e,2020-02,Norfolk Constabulary,Norfolk Constabulary,0.202440,52.639670,On or near Hawthorn Road,E01026660,King's Lynn and West Norfolk 016B,Violence and sexual offences,Unable to prosecute suspect,
b1c2c6e91298a2073283076b9f3a14900d783cfcff3bf916cb323700130832cc,2020-02,Norfolk Constabulary,Norfolk Constabulary,0.216950,52.612983,On or near Green Drove,E01026661,King's Lynn and West Norfolk 016C,Drugs,Offender given a caution,
0cff67681ea72f7d2367c5eceadeb54ae2309459a14017c10defe8b6d0cc4d60,2020-02,Norfolk Constabulary,Norfolk Constabulary,0.216950,52.612983,On or near Green Drove,E01026661,King's Lynn and West Norfolk 016C,Vehicle crime,Formal action is not in the public interest,
1b869ee32b94435a26cf4fefc1d2c74ebc150d2a9d755aecb1954b1f9b02934a,2020-02,Norfolk Constabulary,Norfolk Constabulary,0.229827,52.618729,On or near Petrol Station,E01026661,King's Lynn and West Norfolk 016C,Other crime,Unable to prosecute suspect,
,2020-02,Norfolk Constabulary,Norfolk Constabulary,0.212182,52.596932,On or near New Bridge Road,E01026715,King's Lynn and West Norfolk 016D,Anti-social behaviour,,
e688a2c67daf29e1f92f6d1441e2f8c4ffe0a7fdf085fa57bf37e204cdc88ed7,2020-02,Norfolk Constabulary,Norfolk Constabulary,0.222262,52.603244,On or near Ransome'S Close,E01026715,King's Lynn and West Norfolk 016D,Other theft,Unable to prosecute suspect,
09eea078107603d814c56979296f2ddd9923db831becbd8f4ec03b44b5640f31,2020-02,Norfolk Constabulary,Norfolk Constabulary,0.205593,52.590401,On or near Workhouse Lane,E01026715,King's Lynn and West Norfolk 016D,Other theft,Investigation complete; no suspect identified,
e84cbafa72590cdff4a8f67944deb75758730015c55a9fca5520954728a28825,2020-02,Norfolk Constabulary,Norfolk Constabulary,0.207318,52.592995,On or near School Road,E01026715,King's Lynn and West Norfolk 016D,Public order,Unable to prosecute suspect,
3b006849a72cb36b701cebe7f250767a8aae7c56d4fcae65684082ea0bc584d3,2020-02,Norfolk Constabulary,Norfolk Constabulary,0.222262,52.603244,On or near Ransome'S Close,E01026715,King's Lynn and West Norfolk 016D,Violence and sexual offences,Status update unavailable,
0fbb12a32a6ba674e12066fb8605e24ba7fc8508f1301f53b742bd1aeb2b365b,2020-02,Norfolk Constabulary,Norfolk Constabulary,0.230476,52.600977,On or near Lode Avenue,E01026716,King's Lynn and West Norfolk 016E,Possession of weapons,Offender given a caution,
2ac16c6430955c626a0356757306137f50ea2cb5bbd4208abc662bd6711ade75,2020-02,Norfolk Constabulary,Norfolk Constabulary,0.230476,52.600977,On or near Lode Avenue,E01026716,King's Lynn and West Norfolk 016E,Public order,Offender given a caution,
346dbb5f44f6be247848b542d7bb141abfd48b4d13a1bb5986adfbd754efee60,2020-02,Norfolk Constabulary,Norfolk Constabulary,0.224622,52.600269,On or near Townley Close,E01026716,King's Lynn and West Norfolk 016E,Violence and sexual offences,Unable to prosecute suspect,
38c91c01ca23ddfe23c17a64b88bc729ecb8364c6165e1f86d16606a8ab8c98f,2020-02,Norfolk Constabulary,Norfolk Constabulary,0.250710,52.519759,On or near Main Street,E01026716,King's Lynn and West Norfolk 016E,Violence and sexual offences,Unable to prosecute suspect,
ddb8954ddbf0018dbe3186447efaca6cb0a9ad5063af29a8e694bddc42ef5428,2020-02,Norfolk Constabulary,Norfolk Constabulary,0.229949,52.588848,On or near Tointons Road,E01026716,King's Lynn and West Norfolk 016E,Violence and sexual offences,Unable to prosecute suspect,
abf5e81195b995b6e04b0813551605321dc8a1ab536270f07630dfc6e1e6f495,2020-02,Norfolk Constabulary,Norfolk Constabulary,0.295532,52.584394,On or near High Street,E01026717,King's Lynn and West Norfolk 016F,Violence and sexual offences,Unable to prosecute suspect,
,2020-02,Norfolk Constabulary,Norfolk Constabulary,0.375465,52.607778,On or near Spruce Road,E01026686,King's Lynn and West Norfolk 017C,Anti-social behaviour,,
929ec0874077802796eed7a3ba17c13d532b0ca4d617b14d10bbd3eeece52a2d,2020-02,Norfolk Constabulary,Norfolk Constabulary,0.375234,52.608421,On or near Willow Road,E01026686,King's Lynn and West Norfolk 017C,Criminal damage and arson,Investigation complete; no suspect identified,
8dc5466f532cb5a08105bb9f847cb1e29119cb4547137024d1557a9b617f2429,2020-02,Norfolk Constabulary,Norfolk Constabulary,0.375234,52.608421,On or near Willow Road,E01026686,King's Lynn and West Norfolk 017C,Violence and sexual offences,Unable to prosecute suspect,
1785f11f9142d0a1fa3860152036ee15eef0cb6961cb94d0338cb30df9efd81f,2020-02,Norfolk Constabulary,Norfolk Constabulary,0.378010,52.609219,On or near Wimbotsham Road,E01026686,King's Lynn and West Norfolk 017C,Violence and sexual offences,Unable to prosecute suspect,
f4fe75c14e0f8312dc4d265a7f52443c40b9ffdd824c3f5d47aa42f46f30d41a,2020-02,Norfolk Constabulary,Norfolk Constabulary,0.372675,52.608076,On or near Elm Close,E01026686,King's Lynn and West Norfolk 017C,Violence and sexual offences,Unable to prosecute suspect,
,2020-02,Norfolk Constabulary,Norfolk Constabulary,0.378922,52.597170,On or near Police Station,E01026707,King's Lynn and West Norfolk 017D,Anti-social behaviour,,
,2020-02,Norfolk Constabulary,Norfolk Constabulary,0.378922,52.597170,On or near Police Station,E01026707,King's Lynn and West Norfolk 017D,Anti-social behaviour,,
,2020-02,Norfolk Constabulary,Norfolk Constabulary,0.378922,52.597170,On or near Police Station,E01026707,King's Lynn and West Norfolk 017D,Anti-social behaviour,,
,2020-02,Norfolk Constabulary,Norfolk Constabulary,0.378922,52.597170,On or near Police Station,E01026707,King's Lynn and West Norfolk 017D,Anti-social behaviour,,
18065d632bf57b47ee8742c851dddd53baa3111d9f7c375c6a61b9393b0066a7,2020-02,Norfolk Constabulary,Norfolk Constabulary,0.382506,52.595722,On or near Denver Hill,E01026707,King's Lynn and West Norfolk 017D,Criminal damage and arson,Investigation complete; no suspect identified,
73c1d7a209ebc71819a5cb65995918a844c964d53ab9291be0b485050dc793ed,2020-02,Norfolk Constabulary,Norfolk Constabulary,0.372103,52.593944,On or near Campion Place,E01026707,King's Lynn and West Norfolk 017D,Drugs,Awaiting court outcome,
3673f70255296b3d825a59533e83f1cb71cebb22c4b3e4038b62b5ce664f25a0,2020-02,Norfolk Constabulary,Norfolk Constabulary,0.371385,52.600333,On or near Hamilton Way,E01026707,King's Lynn and West Norfolk 017D,Violence and sexual offences,Court result unavailable,
30be3b8194b79f1cbf679b5a30900bdee8265837731f696d47369be858487cc1,2020-02,Norfolk Constabulary,Norfolk Constabulary,0.382775,52.597965,On or near Ryston End,E01026707,King's Lynn and West Norfolk 017D,Violence and sexual offences,Investigation complete; no suspect identified,
818e919b06755920537a8e985cfe83438028f82e4d9f2e4f4ee5229cc789b8b5,2020-02,Norfolk Constabulary,Norfolk Constabulary,0.371385,52.600333,On or near Hamilton Way,E01026707,King's Lynn and West Norfolk 017D,Other crime,Unable to prosecute suspect,
1ea0e4ffbd4f00246254690a854533f416947ff3a54dc237919af7644b24792b,2020-02,Norfolk Constabulary,Norfolk Constabulary,0.395623,52.604207,On or near Turner Way,E01033036,King's Lynn and West Norfolk 017E,Drugs,Court result unavailable,
b8ff2ae7cb4896d57edd83ce9102dc90461b557d604acb07cd5b6dbcc565fff5,2020-02,Norfolk Constabulary,Norfolk Constabulary,0.396215,52.604770,On or near Lowry Way,E01033036,King's Lynn and West Norfolk 017E,Drugs,Offender given a drugs possession warning,
fefa8385000e2fdf20c187372a19d4e136b90f08fa27936539a865cb1414372b,2020-02,Norfolk Constabulary,Norfolk Constabulary,0.396215,52.604770,On or near Lowry Way,E01033036,King's Lynn and West Norfolk 017E,Other theft,Investigation complete; no suspect identified,
4a1deb7434f37fa258851e3c0ebc39c7f5f56e66357ed470bb50b7254f7ab77a,2020-02,Norfolk Constabulary,Norfolk Constabulary,0.390920,52.613024,On or near Low Road,E01033036,King's Lynn and West Norfolk 017E,Other theft,Investigation complete; no suspect identified,
dbf35ec5c848d96c5e47a7c8338a94aef60509fad1adc2a3344e6fc86e9fc694,2020-02,Norfolk Constabulary,Norfolk Constabulary,0.396215,52.604770,On or near Lowry Way,E01033036,King's Lynn and West Norfolk 017E,Other theft,Investigation complete; no suspect identified,
89914d0bd68f65badcb53a48f1b8138b20faa5f1b63664ada34fe14eede548f1,2020-02,Norfolk Constabulary,Norfolk Constabulary,0.388419,52.608596,On or near Stirling Close,E01033036,King's Lynn and West Norfolk 017E,Violence and sexual offences,Unable to prosecute suspect,
97727f6b289f062525486e67e1a1a6aef981d5ec4b99263e559fea35ad5b8b9b,2020-02,Norfolk Constabulary,Norfolk Constabulary,0.387174,52.605276,On or near Wordsworth Close,E01033036,King's Lynn and West Norfolk 017E,Violence and sexual offences,Status update unavailable,
fed560379f1eed93edbe73d8ae59e20bf36d46720379b454e63cfcb9232d0c4f,2020-02,Norfolk Constabulary,Norfolk Constabulary,0.394550,52.605658,On or near Hogarth Road,E01033036,King's Lynn and West Norfolk 017E,Violence and sexual offences,Unable to prosecute suspect,
b4bb20fae07a7793c359f64ec3d5c195f60a35e1dfe6347136fc1d07a424744c,2020-02,Norfolk Constabulary,Norfolk Constabulary,0.387174,52.605276,On or near Wordsworth Close,E01033036,King's Lynn and West Norfolk 017E,Violence and sexual offences,Unable to prosecute suspect,
89cb6e4c5d725faa3371de86fff6523a7a884b4210a0e29e747a796464a49181,2020-02,Norfolk Constabulary,Norfolk Constabulary,0.387174,52.605276,On or near Wordsworth Close,E01033036,King's Lynn and West Norfolk 017E,Other crime,Unable to prosecute suspect,
3f94321d0b99f682b8d9490b75a5be8578c0065ec3a78e4a969debc1018f615c,2020-02,Norfolk Constabulary,Norfolk Constabulary,0.386835,52.607450,On or near Glebe Road,E01033037,King's Lynn and West Norfolk 017F,Criminal damage and arson,Unable to prosecute suspect,
028c9a82b56710a6ab9eb6c290f09aacd3aedcffc1859bc43af5c2db2ea6178f,2020-02,Norfolk Constabulary,Norfolk Constabulary,0.390492,52.607889,On or near Lancaster Crescent,E01033037,King's Lynn and West Norfolk 017F,Drugs,Court result unavailable,
6e7d4c59a07e4743d9d9f1a96c83126ea576e2772f2fbd73c42bb6be298175a9,2020-02,Norfolk Constabulary,Norfolk Constabulary,0.392079,52.608810,On or near Rosemary Way,E01033037,King's Lynn and West Norfolk 017F,Other theft,Investigation complete; no suspect identified,
4859e560ac25d19794e9e8a93f6dbce5865a630bef7e94cc8241f113b06a9bec,2020-02,Norfolk Constabulary,Norfolk Constabulary,0.390492,52.607889,On or near Lancaster Crescent,E01033037,King's Lynn and West Norfolk 017F,Other theft,Investigation complete; no suspect identified,
d260a129440714c9f1d40fa5f2ab80cae477b4dd7557cdd3905df5f8180d21b5,2020-02,Norfolk Constabulary,Norfolk Constabulary,0.390883,52.609913,On or near Tarragon Road,E01033037,King's Lynn and West Norfolk 017F,Public order,Unable to prosecute suspect,
7605ce268a6f8a08be69bba4e5aa6d1039f248990ee1db6960e6ce978bd05d4e,2020-02,Norfolk Constabulary,Norfolk Constabulary,0.386835,52.607450,On or near Glebe Road,E01033037,King's Lynn and West Norfolk 017F,Violence and sexual offences,Offender given a caution,
,2020-02,Norfolk Constabulary,Norfolk Constabulary,0.376963,52.603809,On or near Old Town Close,E01033038,King's Lynn and West Norfolk 017G,Anti-social behaviour,,
,2020-02,Norfolk Constabulary,Norfolk Constabulary,0.374917,52.602843,On or near Bridge Street,E01033038,King's Lynn and West Norfolk 017G,Anti-social behaviour,,
e49178ba4da54153eeb2680b6ef0b601460bcd44b812067b8eae46a975fa086b,2020-02,Norfolk Constabulary,Norfolk Constabulary,0.378214,52.601545,On or near London Road,E01033038,King's Lynn and West Norfolk 017G,Criminal damage and arson,Investigation complete; no suspect identified,
b4609cb620169d9e0720dc23e5a187a97581cae90dd7a7e72ef39528f0cfcada,2020-02,Norfolk Constabulary,Norfolk Constabulary,0.376608,52.602701,On or near Parking Area,E01033038,King's Lynn and West Norfolk 017G,Other theft,Investigation complete; no suspect identified,
4805861becff68e7f70347aaea64f55b9bd66e60e7aa6e88c945b0e75dd425b9,2020-02,Norfolk Constabulary,Norfolk Constabulary,0.365367,52.604581,On or near Parking Area,E01033038,King's Lynn and West Norfolk 017G,Public order,Action to be taken by another organisation,
c45bffa36ef02cf37ffa4fd6ee5e33b8e30794bcf6b7a8d84d6250a603f9a014,2020-02,Norfolk Constabulary,Norfolk Constabulary,0.376930,52.602111,On or near Shopping Area,E01033038,King's Lynn and West Norfolk 017G,Public order,Unable to prosecute suspect,
06da9522a951ffe43f1463c6ad46a6d6ec558c37e7b73d51bbcd630796097a13,2020-02,Norfolk Constabulary,Norfolk Constabulary,0.377847,52.602398,On or near High Street,E01033038,King's Lynn and West Norfolk 017G,Public order,Unable to prosecute suspect,
a88b43bcf728bbb7a3bf15c3b01c2288dc60887e040e9a9becdec9521f2c5cf3,2020-02,Norfolk Constabulary,Norfolk Constabulary,0.374917,52.602843,On or near Bridge Street,E01033038,King's Lynn and West Norfolk 017G,Shoplifting,Offender given a caution,
f5eeeae17fca9222a5e109b8d91ac7ae3bc786dac01a37c8782274aad19f988e,2020-02,Norfolk Constabulary,Norfolk Constabulary,0.376608,52.602701,On or near Parking Area,E01033038,King's Lynn and West Norfolk 017G,Vehicle crime,Investigation complete; no suspect identified,
a3ee3d5b17d0a5aeba0dcf0b4a5ceec60dcb814e0b956a9bc6544f40d4c972de,2020-02,Norfolk Constabulary,Norfolk Constabulary,0.378132,52.604397,On or near Parking Area,E01033038,King's Lynn and West Norfolk 017G,Violence and sexual offences,Unable to prosecute suspect,
17edce07e8bb563b6a1a9fcde4faecc59c7b23fb7d0a7823115798e4628f7085,2020-02,Norfolk Constabulary,Norfolk Constabulary,0.376963,52.603809,On or near Old Town Close,E01033038,King's Lynn and West Norfolk 017G,Violence and sexual offences,Unable to prosecute suspect,
4fc745cd9bc55236aaa54719fbb413d3b3959caecb7b92868ce5ff3cdca4087b,2020-02,Norfolk Constabulary,Norfolk Constabulary,0.367944,52.603343,On or near Railway Road,E01033038,King's Lynn and West Norfolk 017G,Violence and sexual offences,Unable to prosecute suspect,
99767baca5c37ae4581b2ece0cc272c7a09979a65760eb6a44effad32c97ca43,2020-02,Norfolk Constabulary,Norfolk Constabulary,0.378132,52.604397,On or near Parking Area,E01033038,King's Lynn and West Norfolk 017G,Violence and sexual offences,Unable to prosecute suspect,
c8aa343c7a333b98e256ad1da6f31d19fd9cd72ba66370ff007bc265f8285b1d,2020-02,Norfolk Constabulary,Norfolk Constabulary,0.372840,52.602948,On or near Norfolk Square,E01033038,King's Lynn and West Norfolk 017G,Violence and sexual offences,Unable to prosecute suspect,
8b98aec382ad257a2292e05118ee06d4b34323f5306e2e15b7c24a0a302af142,2020-02,Norfolk Constabulary,Norfolk Constabulary,0.378132,52.604397,On or near Parking Area,E01033038,King's Lynn and West Norfolk 017G,Violence and sexual offences,Unable to prosecute suspect,
80e6e627e1a540c1e84ddf7e152b74da5d08a8a5f20ba4c20df12dd159e4fc49,2020-02,Norfolk Constabulary,Norfolk Constabulary,0.378132,52.604397,On or near Parking Area,E01033038,King's Lynn and West Norfolk 017G,Violence and sexual offences,Unable to prosecute suspect,
b43d91da13753ef7dec19cf69232af8a60d1f4e708cf7b05dbbf3fd4e417f94f,2020-02,Norfolk Constabulary,Norfolk Constabulary,0.378132,52.604397,On or near Parking Area,E01033038,King's Lynn and West Norfolk 017G,Violence and sexual offences,Unable to prosecute suspect,
6c16592cc626699e280853f147d52ba61676b0aeec7d6257f730b483bd4772d8,2020-02,Norfolk Constabulary,Norfolk Constabulary,0.378411,52.603546,On or near High Street,E01033038,King's Lynn and West Norfolk 017G,Violence and sexual offences,Unable to prosecute suspect,
7d2ba02685d761e70535f5a76a6698c4a4cc1b84db0b782cf0c03502a494ccd4,2020-02,Norfolk Constabulary,Norfolk Constabulary,0.378214,52.601545,On or near London Road,E01033038,King's Lynn and West Norfolk 017G,Violence and sexual offences,Unable to prosecute suspect,
37d764f1a6a2eaa4b42fb9a35023a85bf8e9a7fa51e2b1f852cb4293ccfc5649,2020-02,Norfolk Constabulary,Norfolk Constabulary,0.376963,52.603809,On or near Old Town Close,E01033038,King's Lynn and West Norfolk 017G,Violence and sexual offences,Unable to prosecute suspect,
8128f5a9f0a820339d000c9c88707d5804d90a6b98561db46fbd379dc3d508bf,2020-02,Norfolk Constabulary,Norfolk Constabulary,0.377847,52.602398,On or near High Street,E01033038,King's Lynn and West Norfolk 017G,Violence and sexual offences,Unable to prosecute suspect,
ded31e8291aa83d6dd2b7fdcf177730843affbfc6e29e3b78d95ca3704651885,2020-02,Norfolk Constabulary,Norfolk Constabulary,0.378411,52.603546,On or near High Street,E01033038,King's Lynn and West Norfolk 017G,Violence and sexual offences,Unable to prosecute suspect,
9611112c9969c68df65ba1c312ff4dbaa2d829bb7526180839a6641b7d16c4b0,2020-02,Norfolk Constabulary,Norfolk Constabulary,0.378132,52.604397,On or near Parking Area,E01033038,King's Lynn and West Norfolk 017G,Violence and sexual offences,Unable to prosecute suspect,
cf3ea39d3466a698a392910ebb95bd249b4a7a69f44b1c75a557d0c77d13ab2c,2020-02,Norfolk Constabulary,Norfolk Constabulary,0.377847,52.602398,On or near High Street,E01033038,King's Lynn and West Norfolk 017G,Violence and sexual offences,Unable to prosecute suspect,
,2020-02,Norfolk Constabulary,Norfolk Constabulary,0.376317,52.601143,On or near Further/Higher Educational Building,E01033039,King's Lynn and West Norfolk 017H,Anti-social behaviour,,
578267532623f7ff5ccc892006418162e4380cd9c2d3b16cdc10ce3bccbef964,2020-02,Norfolk Constabulary,Norfolk Constabulary,0.379355,52.601064,On or near Court Gardens,E01033039,King's Lynn and West Norfolk 017H,Other theft,Status update unavailable,
1e04ead9bd26871d6a840489e950ff67858279b48b8b1cdf8e0006b1601bff5a,2020-02,Norfolk Constabulary,Norfolk Constabulary,0.376317,52.601143,On or near Further/Higher Educational Building,E01033039,King's Lynn and West Norfolk 017H,Shoplifting,Investigation complete; no suspect identified,
2ccb637505496466c22b9d4561bf03b38e4d5a83b0fdfcbf87c49a4b88f2a509,2020-02,Norfolk Constabulary,Norfolk Constabulary,0.379355,52.601064,On or near Court Gardens,E01033039,King's Lynn and West Norfolk 017H,Shoplifting,Unable to prosecute suspect,
b2b4146de514a28851f2a70acc558530ca09b87f5961d90db4835ab4dcc6cae0,2020-02,Norfolk Constabulary,Norfolk Constabulary,0.378847,52.602594,On or near Church Road,E01033039,King's Lynn and West Norfolk 017H,Violence and sexual offences,Unable to prosecute suspect,
0c907a2ba53b524d44b74283377196b87bf752a5fc1895cae96a7b84405e2307,2020-02,Norfolk Constabulary,Norfolk Constabulary,0.378847,52.602594,On or near Church Road,E01033039,King's Lynn and West Norfolk 017H,Violence and sexual offences,Unable to prosecute suspect,
3b196f48eaf3d66153a48597ef94f4e43bb4091214712bd5bddf3cc9136232de,2020-02,Norfolk Constabulary,Norfolk Constabulary,0.379355,52.601064,On or near Court Gardens,E01033039,King's Lynn and West Norfolk 017H,Violence and sexual offences,Unable to prosecute suspect,
,2020-02,Norfolk Constabulary,Norfolk Constabulary,0.362113,52.544095,On or near Engine Road,E01026679,King's Lynn and West Norfolk 018A,Anti-social behaviour,,
e258e5f0ac2dd85a9da9370ac4d91c857295934645b09c3eb0722c6d4c41a2cd,2020-02,Norfolk Constabulary,Norfolk Constabulary,0.373333,52.585287,On or near Brady Gardens,E01026679,King's Lynn and West Norfolk 018A,Burglary,Investigation complete; no suspect identified,
ace7f2cd166176ae768fe892d54a90423ab54baa2e94a19d0c346f7d8b37083c,2020-02,Norfolk Constabulary,Norfolk Constabulary,0.397932,52.598081,On or near Petrol Station,E01026679,King's Lynn and West Norfolk 018A,Drugs,Offender given a drugs possession warning,
fefc02913d972c74961c4041e28b5783fcb01c68e5a3579df070cacddab4fb70,2020-02,Norfolk Constabulary,Norfolk Constabulary,0.397932,52.598081,On or near Petrol Station,E01026679,King's Lynn and West Norfolk 018A,Other theft,Unable to prosecute suspect,
253bc4de5b3225cad66262b1e4044a3112f65fb773231da03bfa74e71cd02dc7,2020-02,Norfolk Constabulary,Norfolk Constabulary,0.434461,52.610230,On or near Downham Road,E01026727,King's Lynn and West Norfolk 018B,Burglary,Investigation complete; no suspect identified,
92d11556e10bbc185778f0d905f6c2c1c91a616906bc8831d6f6b9867521b667,2020-02,Norfolk Constabulary,Norfolk Constabulary,0.380024,52.636550,On or near Bardolph Place,E01026727,King's Lynn and West Norfolk 018B,Criminal damage and arson,Investigation complete; no suspect identified,
45e4999c267338deb65568ee29d206aaf16e3a2410939d7ab3bf9d16674b37ac,2020-02,Norfolk Constabulary,Norfolk Constabulary,0.528929,52.622628,On or near Hatherley Gardens,E01026727,King's Lynn and West Norfolk 018B,Criminal damage and arson,Court result unavailable,
c68b4ae97385444815d713c6eb6ff295d2437c37a87f82119c43f07c8bc20019,2020-02,Norfolk Constabulary,Norfolk Constabulary,0.492708,52.628765,On or near Chapel Lane,E01026727,King's Lynn and West Norfolk 018B,Other theft,Investigation complete; no suspect identified,
7a36f677e1848674bf96c683fa94a54cff20c5eacc7769a6da1121eb2521424a,2020-02,Norfolk Constabulary,Norfolk Constabulary,0.432539,52.583564,On or near Hilgay Road,E01026727,King's Lynn and West Norfolk 018B,Other theft,Investigation complete; no suspect identified,
9c20eb56e612f963a162c170d67d7a6bc1ea33471a002de4335e45c1a1ffc393,2020-02,Norfolk Constabulary,Norfolk Constabulary,0.492708,52.628765,On or near Chapel Lane,E01026727,King's Lynn and West Norfolk 018B,Violence and sexual offences,Investigation complete; no suspect identified,
,2020-02,Norfolk Constabulary,Norfolk Constabulary,0.480180,52.583609,On or near Queen'S Close,E01026728,King's Lynn and West Norfolk 018C,Anti-social behaviour,,
,2020-02,Norfolk Constabulary,Norfolk Constabulary,0.508273,52.571984,On or near Fairfield Road,E01026728,King's Lynn and West Norfolk 018C,Anti-social behaviour,,
,2020-02,Norfolk Constabulary,Norfolk Constabulary,0.477735,52.587626,On or near Sports/Recreation Area,E01026728,King's Lynn and West Norfolk 018C,Anti-social behaviour,,
d2f00a558dddbb78727aa9d8f20ef988e0b9f39e7ea18a3275647d491a6c2680,2020-02,Norfolk Constabulary,Norfolk Constabulary,0.487701,52.582166,On or near Stoke Road,E01026728,King's Lynn and West Norfolk 018C,Burglary,Investigation complete; no suspect identified,
46d19c24a2e55573801b2bad53deb93c3d77d9a33ccc7f9cd75c49c9fb0fea02,2020-02,Norfolk Constabulary,Norfolk Constabulary,0.474738,52.584757,On or near Flegg Green,E01026728,King's Lynn and West Norfolk 018C,Other theft,Investigation complete; no suspect identified,
42cc95f80670306749bec97aaeeb2f76752b9144044658cfb27a0e3f1ec74d57,2020-02,Norfolk Constabulary,Norfolk Constabulary,0.491382,52.570812,On or near Church Path,E01026728,King's Lynn and West Norfolk 018C,Other theft,Investigation complete; no suspect identified,
29edf416f21ce988ed1e43b49c1615ced655aeb33399b548495961d617cddc93,2020-02,Norfolk Constabulary,Norfolk Constabulary,0.518735,52.570395,On or near Hospital,E01026728,King's Lynn and West Norfolk 018C,Vehicle crime,Investigation complete; no suspect identified,
ac86f9c87e7475f32f9c43081aaef7cdd60e9365bf13936913a3a8f7b7603c9a,2020-02,Norfolk Constabulary,Norfolk Constabulary,0.508174,52.570763,On or near Border Road,E01026728,King's Lynn and West Norfolk 018C,Violence and sexual offences,Unable to prosecute suspect,
a36c2da9cfe9804ecf88943593ba4d8a0d0898d6c086ab63c70aaeb14e9f3791,2020-02,Norfolk Constabulary,Norfolk Constabulary,0.507038,52.571282,On or near Manor Road,E01026728,King's Lynn and West Norfolk 018C,Violence and sexual offences,Unable to prosecute suspect,
1fef715f0ff16c35ac09df12234a234328812c87917d157942bdf9f5cdcfa36d,2020-02,Norfolk Constabulary,Norfolk Constabulary,0.480180,52.583609,On or near Queen'S Close,E01026728,King's Lynn and West Norfolk 018C,Violence and sexual offences,Unable to prosecute suspect,
61153c6a61b372123d5b83ba9197d50fba6ce1426fe7e610b37bc945c692b46d,2020-02,Norfolk Constabulary,Norfolk Constabulary,0.506596,52.575949,On or near Little Lane,E01026728,King's Lynn and West Norfolk 018C,Violence and sexual offences,Court result unavailable,
fa00af1edb5ee3c6b513cada284370cd3d09d7e24a964dd6607646341cec0b7d,2020-02,Norfolk Constabulary,Norfolk Constabulary,0.470173,52.550044,On or near Park/Open Space,E01026728,King's Lynn and West Norfolk 018C,Violence and sexual offences,Court result unavailable,
949b73c0e1d5a0754775bcd549b3ee23ae19b769b009f83ac0e88cbea7bdc6ea,2020-02,Norfolk Constabulary,Norfolk Constabulary,0.506596,52.575949,On or near Little Lane,E01026728,King's Lynn and West Norfolk 018C,Violence and sexual offences,Unable to prosecute suspect,
9b0b3260bf2ff5aaf15258bc81473978511e748a0563e824f48504cf85f06981,2020-02,Norfolk Constabulary,Norfolk Constabulary,0.507038,52.571282,On or near Manor Road,E01026728,King's Lynn and West Norfolk 018C,Violence and sexual offences,Unable to prosecute suspect,
,2020-02,Norfolk Constabulary,Norfolk Constabulary,0.556183,52.461362,On or near Nursery Lane,E01026648,King's Lynn and West Norfolk 019A,Anti-social behaviour,,
c93daddf1e0e6ea2d43b6efbd718a86fecef0721f5465448cfbb9e997c32b07b,2020-02,Norfolk Constabulary,Norfolk Constabulary,0.548774,52.467654,On or near Mill Lane,E01026648,King's Lynn and West Norfolk 019A,Criminal damage and arson,Unable to prosecute suspect,
bb2ffb8fae648446198f28af31724e759269300335cd7c9c0df4da0a6e37f0a4,2020-02,Norfolk Constabulary,Norfolk Constabulary,0.556183,52.461362,On or near Nursery Lane,E01026648,King's Lynn and West Norfolk 019A,Other theft,Investigation complete; no suspect identified,
ed10cddf87d401b1d552e52cce78406bd5499cc54e66211a40f56278768ad651,2020-02,Norfolk Constabulary,Norfolk Constabulary,0.537686,52.458172,On or near Station Road,E01026648,King's Lynn and West Norfolk 019A,Violence and sexual offences,Unable to prosecute suspect,
,2020-02,Norfolk Constabulary,Norfolk Constabulary,0.522589,52.486857,On or near Mulberry Close,E01026649,King's Lynn and West Norfolk 019B,Anti-social behaviour,,
751a8a6bff9cb965c72bf693863316f82bdf66cfb1d72ef0fe91854b9d1b4daf,2020-02,Norfolk Constabulary,Norfolk Constabulary,0.527255,52.491163,On or near Munson'S Place,E01026649,King's Lynn and West Norfolk 019B,Burglary,Investigation complete; no suspect identified,
2fe42b72307f1e5504e2691c3dbe4efa3ef3aa730613c38ca96dbcdaca3cdec8,2020-02,Norfolk Constabulary,Norfolk Constabulary,0.521938,52.486034,On or near High Street,E01026649,King's Lynn and West Norfolk 019B,Vehicle crime,Investigation complete; no suspect identified,
915effb4aababb28d0718884d9f4e3e9ee1e1592de660745bc9e7ebc9bc8f3de,2020-02,Norfolk Constabulary,Norfolk Constabulary,0.520437,52.487595,On or near Short Beck,E01026649,King's Lynn and West Norfolk 019B,Vehicle crime,Investigation complete; no suspect identified,
161c3577ca521d54eb51b7201a26c33d92cda9a3a03d134c14b566ca9ef90060,2020-02,Norfolk Constabulary,Norfolk Constabulary,0.522589,52.486857,On or near Mulberry Close,E01026649,King's Lynn and West Norfolk 019B,Violence and sexual offences,Unable to prosecute suspect,
0c4920de2540ddfc775e0d3d7fc6a73e0bbf5df57f353d8c9d9a0f22c360c615,2020-02,Norfolk Constabulary,Norfolk Constabulary,0.523587,52.487555,On or near St Mary'S Street,E01026649,King's Lynn and West Norfolk 019B,Violence and sexual offences,Unable to prosecute suspect,
0e751ef9f6ee802fecb449b45beab197b34a806b032c3ab3b14999210d9b4460,2020-02,Norfolk Constabulary,Norfolk Constabulary,0.522589,52.486857,On or near Mulberry Close,E01026649,King's Lynn and West Norfolk 019B,Violence and sexual offences,Unable to prosecute suspect,
4d647f6805b23ad53cc05e1a136b7f9ae5ed52e2b3e74079f86ebab0892b8542,2020-02,Norfolk Constabulary,Norfolk Constabulary,0.445515,52.552796,On or near Park/Open Space,E01026650,King's Lynn and West Norfolk 019C,Criminal damage and arson,Investigation complete; no suspect identified,
aee5af835b9c5cdf388f0f9db48d826e2ce2368f80ece16d1dc0ba27f47d9483,2020-02,Norfolk Constabulary,Norfolk Constabulary,0.521869,52.523677,On or near New Road,E01026650,King's Lynn and West Norfolk 019C,Other theft,Status update unavailable,
3d602a64d6c8fa9ddbf4b80642814776ab5572a40f4730b3b4999ebe7c5ead92,2020-02,Norfolk Constabulary,Norfolk Constabulary,0.445515,52.552796,On or near Park/Open Space,E01026650,King's Lynn and West Norfolk 019C,Vehicle crime,Investigation complete; no suspect identified,
bd575303a9423237b474926588e2e82fa27af9e04c15e7c80d1519d3dd248cc3,2020-02,Norfolk Constabulary,Norfolk Constabulary,0.522610,52.524273,On or near Constable Place,E01026650,King's Lynn and West Norfolk 019C,Violence and sexual offences,Formal action is not in the public interest,
,2020-02,Norfolk Constabulary,Norfolk Constabulary,0.577539,52.545875,On or near West End,E01026651,King's Lynn and West Norfolk 019D,Anti-social behaviour,,
,2020-02,Norfolk Constabulary,Norfolk Constabulary,0.555712,52.522825,On or near High Street,E01026651,King's Lynn and West Norfolk 019D,Anti-social behaviour,,
a58821c5e6d5091b6dcfecbae251629bbfe19edde76df6886b449efeb36fbd9b,2020-02,Norfolk Constabulary,Norfolk Constabulary,0.564998,52.513938,On or near Brandon Road,E01026651,King's Lynn and West Norfolk 019D,Burglary,Investigation complete; no suspect identified,
044cab67b73a36b33136ec5938ce4ced2cc0a6e2f2501f1828692632ed6c3a7a,2020-02,Norfolk Constabulary,Norfolk Constabulary,0.556858,52.521739,On or near Lancaster Close,E01026651,King's Lynn and West Norfolk 019D,Drugs,Court result unavailable,
64714478b532f1192b044c76ca8986f7b9782251a1fb699f72267bc5020bf892,2020-02,Norfolk Constabulary,Norfolk Constabulary,0.552272,52.522989,On or near Chapel Lane,E01026651,King's Lynn and West Norfolk 019D,Other theft,Investigation complete; no suspect identified,
b08bc1247761985251e9a56536fc9af07eddad3d7841a16d2335b0e1d174df1d,2020-02,Norfolk Constabulary,Norfolk Constabulary,0.572873,52.545527,On or near Thetford Road,E01026651,King's Lynn and West Norfolk 019D,Violence and sexual offences,Unable to prosecute suspect,
d37ee90dad06ac875a5f11c9ac0d7d4ff4061c0e2ed81735007ded2def38136b,2020-02,Norfolk Constabulary,Norfolk Constabulary,0.556858,52.521739,On or near Lancaster Close,E01026651,King's Lynn and West Norfolk 019D,Violence and sexual offences,Unable to prosecute suspect,
416f95ee0eae6e8d94967beae2cf2cd4343a79229fc95bf1b4ee4a95b926a186,2020-02,Norfolk Constabulary,Norfolk Constabulary,0.572873,52.545527,On or near Thetford Road,E01026651,King's Lynn and West Norfolk 019D,Violence and sexual offences,Unable to prosecute suspect,
468eb97e0af105d2a51b918f5cfdb81b21b3f344cff0f187a739d4b215fae755,2020-02,Norfolk Constabulary,Norfolk Constabulary,0.555712,52.522825,On or near High Street,E01026651,King's Lynn and West Norfolk 019D,Violence and sexual offences,Unable to prosecute suspect,
4a72bb7f334a52d1f7c5df6dc9f39b207fbc1fdc6a538eeb5e38cb30a7d59dd1,2020-02,Norfolk Constabulary,Norfolk Constabulary,0.556188,52.521628,On or near White Road,E01026651,King's Lynn and West Norfolk 019D,Violence and sexual offences,Unable to prosecute suspect,
a69e47eec2588da0b4c6ef27d58ed4db49faf6fba4cd92bbecb9eb7ccbb4b680,2020-02,Norfolk Constabulary,Norfolk Constabulary,0.572873,52.545527,On or near Thetford Road,E01026651,King's Lynn and West Norfolk 019D,Violence and sexual offences,Unable to prosecute suspect,
78598ea6f0069d65e0a531adf6f06ce3e27049b96ef565925ba191dac081593e,2020-02,Norfolk Constabulary,Norfolk Constabulary,0.572873,52.545527,On or near Thetford Road,E01026651,King's Lynn and West Norfolk 019D,Violence and sexual offences,Action to be taken by another organisation,
da074b543f89ee74665621ac9474dcff7eec90e93643ac282f34b8ca4e5d8d7d,2020-02,Norfolk Constabulary,Norfolk Constabulary,0.572873,52.545527,On or near Thetford Road,E01026651,King's Lynn and West Norfolk 019D,Violence and sexual offences,Action to be taken by another organisation,
feb7837ec02ce163486f7abd03e47c511199b256a3f6d00818ecfa606fe5c6c9,2020-02,Norfolk Constabulary,Norfolk Constabulary,0.531753,52.562996,On or near Norman Drive,E01026651,King's Lynn and West Norfolk 019D,Violence and sexual offences,Action to be taken by another organisation,
8543ba0522c2b0fa2f13b28f121b33c2c81277fc2b7659628fa30cc85dab8d3a,2020-02,Norfolk Constabulary,Norfolk Constabulary,0.556188,52.521628,On or near White Road,E01026651,King's Lynn and West Norfolk 019D,Violence and sexual offences,Unable to prosecute suspect,
,2020-02,Norfolk Constabulary,Norfolk Constabulary,0.388522,52.531228,On or near Lynn Road,E01026652,King's Lynn and West Norfolk 019E,Anti-social behaviour,,
,2020-02,Norfolk Constabulary,Norfolk Constabulary,0.392863,52.527535,On or near Lions Close,E01026652,King's Lynn and West Norfolk 019E,Anti-social behaviour,,
,2020-02,Norfolk Constabulary,Norfolk Constabulary,0.392863,52.527535,On or near Lions Close,E01026652,King's Lynn and West Norfolk 019E,Anti-social behaviour,,
7d83d9c11a740fc042f58f4122cc2ae6b4d6d8370b7ed689b84a8892a3dc6fc3,2020-02,Norfolk Constabulary,Norfolk Constabulary,0.388522,52.531228,On or near Lynn Road,E01026652,King's Lynn and West Norfolk 019E,Criminal damage and arson,Investigation complete; no suspect identified,
329e8817afe778649371941899502ccbbbbcd41df47217e7fac3ac4b71cdc1ea,2020-02,Norfolk Constabulary,Norfolk Constabulary,0.388522,52.531228,On or near Lynn Road,E01026652,King's Lynn and West Norfolk 019E,Violence and sexual offences,Unable to prosecute suspect,
ebf214e41f65f13f6189f6f4a71ec8b578599739a02f27f70741ab04acd35f73,2020-02,Norfolk Constabulary,Norfolk Constabulary,-1.101383,52.655266,On or near Barkby Road,E01013741,Leicester 005D,Other crime,Status update unavailable,
9b9e887dd119663f3df2e19fc8a8fa4d06b2537b08f06786189f7bbedaee9ea3,2020-02,Norfolk Constabulary,Norfolk Constabulary,1.174768,52.223745,On or near Henry Street,E01030048,Mid Suffolk 007A,Violence and sexual offences,Unable to prosecute suspect,
dcbd18260951e431b326535b81b36348f445e94c009ec82224a4776b734e869e,2020-02,Norfolk Constabulary,Norfolk Constabulary,1.174768,52.223745,On or near Henry Street,E01030048,Mid Suffolk 007A,Violence and sexual offences,Unable to prosecute suspect,
bde7102234bbf83b55f5a22a8887b05fd69806ccb654d1983b4ced9d2b10ae4d,2020-02,Norfolk Constabulary,Norfolk Constabulary,-0.332307,51.309702,On or near Ryelands Court,E01030551,Mole Valley 003D,Violence and sexual offences,Action to be taken by another organisation,
8a5857e1bafa3816b9396a928929ce42fc3b0ba0a129ceca5b4793560486bdcf,2020-02,Norfolk Constabulary,Norfolk Constabulary,0.061847,51.531385,On or near Market Street,E01003624,Newham 024E,Other theft,Status update unavailable,
f2f3764a1cbf58b726221214f66f46a901dc5f84cd770b53119aef6e984cab28,2020-02,Norfolk Constabulary,Norfolk Constabulary,0.061847,51.531385,On or near Market Street,E01003624,Newham 024E,Violence and sexual offences,Status update unavailable,
01be7c90090f9e41ec4b3df33528e2786b24bd1eb77ce6b348ea5a3d5070d75c,2020-02,Norfolk Constabulary,Norfolk Constabulary,0.061847,51.531385,On or near Market Street,E01003624,Newham 024E,Violence and sexual offences,Status update unavailable,
9c9fe6cc97200ae2f0ead1fee00d00b8b324b8b6e29fa51669719c276ff8ef50,2020-02,Norfolk Constabulary,Norfolk Constabulary,0.061847,51.531385,On or near Market Street,E01003624,Newham 024E,Violence and sexual offences,Status update unavailable,
,2020-02,Norfolk Constabulary,Norfolk Constabulary,1.211245,52.942048,On or near New Street,E01026770,North Norfolk 001A,Anti-social behaviour,,
,2020-02,Norfolk Constabulary,Norfolk Constabulary,1.211245,52.942048,On or near New Street,E01026770,North Norfolk 001A,Anti-social behaviour,,
,2020-02,Norfolk Constabulary,Norfolk Constabulary,1.211245,52.942048,On or near New Street,E01026770,North Norfolk 001A,Anti-social behaviour,,
0f9300fbf2acef7b67fbbed2ac50bfadeac74c5da59beda6bbedf35e96ede4e6,2020-02,Norfolk Constabulary,Norfolk Constabulary,1.200288,52.942856,On or near Sweetbriar Lane,E01026770,North Norfolk 001A,Criminal damage and arson,Investigation complete; no suspect identified,
23ed41039f2ac79e7617dd5c7e6fef02176827d5a9749025a7c0a0cbc02b842a,2020-02,Norfolk Constabulary,Norfolk Constabulary,1.207387,52.941820,On or near Parking Area,E01026770,North Norfolk 001A,Drugs,Offender given a caution,
6c12b0302953c9ece77bb8d57849e3c50c2df7791e5661c7aed5a9881e0f4605,2020-02,Norfolk Constabulary,Norfolk Constabulary,1.202921,52.942021,On or near Petrol Station,E01026770,North Norfolk 001A,Other theft,Unable to prosecute suspect,
e11ceda987e092bbcfcb63b5eced8eec27b2f3b2c79db8115df013f543e5cce4,2020-02,Norfolk Constabulary,Norfolk Constabulary,1.211999,52.942585,On or near New Road,E01026770,North Norfolk 001A,Other theft,Offender given a caution,
e40a4252878ecaf9d321bbf7e4060d6e50139d0a99b6a063a9b3cba0c00e0492,2020-02,Norfolk Constabulary,Norfolk Constabulary,1.206772,52.944975,On or near The Esplanade,E01026770,North Norfolk 001A,Public order,Offender given a caution,
d31d94b9c45b22eca9c8781150df2bd88b04e0de58de9fc7b9a77266269ad2f3,2020-02,Norfolk Constabulary,Norfolk Constabulary,1.211848,52.944361,On or near High Street,E01026770,North Norfolk 001A,Shoplifting,Investigation complete; no suspect identified,
9a2a48b3bca82ca6765278af42018c53e57944adf56a0dcb1aa57f5611b27475,2020-02,Norfolk Constabulary,Norfolk Constabulary,1.210636,52.943683,On or near Supermarket,E01026770,North Norfolk 001A,Shoplifting,Offender given a caution,
9cc1ff9ce7107301674a4d40d1207c8f484300746b4422b40088093e6e71a42f,2020-02,Norfolk Constabulary,Norfolk Constabulary,1.210636,52.943683,On or near Supermarket,E01026770,North Norfolk 001A,Shoplifting,Offender given a caution,
0466cd15e428033ebe564cd2946a4bdb2422142d0b33b034f3842b979a7273ed,2020-02,Norfolk Constabulary,Norfolk Constabulary,1.210636,52.943683,On or near Supermarket,E01026770,North Norfolk 001A,Shoplifting,Offender given a caution,
7cfc4dbd3a85ec5cc7448e83ffa0bde928eb24e7f166c393a3188ecaab411042,2020-02,Norfolk Constabulary,Norfolk Constabulary,1.204232,52.941833,On or near Sheringham Police Station,E01026770,North Norfolk 001A,Violence and sexual offences,Unable to prosecute suspect,
209a957117a4847bc6dc7e971b935db5709dd5f3960686a854c4bafb093e9d06,2020-02,Norfolk Constabulary,Norfolk Constabulary,1.206032,52.943421,On or near North Street,E01026770,North Norfolk 001A,Violence and sexual offences,Unable to prosecute suspect,
8bfddbc16673084ae1e4f04af3c4b2ab80a20bf08e27506da3199740b8880583,2020-02,Norfolk Constabulary,Norfolk Constabulary,1.209535,52.943281,On or near Supermarket,E01026770,North Norfolk 001A,Violence and sexual offences,Unable to prosecute suspect,
4effa32daa98126f302c3ea1edc263b0d5ff1acee968c722e835431150e583c6,2020-02,Norfolk Constabulary,Norfolk Constabulary,1.212830,52.943957,On or near Co-Operative Street,E01026770,North Norfolk 001A,Violence and sexual offences,Offender given a caution,
d0cf7e7e7e1e63b46d3f762c9f2b0087cdd021dedf1229318a523f9eccbe7c08,2020-02,Norfolk Constabulary,Norfolk Constabulary,1.206032,52.943421,On or near North Street,E01026770,North Norfolk 001A,Violence and sexual offences,Formal action is not in the public interest,
c49c528d89fcad0222715f18f04e47cde24ebd41af56f42f2fa5403d97c68873,2020-02,Norfolk Constabulary,Norfolk Constabulary,1.208207,52.941833,On or near Railway Approach,E01026770,North Norfolk 001A,Violence and sexual offences,Unable to prosecute suspect,
030cf1edd9da45bace3fd3cd1f7d2f76788c3c9337dcda9924c827cac08783dc,2020-02,Norfolk Constabulary,Norfolk Constabulary,1.195739,52.940929,On or near Sports/Recreation Area,E01026770,North Norfolk 001A,Violence and sexual offences,Unable to prosecute suspect,
e3edc503a9983fbe20cde5664c491bbc5c5e91c5261889ef59ccaccb97518d60,2020-02,Norfolk Constabulary,Norfolk Constabulary,1.209524,52.944748,On or near Victoria Street,E01026770,North Norfolk 001A,Violence and sexual offences,Unable to prosecute suspect,
ad28b687f95eccaec92726808f1803d41a19f3ba3906e4abff4d293cf25a5f9a,2020-02,Norfolk Constabulary,Norfolk Constabulary,1.204232,52.941833,On or near Sheringham Police Station,E01026770,North Norfolk 001A,Violence and sexual offences,Unable to prosecute suspect,
1776e783be434aa326713db50a60b6c5cb0d2c8e3ed48a71e76d6760ce66b850,2020-02,Norfolk Constabulary,Norfolk Constabulary,1.195739,52.940929,On or near Sports/Recreation Area,E01026770,North Norfolk 001A,Violence and sexual offences,Unable to prosecute suspect,
d8af8033cd41867beda142b645f79c2a5aa2bbbe7718b8ab177835d7e7263845,2020-02,Norfolk Constabulary,Norfolk Constabulary,1.211999,52.942585,On or near New Road,E01026770,North Norfolk 001A,Violence and sexual offences,Unable to prosecute suspect,
0dcd5b0d64291ef260b20846f863da3258fe40a90eacaaf9bcbdef1eeb9f26c4,2020-02,Norfolk Constabulary,Norfolk Constabulary,1.217108,52.944030,On or near Vincent Road,E01026770,North Norfolk 001A,Violence and sexual offences,Further action is not in the public interest,
,2020-02,Norfolk Constabulary,Norfolk Constabulary,1.217416,52.938751,On or near Pine Grove,E01026771,North Norfolk 001B,Anti-social behaviour,,
,2020-02,Norfolk Constabulary,Norfolk Constabulary,1.213426,52.941548,On or near Barford Road,E01026771,North Norfolk 001B,Anti-social behaviour,,
580cc3f842f2c26b0b811dce666bc43dc52142847a79b5c03c04edada463e540,2020-02,Norfolk Constabulary,Norfolk Constabulary,1.225462,52.942049,On or near Conway Road,E01026771,North Norfolk 001B,Criminal damage and arson,Investigation complete; no suspect identified,
134dc6d03030cf88f40646172091ab8f5765e7e806ed09a48f0223fd31b2443d,2020-02,Norfolk Constabulary,Norfolk Constabulary,1.225462,52.942049,On or near Conway Road,E01026771,North Norfolk 001B,Criminal damage and arson,Investigation complete; no suspect identified,
9a7eec9bf13590c106393474836594e8765c4993ae95de1bbc256a656d5c0508,2020-02,Norfolk Constabulary,Norfolk Constabulary,1.223965,52.942738,On or near Hillside,E01026771,North Norfolk 001B,Public order,Unable to prosecute suspect,
9bdabff5f309b4cb2ed16dc1cdd925bdb149d1ed3f278aae1c70b881f68060de,2020-02,Norfolk Constabulary,Norfolk Constabulary,1.214894,52.943676,On or near Regis Place,E01026771,North Norfolk 001B,Violence and sexual offences,Local resolution,
118a3068a19f0325c6b4cfcdd17ebb03dae9275653d292528e58b39ed7947b16,2020-02,Norfolk Constabulary,Norfolk Constabulary,1.217826,52.937859,On or near Huntley Crescent,E01026771,North Norfolk 001B,Violence and sexual offences,Unable to prosecute suspect,
,2020-02,Norfolk Constabulary,Norfolk Constabulary,1.202596,52.935204,On or near Middleton Close,E01026772,North Norfolk 001C,Anti-social behaviour,,
472186104e28f14a923de63d3e392780ad06c03c22ceca22d9e10cddb30ded0e,2020-02,Norfolk Constabulary,Norfolk Constabulary,1.196121,52.936008,On or near Churchill Crescent,E01026772,North Norfolk 001C,Violence and sexual offences,Action to be taken by another organisation,
3804b182d21ca511e96bbc204279f42e35200d8e71777c3686a983a184cb4a09,2020-02,Norfolk Constabulary,Norfolk Constabulary,1.196121,52.936008,On or near Churchill Crescent,E01026772,North Norfolk 001C,Violence and sexual offences,Action to be taken by another organisation,
,2020-02,Norfolk Constabulary,Norfolk Constabulary,1.203154,52.934506,On or near Craske Close,E01026773,North Norfolk 001D,Anti-social behaviour,,
d8ed3d66079de5fc9f02b4477cb834965dc296b688c275144356ecfd938cc6b6,2020-02,Norfolk Constabulary,Norfolk Constabulary,1.205909,52.933721,On or near Seaview Crescent,E01026773,North Norfolk 001D,Burglary,Investigation complete; no suspect identified,
35c79293f9cff0035852f884a4bed740759901cc3653a7ffc2f8594d380b1ab8,2020-02,Norfolk Constabulary,Norfolk Constabulary,1.214660,52.932495,On or near Cedar Grove,E01026773,North Norfolk 001D,Burglary,Investigation complete; no suspect identified,
b094560bb4cd6664333799982207e7688f41d9d2012d2c4d66449b8cd4d48d12,2020-02,Norfolk Constabulary,Norfolk Constabulary,1.204111,52.934561,On or near Grice Close,E01026773,North Norfolk 001D,Public order,Unable to prosecute suspect,
6dbf8b977fc0c3e6c9ead719fa0d2f590267dad5a77564a0e8336032cea2f23d,2020-02,Norfolk Constabulary,Norfolk Constabulary,1.210384,52.939670,On or near Alexandra Road,E01026773,North Norfolk 001D,Public order,Local resolution,
374b22ef4bc601f19ca728793dc1fed46595f4b13ad618f13d9fa03a30860bf3,2020-02,Norfolk Constabulary,Norfolk Constabulary,1.210384,52.939670,On or near Alexandra Road,E01026773,North Norfolk 001D,Shoplifting,Local resolution,
,2020-02,Norfolk Constabulary,Norfolk Constabulary,1.071701,52.876126,On or near Kings Street,E01026739,North Norfolk 002A,Anti-social behaviour,,
86e048874048f7d2c2dcbe2c8d3b6037447e0aa0b66d4d52af4cb7ecae5253fb,2020-02,Norfolk Constabulary,Norfolk Constabulary,1.038227,52.947266,On or near The Street,E01026739,North Norfolk 002A,Burglary,Investigation complete; no suspect identified,
833ed8f9a1c1165e584cb03e97b571eaf480b915c6c3c4339f17c7fbb92a240c,2020-02,Norfolk Constabulary,Norfolk Constabulary,1.013424,52.951334,On or near Sports/Recreation Area,E01026739,North Norfolk 002A,Other theft,Unable to prosecute suspect,
ce54e7d79e09b7edc95c746a999b23b04b73adc8cbccc0ce9c794c67ff138d6a,2020-02,Norfolk Constabulary,Norfolk Constabulary,1.030504,52.882590,On or near Park/Open Space,E01026739,North Norfolk 002A,Other theft,Action to be taken by another organisation,
c4bf1c7dc7b9c32e06bc5573891a976cdf179d898cf4a6328043dbfe6eba89bd,2020-02,Norfolk Constabulary,Norfolk Constabulary,1.009939,52.951970,On or near Hayward Close,E01026739,North Norfolk 002A,Violence and sexual offences,Unable to prosecute suspect,
d6641c9acc3f28d2e3e648fff433738b3f21a385fbcc02ad85da83a12fb2307e,2020-02,Norfolk Constabulary,Norfolk Constabulary,0.860076,52.954847,On or near Neilsen Close,E01026763,North Norfolk 002B,Violence and sexual offences,Unable to prosecute suspect,
f3cb3d8cf3569e103cd9774c6e4d6f26a185743af2ecc249ecd7cf8483c74360,2020-02,Norfolk Constabulary,Norfolk Constabulary,0.858862,52.956090,On or near Northfield Waye,E01026763,North Norfolk 002B,Violence and sexual offences,Unable to prosecute suspect,
8043b7fde3507e83ad7f4c6cb146c571e155c9b1024d3b3170ee7034a2d58405,2020-02,Norfolk Constabulary,Norfolk Constabulary,0.860076,52.954847,On or near Neilsen Close,E01026763,North Norfolk 002B,Violence and sexual offences,Unable to prosecute suspect,
52ac4466b71d78fed7e018ad5dbddd856381707ff6952a834de2c3a0d3f94dd4,2020-02,Norfolk Constabulary,Norfolk Constabulary,0.899585,52.939815,On or near Park Road,E01026763,North Norfolk 002B,Violence and sexual offences,Unable to prosecute suspect,
6fb11950cb58bb6c6c202df48d34185f1342aa6f3e6550d5ba0c81b8a53fa6e2,2020-02,Norfolk Constabulary,Norfolk Constabulary,0.858862,52.956090,On or near Northfield Waye,E01026763,North Norfolk 002B,Violence and sexual offences,Unable to prosecute suspect,
385ab0ef827de07f65e81cec98c161aa01544057ae53d461408690bb1f424f94,2020-02,Norfolk Constabulary,Norfolk Constabulary,0.859340,52.953407,On or near Northfield Crescent,E01026763,North Norfolk 002B,Violence and sexual offences,Unable to prosecute suspect,
3816e0cf1292e12493009aead62a8aeffecdc7d233d385c51ea42c013d9220ee,2020-02,Norfolk Constabulary,Norfolk Constabulary,0.859340,52.953407,On or near Northfield Crescent,E01026763,North Norfolk 002B,Violence and sexual offences,Unable to prosecute suspect,
2c8b6fd0cde3de582d4e4ef2e97859ca98bdbc0859709f488d9551130c9b9b43,2020-02,Norfolk Constabulary,Norfolk Constabulary,0.859340,52.953407,On or near Northfield Crescent,E01026763,North Norfolk 002B,Violence and sexual offences,Unable to prosecute suspect,
38ac0a1314671cccfe14804b06572dc0565693412f7a6ae23bb4bc2d92547e68,2020-02,Norfolk Constabulary,Norfolk Constabulary,0.860076,52.954847,On or near Neilsen Close,E01026763,North Norfolk 002B,Violence and sexual offences,Unable to prosecute suspect,
45e8786eb01911962e3823d78c46f5b63cd570d716cce5db20291ab34ba3fab7,2020-02,Norfolk Constabulary,Norfolk Constabulary,0.859340,52.953407,On or near Northfield Crescent,E01026763,North Norfolk 002B,Violence and sexual offences,Unable to prosecute suspect,
fb78eaeda2eb0ac9c38cb747a57f2500918254f7c1f7b57e83f9a41384d739b0,2020-02,Norfolk Constabulary,Norfolk Constabulary,0.860076,52.954847,On or near Neilsen Close,E01026763,North Norfolk 002B,Violence and sexual offences,Unable to prosecute suspect,
2e735d535799ac21fbe09777277f78402aaf818fd62c21edf8fb275474a6b9e7,2020-02,Norfolk Constabulary,Norfolk Constabulary,0.857882,52.955232,On or near Northfield Lane,E01026763,North Norfolk 002B,Violence and sexual offences,Formal action is not in the public interest,
51ec0e1567449bea8ba831b1c969b5c7c95e6dc3e581386b52acec4e44325ec3,2020-02,Norfolk Constabulary,Norfolk Constabulary,0.853106,52.956417,On or near Croft Yard,E01026764,North Norfolk 002C,Other theft,Investigation complete; no suspect identified,
39c7ac6cca915da888168d08d4325d25385c16df94f44d9dad75728361293a66,2020-02,Norfolk Constabulary,Norfolk Constabulary,0.849072,52.953483,On or near Mill Court,E01026764,North Norfolk 002C,Other theft,Status update unavailable,
7f3261d73a12f115d2dc92860a741c0df449a904a325d164bb0676db331d6c81,2020-02,Norfolk Constabulary,Norfolk Constabulary,0.852182,52.955729,On or near Staithe Street,E01026764,North Norfolk 002C,Public order,Unable to prosecute suspect,
c72908d39fd0cc62a2e86e916108d7c2561ed3da5ae8611149645af32a93371c,2020-02,Norfolk Constabulary,Norfolk Constabulary,0.851979,52.956489,On or near Parking Area,E01026764,North Norfolk 002C,Violence and sexual offences,Unable to prosecute suspect,
023032db9f97434574cbfe5154f4f8c557e5ac322efb8fdb31e3e727c7b11a48,2020-02,Norfolk Constabulary,Norfolk Constabulary,0.851544,52.956661,On or near Jickling Yard,E01026764,North Norfolk 002C,Other crime,Awaiting court outcome,
,2020-02,Norfolk Constabulary,Norfolk Constabulary,0.989576,52.929176,On or near Swans Close,E01026765,North Norfolk 002D,Anti-social behaviour,,
e6a3c21f1b60dc107b3cd4d26f41353ac2371834f2b367169ee91a435bd65962,2020-02,Norfolk Constabulary,Norfolk Constabulary,0.923867,52.954220,On or near Green Way,E01026765,North Norfolk 002D,Drugs,Court result unavailable,
f3ad63732016e9fec24bb20aad22a81e9e8a18d9637534fc94da7475f1c4531e,2020-02,Norfolk Constabulary,Norfolk Constabulary,0.955017,52.895267,On or near Moorgate Road,E01026765,North Norfolk 002D,Violence and sexual offences,Unable to prosecute suspect,
,2020-02,Norfolk Constabulary,Norfolk Constabulary,1.292535,52.931764,On or near Bernard Road,E01026734,North Norfolk 003A,Anti-social behaviour,,
,2020-02,Norfolk Constabulary,Norfolk Constabulary,1.300710,52.932400,On or near Jetty Cliff,E01026734,North Norfolk 003A,Anti-social behaviour,,
ea12800fb7d0d381cf3bfab6cea67538d6ba787a8b69f27fcdb6c997a98b65bb,2020-02,Norfolk Constabulary,Norfolk Constabulary,1.297166,52.932570,On or near Park/Open Space,E01026734,North Norfolk 003A,Criminal damage and arson,Investigation complete; no suspect identified,
802be3809f111aacf6f42765027a780c443989ed6ad0355ee7c963fbbfdc4fd8,2020-02,Norfolk Constabulary,Norfolk Constabulary,1.296121,52.931745,On or near Cadogan Road,E01026734,North Norfolk 003A,Criminal damage and arson,Investigation complete; no suspect identified,
77d4ff90854668ea3131cb09486b2cf3c3e7b8641f1fac22ac82512f66c1c26a,2020-02,Norfolk Constabulary,Norfolk Constabulary,1.297740,52.930729,On or near West Street,E01026734,North Norfolk 003A,Criminal damage and arson,Investigation complete; no suspect identified,
fabf492af1c420ee021a43aa93d9ae8b37332794d8560d9345d5996b42931635,2020-02,Norfolk Constabulary,Norfolk Constabulary,1.300710,52.932400,On or near Jetty Cliff,E01026734,North Norfolk 003A,Criminal damage and arson,Status update unavailable,
7d2f534da5f0abf0b47496400755019f4765f95fe43e6adf5fed4bdb84714b6f,2020-02,Norfolk Constabulary,Norfolk Constabulary,1.294337,52.931579,On or near Beach Road,E01026734,North Norfolk 003A,Criminal damage and arson,Investigation complete; no suspect identified,
69f484e1519b6b99ab2d791e4bb13747ac9dfb90345c8d612945231a60150237,2020-02,Norfolk Constabulary,Norfolk Constabulary,1.300628,52.931710,On or near Supermarket,E01026734,North Norfolk 003A,Shoplifting,Investigation complete; no suspect identified,
5da917ff810ae59e1418cc28fb793379a534df003df5b6d16366330390e995d4,2020-02,Norfolk Constabulary,Norfolk Constabulary,1.297166,52.932570,On or near Park/Open Space,E01026734,North Norfolk 003A,Violence and sexual offences,Unable to prosecute suspect,
8ddccc975ccd31076990bf9b9f0e0b30a707f982c2481885ab3c666eea7e7207,2020-02,Norfolk Constabulary,Norfolk Constabulary,1.297166,52.932570,On or near Park/Open Space,E01026734,North Norfolk 003A,Violence and sexual offences,Unable to prosecute suspect,
5b06b92003d3ce6e72acd85e5598ca697bb91d0dccdd9ccf3d4c90b60fc14d81,2020-02,Norfolk Constabulary,Norfolk Constabulary,1.300710,52.932400,On or near Jetty Cliff,E01026734,North Norfolk 003A,Violence and sexual offences,Offender given a caution,
fed9e172411c4b66aa5338ba98bc3a0de706bbf0d713a2722be911cfb59c1e27,2020-02,Norfolk Constabulary,Norfolk Constabulary,1.296121,52.931745,On or near Cadogan Road,E01026734,North Norfolk 003A,Violence and sexual offences,Unable to prosecute suspect,
338c961df8819b1dc92371bf80cb91153d59af4fbbd672ed712f4a03f861857c,2020-02,Norfolk Constabulary,Norfolk Constabulary,1.292535,52.931764,On or near Bernard Road,E01026734,North Norfolk 003A,Violence and sexual offences,Unable to prosecute suspect,
557d6a31d0006dadaaf9b000e7a638a621a1b0f729e2c0d1288403713caacde8,2020-02,Norfolk Constabulary,Norfolk Constabulary,1.296017,52.931559,On or near Cabbell Road,E01026734,North Norfolk 003A,Violence and sexual offences,Unable to prosecute suspect,
c731bce288601c4b4adfdcfefa02bb83bb36a15427bcbdaa71d02f757e5805d4,2020-02,Norfolk Constabulary,Norfolk Constabulary,1.300710,52.932400,On or near Jetty Cliff,E01026734,North Norfolk 003A,Violence and sexual offences,Unable to prosecute suspect,
fe12c8590f252d99248967f3dbdc8447cb2a13abcd1a12e99bd104d1cba01162,2020-02,Norfolk Constabulary,Norfolk Constabulary,1.300710,52.932400,On or near Jetty Cliff,E01026734,North Norfolk 003A,Violence and sexual offences,Offender given a caution,
2a60d11b22d632a2605e7b990894a60ed18e1d0af265da56d5c7a2c30066c2a6,2020-02,Norfolk Constabulary,Norfolk Constabulary,1.300710,52.932400,On or near Jetty Cliff,E01026734,North Norfolk 003A,Violence and sexual offences,Unable to prosecute suspect,
81e3f6a51cb27a96013c5c2298501f7a9ffbd865e6bbde0a1592f69c4ebb7f07,2020-02,Norfolk Constabulary,Norfolk Constabulary,1.294337,52.931579,On or near Beach Road,E01026734,North Norfolk 003A,Violence and sexual offences,Investigation complete; no suspect identified,
7f3eaa715924c86ff7d98f3b5f704f9c2462a233f2ababdab0563a1e2e4df1ab,2020-02,Norfolk Constabulary,Norfolk Constabulary,1.300710,52.932400,On or near Jetty Cliff,E01026734,North Norfolk 003A,Violence and sexual offences,Unable to prosecute suspect,
70cce1039902b1effd734c3d2bb2baaca12c2be8a7d343d69505eec6fbd90dc1,2020-02,Norfolk Constabulary,Norfolk Constabulary,1.296017,52.931559,On or near Cabbell Road,E01026734,North Norfolk 003A,Violence and sexual offences,Unable to prosecute suspect,
e7a0b65803898545ee99678fb25a901fd8fe2791c0f5b8c6295833ea440719d6,2020-02,Norfolk Constabulary,Norfolk Constabulary,1.301440,52.927712,On or near St Mary'S Road,E01026735,North Norfolk 003B,Criminal damage and arson,Investigation complete; no suspect identified,
810f43ca226e0542d8b925271fb37abca6a87855592afecd149b0825d569f634,2020-02,Norfolk Constabulary,Norfolk Constabulary,1.300607,52.930658,On or near Hans Place,E01026735,North Norfolk 003B,Shoplifting,Investigation complete; no suspect identified,
2f70860325c027b8a01ab20b6e327fa1e9bac6a1eabb6fd0125cf1fb3800b4c0,2020-02,Norfolk Constabulary,Norfolk Constabulary,1.302138,52.930822,On or near Brook Street,E01026735,North Norfolk 003B,Shoplifting,Unable to prosecute suspect,
0032f90d9db083a035cf8d829195ca944f84d6234df93c940475bf16c70c4fd2,2020-02,Norfolk Constabulary,Norfolk Constabulary,1.300607,52.930658,On or near Hans Place,E01026735,North Norfolk 003B,Shoplifting,Action to be taken by another organisation,
62609ebb7d2901aa02c08a67a210691cc78d7e729f2660ef2b9df923dde885d7,2020-02,Norfolk Constabulary,Norfolk Constabulary,1.301128,52.930266,On or near Bond Street,E01026735,North Norfolk 003B,Violence and sexual offences,Unable to prosecute suspect,
,2020-02,Norfolk Constabulary,Norfolk Constabulary,1.288571,52.929139,On or near Barclay Close,E01026736,North Norfolk 003C,Anti-social behaviour,,
80fd30b5069b095abf83940ecec26881f4f369f6ef0a8d10f717131c50f5896f,2020-02,Norfolk Constabulary,Norfolk Constabulary,1.292432,52.931182,On or near Central Road,E01026736,North Norfolk 003C,Shoplifting,Offender given a caution,
469aa3e75a1948742299b5bc65e7b4c03af01c2dc713c915c7a41c0519cacea6,2020-02,Norfolk Constabulary,Norfolk Constabulary,1.290145,52.916937,On or near Metton Road,E01026736,North Norfolk 003C,Violence and sexual offences,Unable to prosecute suspect,
1672f336f9b780683770b6273dca13ec5bd955a9521f8290c546d6e41606e139,2020-02,Norfolk Constabulary,Norfolk Constabulary,1.301668,52.922310,On or near Francis Close,E01026777,North Norfolk 003D,Criminal damage and arson,Investigation complete; no suspect identified,
028e61c2466b32f4c315e87c1ced06da7abde430febabdaf07038ff91767f145,2020-02,Norfolk Constabulary,Norfolk Constabulary,1.304398,52.919275,On or near Hill Close,E01026777,North Norfolk 003D,Violence and sexual offences,Unable to prosecute suspect,
42da0e27d8689bbc58be9fc4beb8a85f6a65b01af0083e8aa52385b2bbc48cbe,2020-02,Norfolk Constabulary,Norfolk Constabulary,1.304398,52.919275,On or near Hill Close,E01026777,North Norfolk 003D,Violence and sexual offences,Unable to prosecute suspect,
,2020-02,Norfolk Constabulary,Norfolk Constabulary,1.301573,52.924381,On or near Fletcher Way,E01026778,North Norfolk 003E,Anti-social behaviour,,
,2020-02,Norfolk Constabulary,Norfolk Constabulary,1.301573,52.924381,On or near Fletcher Way,E01026778,North Norfolk 003E,Anti-social behaviour,,
,2020-02,Norfolk Constabulary,Norfolk Constabulary,1.303144,52.923717,On or near Norwich Road,E01026778,North Norfolk 003E,Anti-social behaviour,,
c0e519beb3a3d04787fdae9e2b8e0afb9ad55e5f50e852633cb41e7e40a4a98a,2020-02,Norfolk Constabulary,Norfolk Constabulary,1.308025,52.923122,On or near East Grove,E01026778,North Norfolk 003E,Criminal damage and arson,Investigation complete; no suspect identified,
f72df0cddbdee7f15918232f0501ddf62836949781c9c9a7786952fbd7452b6d,2020-02,Norfolk Constabulary,Norfolk Constabulary,1.301573,52.924381,On or near Fletcher Way,E01026778,North Norfolk 003E,Vehicle crime,Investigation complete; no suspect identified,
c570d371232832e89c55819993a051fbae708097cb9d6ff2fdfd2fd3ffa2d63e,2020-02,Norfolk Constabulary,Norfolk Constabulary,1.311047,52.920807,On or near Station Road,E01026778,North Norfolk 003E,Violence and sexual offences,Unable to prosecute suspect,
3f76c7411f0df641fb78be39f2e9c11b59ea2490d67567fdf5594df6de81fc37,2020-02,Norfolk Constabulary,Norfolk Constabulary,1.305853,52.925674,On or near Oliver Court,E01026778,North Norfolk 003E,Violence and sexual offences,Unable to prosecute suspect,
7d25c9f5a0fbf8e175e9ee40960064d22963f6a6746f2d91644e0f78ce5d05c5,2020-02,Norfolk Constabulary,Norfolk Constabulary,1.308445,52.918874,On or near Jubilee Lane,E01026779,North Norfolk 003F,Criminal damage and arson,Investigation complete; no suspect identified,
653fdb5294e65ce3c5f1aed25ec1174429b0dac033e24fc1a52190f14aa75e8c,2020-02,Norfolk Constabulary,Norfolk Constabulary,1.309034,52.919389,On or near Hartington Road,E01026779,North Norfolk 003F,Public order,Unable to prosecute suspect,
462cab47a95005dd0b1dfee39c6ac6ab4daa5f9a5b7fb4280900bbb47bc98726,2020-02,Norfolk Constabulary,Norfolk Constabulary,1.309034,52.919389,On or near Hartington Road,E01026779,North Norfolk 003F,Vehicle crime,Investigation complete; no suspect identified,
d18c1247a6a156dbee451f1729e0ebe0ddb3b6b85f6b6d44ff382672f2ee9fc4,2020-02,Norfolk Constabulary,Norfolk Constabulary,1.309034,52.919389,On or near Hartington Road,E01026779,North Norfolk 003F,Vehicle crime,Investigation complete; no suspect identified,
,2020-02,Norfolk Constabulary,Norfolk Constabulary,1.107744,52.908498,On or near Orchard Close,E01026742,North Norfolk 004B,Anti-social behaviour,,
,2020-02,Norfolk Constabulary,Norfolk Constabulary,1.098367,52.903005,On or near Gravel Pit Lane,E01026742,North Norfolk 004B,Anti-social behaviour,,
,2020-02,Norfolk Constabulary,Norfolk Constabulary,1.098367,52.903005,On or near Gravel Pit Lane,E01026742,North Norfolk 004B,Anti-social behaviour,,
,2020-02,Norfolk Constabulary,Norfolk Constabulary,1.090633,52.901543,On or near Woodrow Avenue,E01026743,North Norfolk 004C,Anti-social behaviour,,
,2020-02,Norfolk Constabulary,Norfolk Constabulary,1.086434,52.908163,On or near Mill Court,E01026743,North Norfolk 004C,Anti-social behaviour,,
4b3c162b4ca919a84df2f5361346a6ce0978f1db3b7d8307fd93e6982c1b400e,2020-02,Norfolk Constabulary,Norfolk Constabulary,1.087595,52.905660,On or near High Street,E01026743,North Norfolk 004C,Burglary,Investigation complete; no suspect identified,
79aef9598bbc0f52dec006d43fd1efdc6c05972c4c368b3e1566f9f282105ed6,2020-02,Norfolk Constabulary,Norfolk Constabulary,1.090120,52.906449,On or near Bull Street,E01026743,North Norfolk 004C,Burglary,Investigation complete; no suspect identified,
6a0bb635c0a18c9805b5fefa243a81a9317ee74fbfcff055c15a9cf9a8767865,2020-02,Norfolk Constabulary,Norfolk Constabulary,1.094852,52.902099,On or near King'S Road,E01026743,North Norfolk 004C,Criminal damage and arson,Unable to prosecute suspect,
6aa5bdf88170545e11cc5db0bf3d34a7df8e65639b1389fb26eaa01a94dde423,2020-02,Norfolk Constabulary,Norfolk Constabulary,1.089564,52.905960,On or near Market Place,E01026743,North Norfolk 004C,Shoplifting,Investigation complete; no suspect identified,
d3e1f089447f89b8c47543d088abb6a40d4ac0b383790450a693622dfba08f6d,2020-02,Norfolk Constabulary,Norfolk Constabulary,1.089056,52.905092,On or near Supermarket,E01026743,North Norfolk 004C,Shoplifting,Offender given penalty notice,
125a34c2dc263da73cebcb02131e74dce46641c4e3d8c22bb3bb820c1c317bba,2020-02,Norfolk Constabulary,Norfolk Constabulary,1.094852,52.902099,On or near King'S Road,E01026743,North Norfolk 004C,Violence and sexual offences,Unable to prosecute suspect,
6ac6e2a34b9db63ee58da13c32d56a822dad4ee6adc041331bff7a71adf78601,2020-02,Norfolk Constabulary,Norfolk Constabulary,1.090469,52.903832,On or near Shrublands Court,E01026743,North Norfolk 004C,Violence and sexual offences,Unable to prosecute suspect,
7a8d8b0aadb9c148ac45cc90f8ef8cb60f421de7e7143d062bca6e1da8452f40,2020-02,Norfolk Constabulary,Norfolk Constabulary,1.090469,52.903832,On or near Shrublands Court,E01026743,North Norfolk 004C,Violence and sexual offences,Unable to prosecute suspect,
e7726bc1ca73b6261f16e92507daeab93472307ba231420a1db8d6fa8075b003,2020-02,Norfolk Constabulary,Norfolk Constabulary,1.086434,52.908163,On or near Mill Court,E01026743,North Norfolk 004C,Violence and sexual offences,Unable to prosecute suspect,
1b75b37302364a6af876e6cb13c9976245330a3c252a992767d93a182bbb922e,2020-02,Norfolk Constabulary,Norfolk Constabulary,1.090469,52.903832,On or near Shrublands Court,E01026743,North Norfolk 004C,Violence and sexual offences,Unable to prosecute suspect,
2add5a18a9e103ad45087b4346ed4bc7aa0e83c15793a361387e1b0b688a714e,2020-02,Norfolk Constabulary,Norfolk Constabulary,1.093952,52.902626,On or near Coronation Road,E01026743,North Norfolk 004C,Violence and sexual offences,Unable to prosecute suspect,
c480213b9827e61f1c7d9bf160e40f91a9b4dbefce576cfa310493b1515cbabc,2020-02,Norfolk Constabulary,Norfolk Constabulary,1.337048,52.905600,On or near Bull'S Row,E01026762,North Norfolk 005A,Drugs,Offender given a drugs possession warning,
df0530ab2ee948fd2906edd270609ac456b770d764ec0ac270fce1dcde07643d,2020-02,Norfolk Constabulary,Norfolk Constabulary,1.348954,52.912612,On or near Highfield Road,E01026762,North Norfolk 005A,Vehicle crime,Investigation complete; no suspect identified,
d3e502a54786304ec56d55a4db3abe72fa9873b9a58232f59be30ff1a0342f17,2020-02,Norfolk Constabulary,Norfolk Constabulary,1.385597,52.897938,On or near Church Street,E01026762,North Norfolk 005A,Vehicle crime,Investigation complete; no suspect identified,
83a1115f57842f9a7124fb67c439480eed2eabdc8b2d6ef2634c6487c20d6bf4,2020-02,Norfolk Constabulary,Norfolk Constabulary,1.337048,52.905600,On or near Bull'S Row,E01026762,North Norfolk 005A,Violence and sexual offences,Status update unavailable,
c008f6448e6b28cdecad636b81fe27beb409b15ef6a9298a766cc410aafb1f9e,2020-02,Norfolk Constabulary,Norfolk Constabulary,1.391180,52.894973,On or near Middle Street,E01026762,North Norfolk 005A,Violence and sexual offences,Unable to prosecute suspect,
c6746a0c82fecbe2a4629ff3876cc02c1185938d7aa12b3cb6aac261eaba9ac8,2020-02,Norfolk Constabulary,Norfolk Constabulary,1.296794,52.882847,On or near Petrol Station,E01026766,North Norfolk 005B,Criminal damage and arson,Investigation complete; no suspect identified,
8986ce482df157277652de258ade10292c686b651906f7b0972ea41260b82322,2020-02,Norfolk Constabulary,Norfolk Constabulary,1.348797,52.881094,On or near Barclay Close,E01026766,North Norfolk 005B,Criminal damage and arson,Offender given a caution,
0953559d6f84d9be946f2e6e8159c1ad9b288af81117140f152a949a102f0c12,2020-02,Norfolk Constabulary,Norfolk Constabulary,1.336646,52.868846,On or near Church Road,E01026766,North Norfolk 005B,Criminal damage and arson,Investigation complete; no suspect identified,
545771c58b3f8b510ebb19fe9f1a01098078f78a8c9970264de3b9f0abfab481,2020-02,Norfolk Constabulary,Norfolk Constabulary,1.289483,52.891333,On or near Metton Road,E01026766,North Norfolk 005B,Violence and sexual offences,Unable to prosecute suspect,
cbbcaac428359940cffd0a9ad8e2bc59b2b7f9b1b2d4c1dfbb3fc505d12fd3c6,2020-02,Norfolk Constabulary,Norfolk Constabulary,1.289483,52.891333,On or near Metton Road,E01026766,North Norfolk 005B,Violence and sexual offences,Unable to prosecute suspect,
1c3e71de93371d086eb83a22af9fdfdf5998ffc66277f03c2f903131e1818ce6,2020-02,Norfolk Constabulary,Norfolk Constabulary,1.294021,52.882169,On or near Orchard Close,E01026766,North Norfolk 005B,Violence and sexual offences,Unable to prosecute suspect,
87ddf4cbc0b785b20bc3960525c69ec6bbbff4e2cc399ae3ae16a28de341c151,2020-02,Norfolk Constabulary,Norfolk Constabulary,1.266876,52.930386,On or near Half Year Close,E01026781,North Norfolk 005C,Criminal damage and arson,Court result unavailable,
66b3841b94535a7fe02aa51f77326887b99cefea1e1a3432a222f2e522f4937b,2020-02,Norfolk Constabulary,Norfolk Constabulary,1.270330,52.935723,On or near High Street,E01026781,North Norfolk 005C,Criminal damage and arson,Investigation complete; no suspect identified,
f5460cf22a88ecb79d6fdf865573fa7d2891843829c9fcc0193d76f1afcfd7b0,2020-02,Norfolk Constabulary,Norfolk Constabulary,1.247737,52.918078,On or near Petrol Station,E01026781,North Norfolk 005C,Other theft,Local resolution,
3117d338cf5b8775894adb830a98b1b641124735a657ab0713c69d976a2eab16,2020-02,Norfolk Constabulary,Norfolk Constabulary,1.266876,52.930386,On or near Half Year Close,E01026781,North Norfolk 005C,Violence and sexual offences,Court result unavailable,
f3bc5348a5c0f98ed9b097ad4eb6846f798e9b5297367fe6570cc22f4c96d525,2020-02,Norfolk Constabulary,Norfolk Constabulary,1.266876,52.930386,On or near Half Year Close,E01026781,North Norfolk 005C,Violence and sexual offences,Unable to prosecute suspect,
3b2f9de3e062913ea3a2c10a37a1a394a7c3c9d3fc859922248dbb9bd000c627,2020-02,Norfolk Constabulary,Norfolk Constabulary,1.229119,52.934998,On or near Regis Avenue,E01026731,North Norfolk 006A,Violence and sexual offences,Status update unavailable,
,2020-02,Norfolk Constabulary,Norfolk Constabulary,1.213925,52.899501,On or near Castle Close,E01026732,North Norfolk 006B,Anti-social behaviour,,
666fd0a6eaa5bb88e8d05a35ed3e6fcc7dc29f91678973ed85ea042618c0489c,2020-02,Norfolk Constabulary,Norfolk Constabulary,1.215402,52.898562,On or near Paston Close,E01026732,North Norfolk 006B,Criminal damage and arson,Investigation complete; no suspect identified,
5e25074430b5c87cd350720ab5aa2841f686d92719f9e05b7fe6853c7bbbfa65,2020-02,Norfolk Constabulary,Norfolk Constabulary,1.211982,52.899562,On or near Holt Road,E01026732,North Norfolk 006B,Criminal damage and arson,Investigation complete; no suspect identified,
7e7b2cfb1d6108614d9edf01dabce97efdc2148f4b498bcc0de8cd731e489892,2020-02,Norfolk Constabulary,Norfolk Constabulary,1.179085,52.918650,On or near Allotment Lane,E01026732,North Norfolk 006B,Criminal damage and arson,Investigation complete; no suspect identified,
ab7490483307dba0f542ef5855d0dd7cbe5f58a5b40e195327ac9e285b6fde5f,2020-02,Norfolk Constabulary,Norfolk Constabulary,1.215402,52.898562,On or near Paston Close,E01026732,North Norfolk 006B,Criminal damage and arson,Investigation complete; no suspect identified,
78671c0f6799f399b6ec01eee18b14f2ad085a17172548c47bbc57439915639f,2020-02,Norfolk Constabulary,Norfolk Constabulary,1.208115,52.918076,On or near Gibbet Lane,E01026732,North Norfolk 006B,Other theft,Investigation complete; no suspect identified,
ac46f991bd771339d1e8106e01a03fc9bc924e69d4f11ee43c712ad01e2d2f5c,2020-02,Norfolk Constabulary,Norfolk Constabulary,1.213925,52.899501,On or near Castle Close,E01026732,North Norfolk 006B,Public order,Unable to prosecute suspect,
bb418640dea7071173af9d4349717093513b36c825878ab1596fb451d97d0654,2020-02,Norfolk Constabulary,Norfolk Constabulary,1.213925,52.899501,On or near Castle Close,E01026732,North Norfolk 006B,Public order,Unable to prosecute suspect,
fcdc7c2548a980e7b12a174c628c4e56bc5cae2baad269277bbfecda84b41b23,2020-02,Norfolk Constabulary,Norfolk Constabulary,1.215402,52.898562,On or near Paston Close,E01026732,North Norfolk 006B,Violence and sexual offences,Unable to prosecute suspect,
,2020-02,Norfolk Constabulary,Norfolk Constabulary,1.133422,52.827569,On or near Platten'S Close,E01026733,North Norfolk 006C,Anti-social behaviour,,
,2020-02,Norfolk Constabulary,Norfolk Constabulary,1.152856,52.898216,On or near Park/Open Space,E01026733,North Norfolk 006C,Anti-social behaviour,,
,2020-02,Norfolk Constabulary,Norfolk Constabulary,1.177401,52.854619,On or near The Street,E01026733,North Norfolk 006C,Anti-social behaviour,,
f59b9f123326ef784a5ca27adc4dc7de03202829c10eccdd467c4971cb4721f7,2020-02,Norfolk Constabulary,Norfolk Constabulary,1.114542,52.865180,On or near Pecks Lane,E01026733,North Norfolk 006C,Burglary,Investigation complete; no suspect identified,
41b661e278c366598dba8b91c9e5f0deae4cef3877ed4b3c373041a3c28f279f,2020-02,Norfolk Constabulary,Norfolk Constabulary,1.114387,52.867792,On or near Norwich Road,E01026733,North Norfolk 006C,Other theft,Investigation complete; no suspect identified,
c60d5b120deca6f206f8f4f39180ad848bcefd7d818e062e2a37b5dfa2a63247,2020-02,Norfolk Constabulary,Norfolk Constabulary,1.164634,52.869242,On or near Church Street,E01026733,North Norfolk 006C,Violence and sexual offences,Unable to prosecute suspect,
85351b4afe58a206e4edd4cc227f91632e34f0c6acacc856aaf1886380b6a28c,2020-02,Norfolk Constabulary,Norfolk Constabulary,1.171687,52.855510,On or near Parva Close,E01026733,North Norfolk 006C,Violence and sexual offences,Unable to prosecute suspect,
5014f915da462d77695f310eeec0fb6867d629bf80c81974c5e2f3b68e45a852,2020-02,Norfolk Constabulary,Norfolk Constabulary,1.253194,52.840038,On or near Eagle Close,E01026737,North Norfolk 006D,Violence and sexual offences,Formal action is not in the public interest,
5313bdc3b75f0799dce0620343ed1eda076ccf3d14de87b0a8b659cb4a953066,2020-02,Norfolk Constabulary,Norfolk Constabulary,1.253194,52.840038,On or near Eagle Close,E01026737,North Norfolk 006D,Violence and sexual offences,Unable to prosecute suspect,
,2020-02,Norfolk Constabulary,Norfolk Constabulary,1.390794,52.876700,On or near Harvey Estate,E01026738,North Norfolk 007A,Anti-social behaviour,,
396169a29c196345e2c680aaf03cc4c1db1820523bd42ed615a2e53010528943,2020-02,Norfolk Constabulary,Norfolk Constabulary,1.396375,52.860253,On or near Blacksmith'S Close,E01026738,North Norfolk 007A,Criminal damage and arson,Investigation complete; no suspect identified,
84bb2da37c9b8cfc048e620595f1be3280afdd2c6db230951e89f7e941c9b54c,2020-02,Norfolk Constabulary,Norfolk Constabulary,1.390794,52.876700,On or near Harvey Estate,E01026738,North Norfolk 007A,Violence and sexual offences,Unable to prosecute suspect,
1bcae0ab1c283d962115df05fc0068be868bb74da7c902aea8b5c081ad0e31b0,2020-02,Norfolk Constabulary,Norfolk Constabulary,1.389559,52.875539,On or near Sports/Recreation Area,E01026738,North Norfolk 007A,Violence and sexual offences,Unable to prosecute suspect,
8b923baa425b38273ec465a28d649ae5bc227e132adf6bbfa01772fc263db948,2020-02,Norfolk Constabulary,Norfolk Constabulary,1.432993,52.874407,On or near The Avenue,E01026750,North Norfolk 007B,Drugs,Court result unavailable,
e439d18980ee716b5707c8610a34dcd0cdc6764b5d3b06b24be8c7b34c745368,2020-02,Norfolk Constabulary,Norfolk Constabulary,1.432993,52.874407,On or near The Avenue,E01026750,North Norfolk 007B,Violence and sexual offences,Unable to prosecute suspect,
3bb5d49c6f585ddafc1ef5fe14fa971f3e0f7dab86614f0572dac7ef6ff5b471,2020-02,Norfolk Constabulary,Norfolk Constabulary,1.434697,52.876777,On or near Victoria Road,E01026750,North Norfolk 007B,Violence and sexual offences,Unable to prosecute suspect,
a389f6412e2f3e7a119b6115ca9d9e94c255490657fb86d6181c8cee01981036,2020-02,Norfolk Constabulary,Norfolk Constabulary,1.434697,52.876777,On or near Victoria Road,E01026750,North Norfolk 007B,Violence and sexual offences,Unable to prosecute suspect,
b39ece1d12d8384e40e23278d314faee81e43172e480bfe29b44e32599b3d4b7,2020-02,Norfolk Constabulary,Norfolk Constabulary,1.432993,52.874407,On or near The Avenue,E01026750,North Norfolk 007B,Violence and sexual offences,Unable to prosecute suspect,
95f8044d6619b7937740f3056e2538d1e31fe3f48a412daabb6ce768242a72be,2020-02,Norfolk Constabulary,Norfolk Constabulary,1.434697,52.876777,On or near Victoria Road,E01026750,North Norfolk 007B,Violence and sexual offences,Unable to prosecute suspect,
42016e65c690557669ab5c159b7af6f6f6a2d1c7efb010da09b7e619ba85d8bb,2020-02,Norfolk Constabulary,Norfolk Constabulary,1.432993,52.874407,On or near The Avenue,E01026750,North Norfolk 007B,Violence and sexual offences,Unable to prosecute suspect,
0ba27c1716ea501c8d995231e55a9e46b74cecf2c44cec3b64f01d77abcd76a2,2020-02,Norfolk Constabulary,Norfolk Constabulary,1.434697,52.876777,On or near Victoria Road,E01026750,North Norfolk 007B,Violence and sexual offences,Unable to prosecute suspect,
db51a77244755319d43432a94e4be7ced9585acef0e9668ee94d4b2d168e2ef0,2020-02,Norfolk Constabulary,Norfolk Constabulary,1.432993,52.874407,On or near The Avenue,E01026750,North Norfolk 007B,Violence and sexual offences,Offender given a caution,
c24cf23f045d3c15d2efb345024a8316e3533ad3860e32c0a7754146953cef70,2020-02,Norfolk Constabulary,Norfolk Constabulary,1.437846,52.877315,On or near Beach Close,E01026750,North Norfolk 007B,Violence and sexual offences,Unable to prosecute suspect,
befb9e84d749817732029e7da24c52fcb3e9727bcad572723a04198e474669ce,2020-02,Norfolk Constabulary,Norfolk Constabulary,1.441181,52.875123,On or near Bramble Close,E01026750,North Norfolk 007B,Other crime,Action to be taken by another organisation,
eea2f8326299d022f46b9416d6627558162930c3520c3e869f370e80134af64d,2020-02,Norfolk Constabulary,Norfolk Constabulary,1.441181,52.875123,On or near Bramble Close,E01026750,North Norfolk 007B,Other crime,Action to be taken by another organisation,
5ff4386de4f1715b1922ff62f83f69e3ae017649aa10d92c8581a2da9f1cc299,2020-02,Norfolk Constabulary,Norfolk Constabulary,1.427466,52.881222,On or near Petrol Station,E01026751,North Norfolk 007C,Criminal damage and arson,Investigation complete; no suspect identified,
18f882253fe52a571a16b80993d25a36485831546afb2fceeb82b6ef1f1893e8,2020-02,Norfolk Constabulary,Norfolk Constabulary,1.426891,52.882786,On or near Sea View Road,E01026751,North Norfolk 007C,Public order,Investigation complete; no suspect identified,
bf9449467cd0fec5e0b76f55f85a7724a862f10ac06ed2c6cdd3fe9ee8306d66,2020-02,Norfolk Constabulary,Norfolk Constabulary,1.427466,52.881222,On or near Petrol Station,E01026751,North Norfolk 007C,Shoplifting,Investigation complete; no suspect identified,
3271a8a2fc30e64cfe03e08d8756880def92f76babce20e63baf02a8e9086330,2020-02,Norfolk Constabulary,Norfolk Constabulary,1.427466,52.881222,On or near Petrol Station,E01026751,North Norfolk 007C,Vehicle crime,Investigation complete; no suspect identified,
ff9aac7c467c5abc6afc46ff83201ff79045f80f1d3e9685f2fbfdf6a4d509e9,2020-02,Norfolk Constabulary,Norfolk Constabulary,1.433115,52.879143,On or near Hilda Road,E01026751,North Norfolk 007C,Vehicle crime,Investigation complete; no suspect identified,
4422d04f819da5ab38e3e1b7235bd15fb2455490c1691d83b79c2b04254207b5,2020-02,Norfolk Constabulary,Norfolk Constabulary,1.419321,52.884452,On or near Frazer Crescent,E01026751,North Norfolk 007C,Violence and sexual offences,Unable to prosecute suspect,
,2020-02,Norfolk Constabulary,Norfolk Constabulary,1.476207,52.846949,On or near The Paddocks,E01026752,North Norfolk 007D,Anti-social behaviour,,
,2020-02,Norfolk Constabulary,Norfolk Constabulary,1.476207,52.846949,On or near The Paddocks,E01026752,North Norfolk 007D,Anti-social behaviour,,
,2020-02,Norfolk Constabulary,Norfolk Constabulary,1.428394,52.837971,On or near Hennessey'S Loke,E01026752,North Norfolk 007D,Anti-social behaviour,,
,2020-02,Norfolk Constabulary,Norfolk Constabulary,1.476207,52.846949,On or near The Paddocks,E01026752,North Norfolk 007D,Anti-social behaviour,,
274c2a231c99b28f2ec527fc901db4cabae81a693ee9e89ed682b85de00bbffc,2020-02,Norfolk Constabulary,Norfolk Constabulary,1.484249,52.847010,On or near Abbey Street,E01026752,North Norfolk 007D,Criminal damage and arson,Investigation complete; no suspect identified,
fd091b82c7fb4dfe33787a6d29e4844513885420e6e06d69e30ef0ba4fa0d8a6,2020-02,Norfolk Constabulary,Norfolk Constabulary,1.419356,52.827863,On or near Mill Road,E01026752,North Norfolk 007D,Public order,Unable to prosecute suspect,
dee5c0f07c5cffbbf41e8c142c931ab8175e8ed499e5a144491d54d6727e9126,2020-02,Norfolk Constabulary,Norfolk Constabulary,1.484249,52.847010,On or near Abbey Street,E01026752,North Norfolk 007D,Public order,Offender given a caution,
632eb7304d164641fc5922e8295fa95f95b696dcf0e00404f8619ea5a0707c83,2020-02,Norfolk Constabulary,Norfolk Constabulary,1.484249,52.847010,On or near Abbey Street,E01026752,North Norfolk 007D,Vehicle crime,Unable to prosecute suspect,
aafec2d266901e40489ac152cb0df9d542db25ff8897520ccb07f280fb00c889,2020-02,Norfolk Constabulary,Norfolk Constabulary,1.484249,52.847010,On or near Abbey Street,E01026752,North Norfolk 007D,Vehicle crime,Unable to prosecute suspect,
6750a91f3886e2a766c70fa76a2334cbebc5e906a47af2eb4b1574cc0b7326a7,2020-02,Norfolk Constabulary,Norfolk Constabulary,1.486470,52.846729,On or near Bromholme Close,E01026752,North Norfolk 007D,Violence and sexual offences,Unable to prosecute suspect,
e1ceb2d74fd22481d9e3ebb2c8926f16bd25159149d80d8c21832ce008a7a62f,2020-02,Norfolk Constabulary,Norfolk Constabulary,1.440804,52.860609,On or near Bears Road,E01026752,North Norfolk 007D,Violence and sexual offences,Unable to prosecute suspect,
7d391cd42c56ca49aada3fed528181e7bb4b3a01f40c398ba59b7a93b9736e8e,2020-02,Norfolk Constabulary,Norfolk Constabulary,1.470712,52.849008,On or near Church Road,E01026752,North Norfolk 007D,Violence and sexual offences,Unable to prosecute suspect,
44a8b062e5f72983379e5add4b863e15dbb75852ead042c8586de5622bc1be0f,2020-02,Norfolk Constabulary,Norfolk Constabulary,1.440717,52.870199,On or near Paston Road,E01026752,North Norfolk 007D,Violence and sexual offences,Unable to prosecute suspect,
3ac92fab3ed47f82fe87a5ba5f726332279ca05666a160fec243a4a68cf43249,2020-02,Norfolk Constabulary,Norfolk Constabulary,1.440717,52.870199,On or near Paston Road,E01026752,North Norfolk 007D,Violence and sexual offences,Unable to prosecute suspect,
,2020-02,Norfolk Constabulary,Norfolk Constabulary,1.016972,52.820435,On or near Pinfold Lane,E01026729,North Norfolk 008A,Anti-social behaviour,,
5da1e12f2bc01a1be28a1f81a294fb6cbd50e77ec0eb8706b85e9421704dc963,2020-02,Norfolk Constabulary,Norfolk Constabulary,1.023628,52.868368,On or near Dereham Road,E01026729,North Norfolk 008A,Public order,Unable to prosecute suspect,
1ec303ce0667b953035041e74c27f16199fb5c2c7674cd4f1ea749fec1c3aead,2020-02,Norfolk Constabulary,Norfolk Constabulary,1.018107,52.801908,On or near Hindolveston Road,E01026729,North Norfolk 008A,Vehicle crime,Investigation complete; no suspect identified,
9182d632c606035fcb1a7bfd4c0ac33aa9b63cab21a4e3b62868d24bdaec6212,2020-02,Norfolk Constabulary,Norfolk Constabulary,0.963563,52.856637,On or near North View,E01026729,North Norfolk 008A,Vehicle crime,Unable to prosecute suspect,
5e4bbd45e6e953f045c24e6397a63c8283e4dcd620c56a60ead6803ea7af8019,2020-02,Norfolk Constabulary,Norfolk Constabulary,1.005390,52.846179,On or near B1110,E01026729,North Norfolk 008A,Violence and sexual offences,Action to be taken by another organisation,
897c8b35b424f9858e67cfd6e80d42a45815d375c14e314680dcb4804a1bfa14,2020-02,Norfolk Constabulary,Norfolk Constabulary,0.963563,52.856637,On or near North View,E01026729,North Norfolk 008A,Violence and sexual offences,Unable to prosecute suspect,
577a1f443e409e9e4452cb125ff70a348b43b0ddd13dc5ab05502af533ab6641,2020-02,Norfolk Constabulary,Norfolk Constabulary,0.963563,52.856637,On or near North View,E01026729,North Norfolk 008A,Violence and sexual offences,Unable to prosecute suspect,
3f65145860cc53caa5b6547c333930b310fd5ed25a284f93caba11f2848c77af,2020-02,Norfolk Constabulary,Norfolk Constabulary,1.011111,52.823057,On or near Haddow Court,E01026729,North Norfolk 008A,Violence and sexual offences,Unable to prosecute suspect,
d06c83d28f3fc5d7dbb7beeff6331288ffc3bce1cd06f531f1bdfaab0bfe194e,2020-02,Norfolk Constabulary,Norfolk Constabulary,1.005390,52.846179,On or near B1110,E01026729,North Norfolk 008A,Violence and sexual offences,Action to be taken by another organisation,
dafb069f6e9da3740518bb2204a33eae5bf4f2b7af8f33ab4895c3db420849ef,2020-02,Norfolk Constabulary,Norfolk Constabulary,0.998590,52.849453,On or near The Croft,E01026729,North Norfolk 008A,Violence and sexual offences,Unable to prosecute suspect,
6d27f2b5de7f97b088df8bb769747651f59d1eca1f8654cf48f9fd86439f6737,2020-02,Norfolk Constabulary,Norfolk Constabulary,0.963563,52.856637,On or near North View,E01026729,North Norfolk 008A,Violence and sexual offences,Unable to prosecute suspect,
1c81b3137e37bc60e03fd480fe2ec41bc5899daccb1319ffa83c1de3ac550d0a,2020-02,Norfolk Constabulary,Norfolk Constabulary,1.018107,52.801908,On or near Hindolveston Road,E01026729,North Norfolk 008A,Violence and sexual offences,Unable to prosecute suspect,
,2020-02,Norfolk Constabulary,Norfolk Constabulary,1.043285,52.854952,On or near Hillside,E01026730,North Norfolk 008B,Anti-social behaviour,,
d84303d5f7a41326408ce1b70cc3a235e67bca9fe8d97929d491544c350ca885,2020-02,Norfolk Constabulary,Norfolk Constabulary,1.067177,52.848671,On or near Granary Close,E01026730,North Norfolk 008B,Public order,Unable to prosecute suspect,
379aaae658099e2959c523ca97211980cab9a0a1c28632bf6ed80bb31d5f0d65,2020-02,Norfolk Constabulary,Norfolk Constabulary,1.043285,52.854952,On or near Hillside,E01026730,North Norfolk 008B,Public order,Unable to prosecute suspect,
89ced38272125f88ce404160884bbfda24a57d8ba8036fa0423d02c2b3ad6991,2020-02,Norfolk Constabulary,Norfolk Constabulary,1.043285,52.854952,On or near Hillside,E01026730,North Norfolk 008B,Theft from the person,Unable to prosecute suspect,
7bb1e97ee26e275b76d0c5d5750c400c53f1edab0cd72ccd51879d73bf0fe1ea,2020-02,Norfolk Constabulary,Norfolk Constabulary,1.062244,52.847180,On or near Hall Street,E01026730,North Norfolk 008B,Violence and sexual offences,Unable to prosecute suspect,
6b8975d573c7bc31d1f40e8379929b34927e08647d99658aec85a5bdde56408d,2020-02,Norfolk Constabulary,Norfolk Constabulary,1.043285,52.854952,On or near Hillside,E01026730,North Norfolk 008B,Violence and sexual offences,Unable to prosecute suspect,
a0890bd07a3079a2d813cf66a24c1aa03859821f88d493b4e01a3e2d1d59b299,2020-02,Norfolk Constabulary,Norfolk Constabulary,1.057738,52.852386,On or near Gloucester Place,E01026730,North Norfolk 008B,Violence and sexual offences,Unable to prosecute suspect,
19fc2b59d356eb13ea15be1bc6323dfd58739a248abf367bb88e65cb118e912e,2020-02,Norfolk Constabulary,Norfolk Constabulary,1.054321,52.855757,On or near Fakenham Road,E01026730,North Norfolk 008B,Violence and sexual offences,Unable to prosecute suspect,
32f5df7783eae157ebeb26b43aa543341728e8de78936ab8be9d23814018eb50,2020-02,Norfolk Constabulary,Norfolk Constabulary,1.054321,52.855757,On or near Fakenham Road,E01026730,North Norfolk 008B,Violence and sexual offences,Unable to prosecute suspect,
da716494327d3296059b74a874a614834e9a17dd993eceda40278dfafbe7fc71,2020-02,Norfolk Constabulary,Norfolk Constabulary,1.054321,52.855757,On or near Fakenham Road,E01026730,North Norfolk 008B,Violence and sexual offences,Unable to prosecute suspect,
683e3437ebc71d89ab2bdc3c6d83da54590cd4ae065075fbbc198b750266256b,2020-02,Norfolk Constabulary,Norfolk Constabulary,1.059174,52.850407,On or near Bakery Close,E01026730,North Norfolk 008B,Violence and sexual offences,Unable to prosecute suspect,
cdbbaaa39a15c6ce34b09b7bf546aa2c34e56f731b4ccab4a1d9aa661bc93256,2020-02,Norfolk Constabulary,Norfolk Constabulary,1.062244,52.847180,On or near Hall Street,E01026730,North Norfolk 008B,Violence and sexual offences,Unable to prosecute suspect,
13b9dac8df0d1fd0107752c43a01ef5b6a5147a22ad59f535b17f3e4a5b20e05,2020-02,Norfolk Constabulary,Norfolk Constabulary,1.061681,52.856475,On or near Park/Open Space,E01026730,North Norfolk 008B,Violence and sexual offences,Action to be taken by another organisation,
9fae25126b8c2eee276b75672eb249b2b396c2b58d3666e24d3cc6a2d4511dc2,2020-02,Norfolk Constabulary,Norfolk Constabulary,1.062244,52.847180,On or near Hall Street,E01026730,North Norfolk 008B,Violence and sexual offences,Unable to prosecute suspect,
27c70fd20f74febc5ef549b1ffedc4494c02456e00362b549184cec9a11f00cc,2020-02,Norfolk Constabulary,Norfolk Constabulary,1.043285,52.854952,On or near Hillside,E01026730,North Norfolk 008B,Other crime,Unable to prosecute suspect,
a356f1ba0be45bf47bd1c29ec7a448816519a3f33218bb5a1040e50b2a2330d6,2020-02,Norfolk Constabulary,Norfolk Constabulary,0.903107,52.849445,On or near The Street,E01026788,North Norfolk 008C,Robbery,Status update unavailable,
,2020-02,Norfolk Constabulary,Norfolk Constabulary,0.735179,52.852635,On or near Cherrywood Avenue,E01026780,North Norfolk 009A,Anti-social behaviour,,
,2020-02,Norfolk Constabulary,Norfolk Constabulary,0.842457,52.826005,On or near Dereham Road,E01026780,North Norfolk 009A,Anti-social behaviour,,
ae933164f6f7b3f84f45334caaa75c36d08c180657e63c68bc7ccc754d1981e9,2020-02,Norfolk Constabulary,Norfolk Constabulary,0.829610,52.817697,On or near Lamb Lane,E01026780,North Norfolk 009A,Burglary,Investigation complete; no suspect identified,
92f69aefcb06cf96372670316b8381955cbd3c3fccc65d21bd29d2b3d06c16cf,2020-02,Norfolk Constabulary,Norfolk Constabulary,0.737166,52.855178,On or near Blenheim Road,E01026780,North Norfolk 009A,Criminal damage and arson,Investigation complete; no suspect identified,
88b0db5d239368c07bf7b5b2c34b8f8a1e3fd699ec9bd4daba4e4597dc54d2ef,2020-02,Norfolk Constabulary,Norfolk Constabulary,0.735750,52.855328,On or near Wellington Crescent,E01026780,North Norfolk 009A,Other theft,Action to be taken by another organisation,
fb20d61b7d8a08fdfd832cfa0b5c48b668375197f6620d3130458c581b8b6ebb,2020-02,Norfolk Constabulary,Norfolk Constabulary,0.841801,52.826641,On or near Back Street,E01026780,North Norfolk 009A,Shoplifting,Investigation complete; no suspect identified,
8a435041771bea28678f457a8ba08a7bf601ba9f75df9c3216e68c8d752163d3,2020-02,Norfolk Constabulary,Norfolk Constabulary,0.829610,52.817697,On or near Lamb Lane,E01026780,North Norfolk 009A,Vehicle crime,Unable to prosecute suspect,
e9436ccf4cc41d881a69bad9b5d66c21de0901a837ba44d98c109553d8955954,2020-02,Norfolk Constabulary,Norfolk Constabulary,0.829610,52.817697,On or near Lamb Lane,E01026780,North Norfolk 009A,Vehicle crime,Unable to prosecute suspect,
5d2fd9d31841d3528634c9dd04a5b30fd48179c539ed00e43ad7d9327478085f,2020-02,Norfolk Constabulary,Norfolk Constabulary,0.737166,52.855178,On or near Blenheim Road,E01026780,North Norfolk 009A,Violence and sexual offences,Unable to prosecute suspect,
2ed81ae7f2651aef61dd9ba1194dc87e4b9dbb0c84ac5d6330fea76b5423096f,2020-02,Norfolk Constabulary,Norfolk Constabulary,0.735750,52.855328,On or near Wellington Crescent,E01026780,North Norfolk 009A,Violence and sexual offences,Unable to prosecute suspect,
5b85faa7f55e00e5a4cbb9dca3fadbdf56df50c4ff01be30354b7f2b2d8596c8,2020-02,Norfolk Constabulary,Norfolk Constabulary,0.737166,52.855178,On or near Blenheim Road,E01026780,North Norfolk 009A,Violence and sexual offences,Unable to prosecute suspect,
a1d9f57912a10458defb33c2f6048f62720ce1953bb014b007fcf36129092a92,2020-02,Norfolk Constabulary,Norfolk Constabulary,0.832309,52.818577,On or near Green Lane,E01026780,North Norfolk 009A,Violence and sexual offences,Unable to prosecute suspect,
801cbba1a871a748eb2a24925ad51af9a2d5f983022fc6ce6d330ec590211d53,2020-02,Norfolk Constabulary,Norfolk Constabulary,0.735750,52.855328,On or near Wellington Crescent,E01026780,North Norfolk 009A,Violence and sexual offences,Unable to prosecute suspect,
e6de6b6b6a9f886f8754640b406a3ec4c5b05c8cd17f29a617b68c122a737f75,2020-02,Norfolk Constabulary,Norfolk Constabulary,0.737166,52.855178,On or near Blenheim Road,E01026780,North Norfolk 009A,Violence and sexual offences,Action to be taken by another organisation,
811c74e4dddc90671f43da1caba1c2c11a4ad7f150a3c9ff457947b2ff43e541,2020-02,Norfolk Constabulary,Norfolk Constabulary,0.832309,52.818577,On or near Green Lane,E01026780,North Norfolk 009A,Violence and sexual offences,Unable to prosecute suspect,
bcac52c3bcd475528177ecedcc296ad7be9a50c3255e2c2ebde298f5f4cdbe75,2020-02,Norfolk Constabulary,Norfolk Constabulary,0.947135,52.813720,On or near Wood Norton Road,E01026787,North Norfolk 009C,Public order,Unable to prosecute suspect,
07284f842e7239d71888b10da36dfe2276f8afcd5ea8113e372a47943b93403f,2020-02,Norfolk Constabulary,Norfolk Constabulary,0.891324,52.808934,On or near Highfield Close,E01026787,North Norfolk 009C,Violence and sexual offences,Unable to prosecute suspect,
53716404e18b10b004ca6cbe0bf11b0741af20b545eefdb21bf91ef101c2a966,2020-02,Norfolk Constabulary,Norfolk Constabulary,0.891324,52.808934,On or near Highfield Close,E01026787,North Norfolk 009C,Violence and sexual offences,Unable to prosecute suspect,
,2020-02,Norfolk Constabulary,Norfolk Constabulary,1.390030,52.820430,On or near Parking Area,E01026753,North Norfolk 010A,Anti-social behaviour,,
ecdb173dece935a1dde3bc72919197922a80fc46ca10cfb021da14804ac83643,2020-02,Norfolk Constabulary,Norfolk Constabulary,1.390030,52.820430,On or near Parking Area,E01026753,North Norfolk 010A,Other theft,Investigation complete; no suspect identified,
521ed902a88ce339ac6816099ce5666127df43f01e414e3f7f2166c3a0f92ae4,2020-02,Norfolk Constabulary,Norfolk Constabulary,1.390030,52.820430,On or near Parking Area,E01026753,North Norfolk 010A,Public order,Unable to prosecute suspect,
a64c703883a25b6d67e7c4d1044004aa9f970aa11ec2f7f973147a5e70ad35c1,2020-02,Norfolk Constabulary,Norfolk Constabulary,1.396439,52.819420,On or near St Nicholas Road,E01026753,North Norfolk 010A,Public order,Local resolution,
bfc338054b3d096374f535d98c6e245ef56b35b53d971ef38a6d1cbe51618edb,2020-02,Norfolk Constabulary,Norfolk Constabulary,1.398967,52.820615,On or near Rosewood,E01026753,North Norfolk 010A,Violence and sexual offences,Unable to prosecute suspect,
dd43677b2ef74595e9f89ea9ca0734ee3b7c589f41a12efd8fbdca9cfacb0aac,2020-02,Norfolk Constabulary,Norfolk Constabulary,1.386405,52.822306,On or near Vicarage Street,E01026753,North Norfolk 010A,Other crime,Unable to prosecute suspect,
e4bbcf3c3fb97b557bd4e40e74b45ae5bd9dc25b5226199e4a5ad46f17713775,2020-02,Norfolk Constabulary,Norfolk Constabulary,1.401550,52.819282,On or near Plantation Road,E01026754,North Norfolk 010B,Bicycle theft,Investigation complete; no suspect identified,
dcb52a9f1aa1a576bfeca1ba8b84c8837c4a0f8a9d38fa6e8c0e454dab213137,2020-02,Norfolk Constabulary,Norfolk Constabulary,1.406823,52.822350,On or near Park/Open Space,E01026754,North Norfolk 010B,Criminal damage and arson,Investigation complete; no suspect identified,
fd70597161010f7104043fa8db0e1e4e463b4b80c4e7bea3db0479b09595ab54,2020-02,Norfolk Constabulary,Norfolk Constabulary,1.406823,52.822350,On or near Park/Open Space,E01026754,North Norfolk 010B,Criminal damage and arson,Investigation complete; no suspect identified,
02721cc11d3c1c2b89f8e49846ccbe3f47de66f22973f7a0101d83cf72440eac,2020-02,Norfolk Constabulary,Norfolk Constabulary,1.406823,52.822350,On or near Park/Open Space,E01026754,North Norfolk 010B,Criminal damage and arson,Investigation complete; no suspect identified,
f4f929596fd78eb7dfe4e9ab1f610bc980839b50e702bdc563ef719ee896dbb7,2020-02,Norfolk Constabulary,Norfolk Constabulary,1.406823,52.822350,On or near Park/Open Space,E01026754,North Norfolk 010B,Criminal damage and arson,Investigation complete; no suspect identified,
f696c3d1f874f230cb5d847eb3fdb5119df8823b454c025e11fe433a449ee4a6,2020-02,Norfolk Constabulary,Norfolk Constabulary,1.398458,52.821511,On or near Harmer Close,E01026754,North Norfolk 010B,Criminal damage and arson,Investigation complete; no suspect identified,
43e2127d85a2557b001d32da925ea68b76717c598874100423e25aee776614bd,2020-02,Norfolk Constabulary,Norfolk Constabulary,1.398458,52.821511,On or near Harmer Close,E01026754,North Norfolk 010B,Violence and sexual offences,Unable to prosecute suspect,
66994ba48ef61aef96066c967a30932be354eeb875444eee85d77c28b84f0c9b,2020-02,Norfolk Constabulary,Norfolk Constabulary,1.405769,52.818558,On or near Hollybush Road,E01026754,North Norfolk 010B,Violence and sexual offences,Action to be taken by another organisation,
,2020-02,Norfolk Constabulary,Norfolk Constabulary,1.393714,52.811511,On or near Long Barrow Drive,E01026755,North Norfolk 010C,Anti-social behaviour,,
febda63f781fe1bc11cb6f601a07ea11d9612012b740c08328e5a69cb036c4c1,2020-02,Norfolk Constabulary,Norfolk Constabulary,1.397435,52.818492,On or near Fairview Road,E01026755,North Norfolk 010C,Criminal damage and arson,Investigation complete; no suspect identified,
25f6ab19743a4c6d38a4ec144964fc86e8c69fd116a83163c9951862c61d642d,2020-02,Norfolk Constabulary,Norfolk Constabulary,1.393714,52.811511,On or near Long Barrow Drive,E01026755,North Norfolk 010C,Public order,Unable to prosecute suspect,
51257c86f09bbae53aa894cdc43e62534596bf724eea27389f9a59e6ac0860a6,2020-02,Norfolk Constabulary,Norfolk Constabulary,1.395572,52.813446,On or near Baker Close,E01026755,North Norfolk 010C,Violence and sexual offences,Status update unavailable,
,2020-02,Norfolk Constabulary,Norfolk Constabulary,1.399617,52.825705,On or near Ashfield Road,E01026756,North Norfolk 010D,Anti-social behaviour,,
,2020-02,Norfolk Constabulary,Norfolk Constabulary,1.399617,52.825705,On or near Ashfield Road,E01026756,North Norfolk 010D,Anti-social behaviour,,
,2020-02,Norfolk Constabulary,Norfolk Constabulary,1.396192,52.825389,On or near Preston Road,E01026756,North Norfolk 010D,Anti-social behaviour,,
,2020-02,Norfolk Constabulary,Norfolk Constabulary,1.396192,52.825389,On or near Preston Road,E01026756,North Norfolk 010D,Anti-social behaviour,,
d2531ed721e6ebca02bef4107c0b7949996fc1c0303aa1c8879efad0818cece7,2020-02,Norfolk Constabulary,Norfolk Constabulary,1.391155,52.825336,On or near Antingham Drive,E01026756,North Norfolk 010D,Burglary,Unable to prosecute suspect,
5aad82695b1f0e71dcbaafe954fa0d62bc3b953cd7c21d81aa6b164177aa599e,2020-02,Norfolk Constabulary,Norfolk Constabulary,1.399617,52.825705,On or near Ashfield Road,E01026756,North Norfolk 010D,Criminal damage and arson,Unable to prosecute suspect,
ea70ec42bf67065a3f2df57881683289d842def7ab3f059558c9f1723009fa68,2020-02,Norfolk Constabulary,Norfolk Constabulary,1.392970,52.825572,On or near Hannant Road,E01026756,North Norfolk 010D,Other theft,Unable to prosecute suspect,
33232147339ce31d83cd01e43d5d2569326c8e87eb02e6da8de9c38262be3f55,2020-02,Norfolk Constabulary,Norfolk Constabulary,1.388364,52.824004,On or near Supermarket,E01026756,North Norfolk 010D,Other theft,Investigation complete; no suspect identified,
a6fbb6d5589e20ed1047755b8e352383493c56bad1b770b1fd01668e51cf8e17,2020-02,Norfolk Constabulary,Norfolk Constabulary,1.390022,52.822607,On or near Glaven Close,E01026756,North Norfolk 010D,Public order,Unable to prosecute suspect,
db6290249073b4f56891e2a61ceeb5e3005947d3da78b583a8a4a6cebe998f01,2020-02,Norfolk Constabulary,Norfolk Constabulary,1.399617,52.825705,On or near Ashfield Road,E01026756,North Norfolk 010D,Public order,Unable to prosecute suspect,
1f847e7a21066b0e51d59ff83442e4e4d6861db33a098575f9f4e973f403c9f1,2020-02,Norfolk Constabulary,Norfolk Constabulary,1.388364,52.824004,On or near Supermarket,E01026756,North Norfolk 010D,Shoplifting,Status update unavailable,
36bc3f63d70f28cf2925329b9c4ef7672f228aae10ad7a5874ed3a34681f787b,2020-02,Norfolk Constabulary,Norfolk Constabulary,1.388364,52.824004,On or near Supermarket,E01026756,North Norfolk 010D,Shoplifting,Unable to prosecute suspect,
e36dacd58bdf9c5f6c0ab2e3511d662a5ba1946d71cbf7865b31278c41846ba6,2020-02,Norfolk Constabulary,Norfolk Constabulary,1.390022,52.822607,On or near Glaven Close,E01026756,North Norfolk 010D,Violence and sexual offences,Unable to prosecute suspect,
6edfdd3010c4949f60ce38820dee51927fa374af0c8855aebed3f0053e7600f9,2020-02,Norfolk Constabulary,Norfolk Constabulary,1.390022,52.822607,On or near Glaven Close,E01026756,North Norfolk 010D,Violence and sexual offences,Unable to prosecute suspect,
52c8b0bf0d57b442e0801eb3438f07790fd5c006596679c260fb7839b5212476,2020-02,Norfolk Constabulary,Norfolk Constabulary,1.388211,52.827767,On or near Gooch Close,E01026756,North Norfolk 010D,Violence and sexual offences,Unable to prosecute suspect,
63ecc4f24c76a13967494f55a5a46331504862be9dbe2300e5e875074e817c93,2020-02,Norfolk Constabulary,Norfolk Constabulary,1.389827,52.826021,On or near Mundesley Road,E01026756,North Norfolk 010D,Violence and sexual offences,Action to be taken by another organisation,
,2020-02,Norfolk Constabulary,Norfolk Constabulary,1.396953,52.828282,On or near Wooll Drive,E01026757,North Norfolk 010E,Anti-social behaviour,,
,2020-02,Norfolk Constabulary,Norfolk Constabulary,1.393353,52.828007,On or near Hamlet Close,E01026757,North Norfolk 010E,Anti-social behaviour,,
b9a437c3a9125470e72a9c1f7242a7763962e120a59994b8ecf11e0e8f1ab9dc,2020-02,Norfolk Constabulary,Norfolk Constabulary,1.395604,52.826414,On or near Arnold Pitcher Close,E01026757,North Norfolk 010E,Theft from the person,Investigation complete; no suspect identified,
1636813a6761ffedccd393ddb83c3e1ae6a5ffcb8feed7372ace7b3f36d205cc,2020-02,Norfolk Constabulary,Norfolk Constabulary,1.398618,52.829457,On or near Wharton Drive,E01026757,North Norfolk 010E,Violence and sexual offences,Unable to prosecute suspect,
40022f9aaacbd88049a0f13d10700bf6a549b365942ce762d950d8579d1af572,2020-02,Norfolk Constabulary,Norfolk Constabulary,1.395604,52.826414,On or near Arnold Pitcher Close,E01026757,North Norfolk 010E,Violence and sexual offences,Action to be taken by another organisation,
5293920e140f4b0ed93f9c5c6f789d11bbf0197d1e90a1ebf7e53659900b427c,2020-02,Norfolk Constabulary,Norfolk Constabulary,1.395604,52.826414,On or near Arnold Pitcher Close,E01026757,North Norfolk 010E,Violence and sexual offences,Unable to prosecute suspect,
cbfa15b194277a3149a2c40ad173656f8a2c97d0cead09d9281734f1884b0148,2020-02,Norfolk Constabulary,Norfolk Constabulary,1.399162,52.826339,On or near Rye Close,E01026757,North Norfolk 010E,Violence and sexual offences,Unable to prosecute suspect,
c7403a7d04ae6ae54a96e061a9aa6e3963ba1e389bf8a95cde42202eebb81245,2020-02,Norfolk Constabulary,Norfolk Constabulary,1.396668,52.829774,On or near Alder Close,E01026757,North Norfolk 010E,Other crime,Awaiting court outcome,
9125ef42542e45b2e8954ebf265234d29b98d6ad9a0e48587224ac6de65d2776,2020-02,Norfolk Constabulary,Norfolk Constabulary,1.382294,52.824420,On or near Oaklands Park,E01026758,North Norfolk 010F,Other theft,Unable to prosecute suspect,
be02660852cab9e96a992dbea673938748e196b27d32c7b266cc57b8bc447f62,2020-02,Norfolk Constabulary,Norfolk Constabulary,1.385317,52.822822,On or near Parking Area,E01026758,North Norfolk 010F,Vehicle crime,Investigation complete; no suspect identified,
5cb672054df0001edd00cfef168435a9c26b0daa2f08a253242cba60e2a89ae2,2020-02,Norfolk Constabulary,Norfolk Constabulary,1.387284,52.828252,On or near Harbord Close,E01026758,North Norfolk 010F,Violence and sexual offences,Unable to prosecute suspect,
f4d9e5abbab0f1ddac005263e8b4dc6530309cc04c43439e0e46d8b8709e84f7,2020-02,Norfolk Constabulary,Norfolk Constabulary,1.384888,52.824364,On or near Beatrice Close,E01026758,North Norfolk 010F,Violence and sexual offences,Unable to prosecute suspect,
ea9999ad3d957b41365c69e0060ed54d341787a6c9de28ef7800ccbc738f0c39,2020-02,Norfolk Constabulary,Norfolk Constabulary,1.386461,52.823410,On or near St Mary'S Way,E01026758,North Norfolk 010F,Violence and sexual offences,Unable to prosecute suspect,
,2020-02,Norfolk Constabulary,Norfolk Constabulary,1.379728,52.815661,On or near Ketts Road,E01026759,North Norfolk 010G,Anti-social behaviour,,
0466f384597d5aab27c22284e915e22e039b6497f285dee4a2583b331979066e,2020-02,Norfolk Constabulary,Norfolk Constabulary,1.379580,52.811852,On or near Foundry Court,E01026759,North Norfolk 010G,Criminal damage and arson,Investigation complete; no suspect identified,
db261c9258b751f645bc83b4d4b9b734b82b37626db9f4099710f12c3a60dec9,2020-02,Norfolk Constabulary,Norfolk Constabulary,1.376828,52.816940,On or near Cosy Corner,E01026759,North Norfolk 010G,Violence and sexual offences,Unable to prosecute suspect,
76c0c5e1a141765e7feec9ce6196d5fdb8a3f6c903242c603d56ea7133d40e33,2020-02,Norfolk Constabulary,Norfolk Constabulary,1.374305,52.816373,On or near Barton Close,E01026759,North Norfolk 010G,Violence and sexual offences,Status update unavailable,
f0c3d3bfaee096d7d21ce4f299abb166960f2e8b53322b432ce6ee2270eb1583,2020-02,Norfolk Constabulary,Norfolk Constabulary,1.376828,52.816940,On or near Cosy Corner,E01026759,North Norfolk 010G,Violence and sexual offences,Unable to prosecute suspect,
,2020-02,Norfolk Constabulary,Norfolk Constabulary,1.387169,52.821250,On or near Market Place,E01026760,North Norfolk 010H,Anti-social behaviour,,
,2020-02,Norfolk Constabulary,Norfolk Constabulary,1.388541,52.817127,On or near North Walsham Police Station,E01026760,North Norfolk 010H,Anti-social behaviour,,
,2020-02,Norfolk Constabulary,Norfolk Constabulary,1.387169,52.821250,On or near Market Place,E01026760,North Norfolk 010H,Anti-social behaviour,,
,2020-02,Norfolk Constabulary,Norfolk Constabulary,1.388541,52.817127,On or near North Walsham Police Station,E01026760,North Norfolk 010H,Anti-social behaviour,,
,2020-02,Norfolk Constabulary,Norfolk Constabulary,1.388541,52.817127,On or near North Walsham Police Station,E01026760,North Norfolk 010H,Anti-social behaviour,,
,2020-02,Norfolk Constabulary,Norfolk Constabulary,1.387169,52.821250,On or near Market Place,E01026760,North Norfolk 010H,Anti-social behaviour,,
705f4f9256574d803cca71e39a3ed1e0e54aded81dbb6e7de5f99eb909dfabe9,2020-02,Norfolk Constabulary,Norfolk Constabulary,1.389087,52.812705,On or near Legrice Crescent,E01026760,North Norfolk 010H,Criminal damage and arson,Unable to prosecute suspect,
3ff42a55a3283dd2b187ab799f779521450be41e65492af0d4cc76f09b37691a,2020-02,Norfolk Constabulary,Norfolk Constabulary,1.387169,52.821250,On or near Market Place,E01026760,North Norfolk 010H,Other theft,Unable to prosecute suspect,
e323ed5535ee73234439b067ccfe6f8bf4600525e202bc0061fa23db35dab1fe,2020-02,Norfolk Constabulary,Norfolk Constabulary,1.388053,52.820973,On or near Conference/Exhibition Centre,E01026760,North Norfolk 010H,Public order,Unable to prosecute suspect,
77a227d0f2df013ef30c7e0fc4fcd39f6a9b65f0ead5d0976fdc74ad770fc267,2020-02,Norfolk Constabulary,Norfolk Constabulary,1.387169,52.821250,On or near Market Place,E01026760,North Norfolk 010H,Shoplifting,Court result unavailable,
e9156279b53286631567c7084a4240a14951230c57af8726244c7713af00cd60,2020-02,Norfolk Constabulary,Norfolk Constabulary,1.385309,52.821761,On or near Market Street,E01026760,North Norfolk 010H,Shoplifting,Court result unavailable,
f2d9a3cbc6966d47a0445b269bc36d19ed782896c7328198e7dad6e3119fc962,2020-02,Norfolk Constabulary,Norfolk Constabulary,1.387996,52.818906,On or near Headley Drive,E01026760,North Norfolk 010H,Violence and sexual offences,Unable to prosecute suspect,
ac5b43e7dd98930c14bd01d1d2f35f4dc6b27161482be5128c3201f6b6d4e898,2020-02,Norfolk Constabulary,Norfolk Constabulary,1.385451,52.820345,On or near King'S Arms Street,E01026760,North Norfolk 010H,Violence and sexual offences,Unable to prosecute suspect,
ef70049bc46be7974cb1220eea798d2e61a22c22d60e2b9f0e95d4fb205bf98e,2020-02,Norfolk Constabulary,Norfolk Constabulary,1.385451,52.820345,On or near King'S Arms Street,E01026760,North Norfolk 010H,Violence and sexual offences,Unable to prosecute suspect,
b3fbe93f27d68a80804387399aa1a455f4f0ad080f299ea83a580f3839919bb4,2020-02,Norfolk Constabulary,Norfolk Constabulary,1.385309,52.821761,On or near Market Street,E01026760,North Norfolk 010H,Other crime,Unable to prosecute suspect,
,2020-02,Norfolk Constabulary,Norfolk Constabulary,1.375458,52.821287,On or near Princes Street,E01026761,North Norfolk 010I,Anti-social behaviour,,
08114012538d7a528068ca08088676c059597d3baa309ac55e4f45e73f0f059c,2020-02,Norfolk Constabulary,Norfolk Constabulary,1.380269,52.821860,On or near A149,E01026761,North Norfolk 010I,Other theft,Status update unavailable,
0aa76692d3bd233b8c1b635a24a2cd919de2377556968c32302d6b5587963756,2020-02,Norfolk Constabulary,Norfolk Constabulary,1.380269,52.821860,On or near A149,E01026761,North Norfolk 010I,Public order,Unable to prosecute suspect,
b9802d7c8b8e574663565b78f0a6ec66d91ef460ca926c109aaf3930ec142773,2020-02,Norfolk Constabulary,Norfolk Constabulary,1.380269,52.821860,On or near A149,E01026761,North Norfolk 010I,Public order,Unable to prosecute suspect,
cbbcd62aa47005848db17c41cb21058ac87c775064ba7294663a96af7ea89654,2020-02,Norfolk Constabulary,Norfolk Constabulary,1.383177,52.830618,On or near Cornish Way,E01026761,North Norfolk 010I,Public order,Local resolution,
ee9a953d17a2c1d152235a3d7dce916708fd218cb5f08b5e83606eab221636a5,2020-02,Norfolk Constabulary,Norfolk Constabulary,1.373016,52.826168,On or near Suffield Close,E01026761,North Norfolk 010I,Violence and sexual offences,Investigation complete; no suspect identified,
0db915d6bddd395bbac687732d484f1d13232cd84506137ef81c0f624b31f694,2020-02,Norfolk Constabulary,Norfolk Constabulary,1.378080,52.820250,On or near Skeyton New Road,E01026761,North Norfolk 010I,Violence and sexual offences,Unable to prosecute suspect,
4b67eb13f422b56d446fa06d8905cde02b5671cc890a276c39cc4ac1d3ff7d91,2020-02,Norfolk Constabulary,Norfolk Constabulary,0.849376,52.835766,On or near Caslon Close,E01026745,North Norfolk 011A,Criminal damage and arson,Investigation complete; no suspect identified,
675ac61d538a96ce5058353bfda9dc7e94d0306331d3ad8f1eb3add6eec10aa5,2020-02,Norfolk Constabulary,Norfolk Constabulary,0.858857,52.837463,On or near Lee Warner Avenue,E01026745,North Norfolk 011A,Criminal damage and arson,Investigation complete; no suspect identified,
dd43e26f5e7c2a50fadcb38c2f2e754650ce1f30fef7442b9698f52d8000645b,2020-02,Norfolk Constabulary,Norfolk Constabulary,0.849157,52.831293,On or near Gladstone Road,E01026745,North Norfolk 011A,Public order,Unable to prosecute suspect,
8cdb7cab749e78fca4cb47fcee0d308c2634572fa6530c23a57b53e29f161582,2020-02,Norfolk Constabulary,Norfolk Constabulary,0.866601,52.839371,On or near Thorpland Road,E01026745,North Norfolk 011A,Shoplifting,Local resolution,
4af19c35fd2df692db853d8986855301f73cb667a1cb4314b675b65d5048af9d,2020-02,Norfolk Constabulary,Norfolk Constabulary,0.856808,52.836559,On or near Greenway Lane,E01026745,North Norfolk 011A,Violence and sexual offences,Unable to prosecute suspect,
30301da35d9bee48d9d0d60a228bc109bf048383e246773e070dbb12cc9fc71d,2020-02,Norfolk Constabulary,Norfolk Constabulary,0.857662,52.838265,On or near Copper Beech Close,E01026745,North Norfolk 011A,Violence and sexual offences,Unable to prosecute suspect,
5f086cfb7f8b462607467a4672988efa3f36b5ed302e41fbb2cebe804826a963,2020-02,Norfolk Constabulary,Norfolk Constabulary,0.849580,52.836616,On or near Southgates Drive,E01026745,North Norfolk 011A,Violence and sexual offences,Unable to prosecute suspect,
5966f8714e9aa26eba8d1cf464af767393c33a18baa7a959ee39755851b16ad0,2020-02,Norfolk Constabulary,Norfolk Constabulary,0.870483,52.839691,On or near Petrol Station,E01026746,North Norfolk 011B,Burglary,Investigation complete; no suspect identified,
b830ceb6be930891dcaaa6e11a28b55a2ddafa2b0a5fd2eb245cbbe0a4eb08ca,2020-02,Norfolk Constabulary,Norfolk Constabulary,0.870483,52.839691,On or near Petrol Station,E01026746,North Norfolk 011B,Burglary,Investigation complete; no suspect identified,
14e67bfc7e597eb418b7678856b02ac1ee0da909fff35b6233118b8de03ef92f,2020-02,Norfolk Constabulary,Norfolk Constabulary,0.870483,52.839691,On or near Petrol Station,E01026746,North Norfolk 011B,Other theft,Unable to prosecute suspect,
831fd3fa273382234bcd59a80e064cb1e92cb30693518dc0f2e4dfc91349b6d1,2020-02,Norfolk Constabulary,Norfolk Constabulary,0.874869,52.840664,On or near Sports/Recreation Area,E01026746,North Norfolk 011B,Public order,Offender given a caution,
9a371e5325f36218bdee78b6c28f3f5a8af821302c741aae92573d4499961cfa,2020-02,Norfolk Constabulary,Norfolk Constabulary,0.870483,52.839691,On or near Petrol Station,E01026746,North Norfolk 011B,Shoplifting,Unable to prosecute suspect,
322802ad83c43301536faf8997d5e68f97e34a5969afaca703c403a9ad84dbc6,2020-02,Norfolk Constabulary,Norfolk Constabulary,0.841809,52.840633,On or near Wigg Road,E01026746,North Norfolk 011B,Violence and sexual offences,Status update unavailable,
,2020-02,Norfolk Constabulary,Norfolk Constabulary,0.854579,52.830201,On or near Fakenham Police Station,E01026747,North Norfolk 011C,Anti-social behaviour,,
,2020-02,Norfolk Constabulary,Norfolk Constabulary,0.847883,52.828159,On or near Parking Area,E01026747,North Norfolk 011C,Anti-social behaviour,,
,2020-02,Norfolk Constabulary,Norfolk Constabulary,0.852342,52.834814,On or near Lancaster Close,E01026747,North Norfolk 011C,Anti-social behaviour,,
07d5c86f881b7a2836d6bc1d78f68978e88f4c9fb0043b3a17db710ddb1c22fb,2020-02,Norfolk Constabulary,Norfolk Constabulary,0.849240,52.830752,On or near Parking Area,E01026747,North Norfolk 011C,Criminal damage and arson,Investigation complete; no suspect identified,
1f2b4cb1e835b2e4692c81aaa983498693a66b2d4ce4dd5ce57f7e5c65b4c9fe,2020-02,Norfolk Constabulary,Norfolk Constabulary,0.853556,52.834749,On or near Cranmer Court,E01026747,North Norfolk 011C,Criminal damage and arson,Investigation complete; no suspect identified,
ac0c0cd84103b070bbbb8bf75660f9b51b0fd533ad4fb6d908cda8305f635baf,2020-02,Norfolk Constabulary,Norfolk Constabulary,0.847883,52.828159,On or near Parking Area,E01026747,North Norfolk 011C,Drugs,Offender given a drugs possession warning,
8bb37c6cddf9f02f6a0563d2faa00d214c4cff0ca956300265e314f088fb5912,2020-02,Norfolk Constabulary,Norfolk Constabulary,0.847949,52.828715,On or near Swan Street,E01026747,North Norfolk 011C,Public order,Unable to prosecute suspect,
01796886e46fd474c2987d18256ce4de1d8544cde49b8f39e8eb09c9d46b35d4,2020-02,Norfolk Constabulary,Norfolk Constabulary,0.854857,52.834439,On or near Jubilee Avenue,E01026747,North Norfolk 011C,Public order,Formal action is not in the public interest,
7a1a2ef5c8c960bdbeaac821c1577859e572a32022a10b66c4d2fa4962ceb697,2020-02,Norfolk Constabulary,Norfolk Constabulary,0.847883,52.828159,On or near Parking Area,E01026747,North Norfolk 011C,Violence and sexual offences,Court result unavailable,
886bf39e05f5834f2805d8af34618927c07618163bca6b2663b952b512688470,2020-02,Norfolk Constabulary,Norfolk Constabulary,0.847949,52.828715,On or near Swan Street,E01026747,North Norfolk 011C,Violence and sexual offences,Offender given a caution,
a7343af4102db629bcc5e83a9b3b91bf196ec787f304ab793ddca11f87c9eb32,2020-02,Norfolk Constabulary,Norfolk Constabulary,0.847883,52.828159,On or near Parking Area,E01026747,North Norfolk 011C,Violence and sexual offences,Action to be taken by another organisation,
b3b8a7060bae83bec86ff60ba3b8cafba3fbd99a89ba8fd2185b28277de5d33a,2020-02,Norfolk Constabulary,Norfolk Constabulary,0.847883,52.828159,On or near Parking Area,E01026747,North Norfolk 011C,Violence and sexual offences,Offender given a caution,
54dbda6ad9664e1d3905653cb049880e1d57ce6de3ce72964371cfb0c1ade326,2020-02,Norfolk Constabulary,Norfolk Constabulary,0.852818,52.834137,On or near Lancaster Avenue,E01026747,North Norfolk 011C,Violence and sexual offences,Unable to prosecute suspect,
199b73f5301563ade6ec9a4fba3053a20f07b68f4b4158650b8cc0ff09ada1fb,2020-02,Norfolk Constabulary,Norfolk Constabulary,0.852818,52.834137,On or near Lancaster Avenue,E01026747,North Norfolk 011C,Violence and sexual offences,Unable to prosecute suspect,
abdbac13eb8c41fce15d7f08d1af394434f50356b74fc7eafa406fee47747eee,2020-02,Norfolk Constabulary,Norfolk Constabulary,0.847591,52.830054,On or near Market Place,E01026747,North Norfolk 011C,Violence and sexual offences,Unable to prosecute suspect,
b1c7ca2f70c1f106e5d2722d7e4180949dc4c310f281ff0d00ed9910b1dc5d36,2020-02,Norfolk Constabulary,Norfolk Constabulary,0.847949,52.828715,On or near Swan Street,E01026747,North Norfolk 011C,Violence and sexual offences,Offender given a caution,
e9e62ad77c6d015e574bf53c05202815710ab97eb78ff97c489174b20033820c,2020-02,Norfolk Constabulary,Norfolk Constabulary,0.868216,52.834368,On or near George Edwards Road,E01026748,North Norfolk 011D,Other theft,Status update unavailable,
a3d0198312f9e5b061335ac980cc66dd3f40d265491ce3d87807576af31efa2c,2020-02,Norfolk Constabulary,Norfolk Constabulary,0.871127,52.833479,On or near Salmon'S Way,E01026748,North Norfolk 011D,Violence and sexual offences,Awaiting court outcome,
c41735fc5e595a6059baf7205ddc39d52e6005fbfd926c76a6cb3b553357f309,2020-02,Norfolk Constabulary,Norfolk Constabulary,0.856864,52.831306,On or near Orchard Close,E01026749,North Norfolk 011E,Violence and sexual offences,Action to be taken by another organisation,
5fefeb84be722e792523c393fd9628218b001b014f70bc84f0927036a30c1c8c,2020-02,Norfolk Constabulary,Norfolk Constabulary,0.863703,52.830314,On or near Wensum Way,E01026749,North Norfolk 011E,Violence and sexual offences,Unable to prosecute suspect,
3244926a93e0467824bb72611946ca6d0c07575fc4b667eb237989745d68d3c9,2020-02,Norfolk Constabulary,Norfolk Constabulary,0.865102,52.830370,On or near The Ridings,E01026749,North Norfolk 011E,Violence and sexual offences,Unable to prosecute suspect,
fe6c46143c280dfdcff3b481a209df48808ebdde309976fad61f676ebc1448d7,2020-02,Norfolk Constabulary,Norfolk Constabulary,1.475102,52.829408,On or near Stonebridge Road,E01026740,North Norfolk 012A,Criminal damage and arson,Unable to prosecute suspect,
e980e82d3f8d8048552c24030323525852cb07354ba187fa2678ec7c2e3b9ace,2020-02,Norfolk Constabulary,Norfolk Constabulary,1.498503,52.842669,On or near St Helens Road,E01026740,North Norfolk 012A,Criminal damage and arson,Unable to prosecute suspect,
af6975f797f9a93a0b94705b058508e8b0272232a06d7765f68fe74cad7007ff,2020-02,Norfolk Constabulary,Norfolk Constabulary,1.496602,52.830674,On or near Back Lane,E01026740,North Norfolk 012A,Criminal damage and arson,Court result unavailable,
baf05696b0fb8462e02e660062b5a7c973e89fd4439692fbf711114440e4d6bc,2020-02,Norfolk Constabulary,Norfolk Constabulary,1.508363,52.835830,On or near Ostend Road,E01026740,North Norfolk 012A,Violence and sexual offences,Unable to prosecute suspect,
bfdb0ab6a2be617b5301b003aff6f77ee705a17eb7bd92cf08ea65dc5bf5bea2,2020-02,Norfolk Constabulary,Norfolk Constabulary,1.496602,52.830674,On or near Back Lane,E01026740,North Norfolk 012A,Violence and sexual offences,Unable to prosecute suspect,
11078aac68c79c8f5ff7dec1800920486692304bb497071002b78a58624d0096,2020-02,Norfolk Constabulary,Norfolk Constabulary,1.475102,52.829408,On or near Stonebridge Road,E01026740,North Norfolk 012A,Violence and sexual offences,Unable to prosecute suspect,
47af9e21a4c4e93ad6665b70c455ebaebab49bbaaedffaaabdd87b9e1c8ad147,2020-02,Norfolk Constabulary,Norfolk Constabulary,1.496602,52.830674,On or near Back Lane,E01026740,North Norfolk 012A,Violence and sexual offences,Action to be taken by another organisation,
c7bff63b09fc13801bf83e814fc55fb23b0cfab8654b930df2aa46ab78cefa56,2020-02,Norfolk Constabulary,Norfolk Constabulary,1.496602,52.830674,On or near Back Lane,E01026740,North Norfolk 012A,Violence and sexual offences,Court result unavailable,
70b0a949cbfd17aed22f1a7f8c29f83586c2649f2aa2e0a0944e76247a24315a,2020-02,Norfolk Constabulary,Norfolk Constabulary,1.451591,52.797150,On or near The Glebe,E01026740,North Norfolk 012A,Violence and sexual offences,Unable to prosecute suspect,
69e1f17c0bb2e5a97dea571dc7cfdca77feebcd675a475a0936500a30209af2d,2020-02,Norfolk Constabulary,Norfolk Constabulary,1.475102,52.829408,On or near Stonebridge Road,E01026740,North Norfolk 012A,Violence and sexual offences,Action to be taken by another organisation,
f202b9de83b86f3425ad18efb11d71186dbcd927c303852679ecdec0fa830105,2020-02,Norfolk Constabulary,Norfolk Constabulary,1.475102,52.829408,On or near Stonebridge Road,E01026740,North Norfolk 012A,Violence and sexual offences,Unable to prosecute suspect,
bced3a1e76e7c3de77d72018b98f3ffcc2b0027752cc0f62201a957ff5a3020d,2020-02,Norfolk Constabulary,Norfolk Constabulary,1.477213,52.766622,On or near Petrol Station,E01026767,North Norfolk 012B,Other theft,Investigation complete; no suspect identified,
cecc65e8ed50a19b9b5ce41a3f5da59d70c01b1e3e9696f17ab01648cf6b33f4,2020-02,Norfolk Constabulary,Norfolk Constabulary,1.400179,52.747551,On or near Blacksmiths Court,E01026767,North Norfolk 012B,Violence and sexual offences,Awaiting court outcome,
,2020-02,Norfolk Constabulary,Norfolk Constabulary,1.344524,52.759901,On or near Prison,E01026768,North Norfolk 012C,Anti-social behaviour,,
a7e95e518a09deae4a4134735f284113549c39c895b40341cb5e9ca08fd53bdc,2020-02,Norfolk Constabulary,Norfolk Constabulary,1.344524,52.759901,On or near Prison,E01026768,North Norfolk 012C,Other theft,Unable to prosecute suspect,
fb8766febfea6f11fb5fe12e7996307da3a7f9a186526f781cc27b1a6e4b4680,2020-02,Norfolk Constabulary,Norfolk Constabulary,1.378091,52.763185,On or near Park Avenue,E01026768,North Norfolk 012C,Theft from the person,Unable to prosecute suspect,
2c2e406f6e2206528a39828b495937dbd54218f894f7614b627c92ba22a69830,2020-02,Norfolk Constabulary,Norfolk Constabulary,1.343836,52.761557,On or near Barton Road,E01026768,North Norfolk 012C,Violence and sexual offences,Unable to prosecute suspect,
70137e7c101693926aa5c1293e5ea25f0c7cf2e86974ec2710d5c929f13a737f,2020-02,Norfolk Constabulary,Norfolk Constabulary,1.337727,52.813442,On or near Sharon Close,E01026789,North Norfolk 012D,Drugs,Offender given a drugs possession warning,
0f29479b96eb361bed70b9f955bef70ba345ada4f9dd9fb194f69992bcba30fa,2020-02,Norfolk Constabulary,Norfolk Constabulary,1.338902,52.810180,On or near Church Road,E01026789,North Norfolk 012D,Other theft,Investigation complete; no suspect identified,
56c30a553bc3e77f5c84478ac25b79dd16c1cd18a9454baebf765dbd2c748d70,2020-02,Norfolk Constabulary,Norfolk Constabulary,1.338902,52.810180,On or near Church Road,E01026789,North Norfolk 012D,Other theft,Investigation complete; no suspect identified,
aeccafb0e95b64d287361b6291fbb878d5ed38e3f1a6df20a8c7b0c429b09af7,2020-02,Norfolk Constabulary,Norfolk Constabulary,1.338902,52.810180,On or near Church Road,E01026789,North Norfolk 012D,Other theft,Unable to prosecute suspect,
3b1f303ca7a9c0ffed5b3b2a0eba3d2b7a197d625bd17e21c6d4952287b3773b,2020-02,Norfolk Constabulary,Norfolk Constabulary,1.326673,52.786691,On or near New Road,E01026789,North Norfolk 012D,Public order,Investigation complete; no suspect identified,
f0125d6ffe9da7f9f402c3b7f352811a7d5a4e708bd92bfe0db1a1b3d3d4fba0,2020-02,Norfolk Constabulary,Norfolk Constabulary,1.403061,52.776509,On or near Station Road,E01026790,North Norfolk 012E,Other theft,Investigation complete; no suspect identified,
8ad283c9478ebabfeee369b215ed10ed2af0a1fd1a1d967cb3b38ecf055f17e7,2020-02,Norfolk Constabulary,Norfolk Constabulary,1.531623,52.759554,On or near Staithe Road,E01026774,North Norfolk 013A,Burglary,Investigation complete; no suspect identified,
7b3dc02c1d3f7e75c22a63bd3460edef75ea89f71ccb55f9ba1074b58b124aeb,2020-02,Norfolk Constabulary,Norfolk Constabulary,1.539614,52.769416,On or near Goose Lane,E01026774,North Norfolk 013A,Criminal damage and arson,Investigation complete; no suspect identified,
c8d2626a03f6200a1fc82859fc2915e728cda093b2fe8e72cc98c088c7772d8c,2020-02,Norfolk Constabulary,Norfolk Constabulary,1.529815,52.765976,On or near Petrol Station,E01026774,North Norfolk 013A,Public order,Unable to prosecute suspect,
,2020-02,Norfolk Constabulary,Norfolk Constabulary,1.512900,52.775580,On or near Brumstead Road,E01026775,North Norfolk 013B,Anti-social behaviour,,
,2020-02,Norfolk Constabulary,Norfolk Constabulary,1.516656,52.775262,On or near Bullemer Close,E01026775,North Norfolk 013B,Anti-social behaviour,,
,2020-02,Norfolk Constabulary,Norfolk Constabulary,1.521363,52.774969,On or near St Benet'S Road,E01026775,North Norfolk 013B,Anti-social behaviour,,
,2020-02,Norfolk Constabulary,Norfolk Constabulary,1.516656,52.775262,On or near Bullemer Close,E01026775,North Norfolk 013B,Anti-social behaviour,,
,2020-02,Norfolk Constabulary,Norfolk Constabulary,1.523516,52.773889,On or near Ingham Road,E01026775,North Norfolk 013B,Anti-social behaviour,,
,2020-02,Norfolk Constabulary,Norfolk Constabulary,1.523516,52.773889,On or near Ingham Road,E01026775,North Norfolk 013B,Anti-social behaviour,,
62471fddab3af6c02aadef82aebd809e18ab98d84d24be2a53281548a003c893,2020-02,Norfolk Constabulary,Norfolk Constabulary,1.516436,52.776024,On or near Calthorpe Close,E01026775,North Norfolk 013B,Drugs,Offender given a drugs possession warning,
645262f18581a78eae9fdbf29a31362f1cb2682b2760c2305e317122e82f1b6d,2020-02,Norfolk Constabulary,Norfolk Constabulary,1.517938,52.774792,On or near Camping Field Lane,E01026775,North Norfolk 013B,Violence and sexual offences,Unable to prosecute suspect,
d8d7c471b4e226214290b8c9e2e7c48db56853140dbd78569c59f67276be4119,2020-02,Norfolk Constabulary,Norfolk Constabulary,1.515295,52.775860,On or near Lyndford Road,E01026775,North Norfolk 013B,Violence and sexual offences,Unable to prosecute suspect,
9c656adc382c973c32f3d4033876e11cbc8699083b04c434bf2676fdf28f43b3,2020-02,Norfolk Constabulary,Norfolk Constabulary,1.515295,52.775860,On or near Lyndford Road,E01026775,North Norfolk 013B,Violence and sexual offences,Unable to prosecute suspect,
c0010c18c8168ecdb5215ba3f06c8d5a73015efd3e2d0cafb962031b79f50823,2020-02,Norfolk Constabulary,Norfolk Constabulary,1.520937,52.775198,On or near St Benet'S Close,E01026775,North Norfolk 013B,Violence and sexual offences,Unable to prosecute suspect,
498c03279b1ba30307cd3f0bdbe0c245e03417b579ed4a8a7fd94e9b947a343c,2020-02,Norfolk Constabulary,Norfolk Constabulary,1.516436,52.776024,On or near Calthorpe Close,E01026775,North Norfolk 013B,Violence and sexual offences,Status update unavailable,
b95c431390ce189ccf366761db35232a89e810a35673ee4768ab4087be7606be,2020-02,Norfolk Constabulary,Norfolk Constabulary,1.516436,52.776024,On or near Calthorpe Close,E01026775,North Norfolk 013B,Violence and sexual offences,Status update unavailable,
601412d8e70831d4345715670c79e74880bcfd593d785e16c249363feb9a73dd,2020-02,Norfolk Constabulary,Norfolk Constabulary,1.520937,52.775198,On or near St Benet'S Close,E01026775,North Norfolk 013B,Violence and sexual offences,Unable to prosecute suspect,
f4af081882d304e5c020ed8ed7e40e8ef47bf9307af402a15fd14d30012f1a1b,2020-02,Norfolk Constabulary,Norfolk Constabulary,1.515030,52.771470,On or near Market Row,E01026776,North Norfolk 013C,Criminal damage and arson,Unable to prosecute suspect,
1dc5233f78d525abe407fc3a4eaebeddd364f178b309d8b797a582d619df14ee,2020-02,Norfolk Constabulary,Norfolk Constabulary,1.515030,52.771470,On or near Market Row,E01026776,North Norfolk 013C,Public order,Unable to prosecute suspect,
941f7650778968e21b29f3f8acfd4e924b647e4b321719170d256a07cc7e5232,2020-02,Norfolk Constabulary,Norfolk Constabulary,1.514007,52.772022,On or near High Street,E01026776,North Norfolk 013C,Shoplifting,Investigation complete; no suspect identified,
9fd43f1810d095714b5845434cfb158d034147857be2cb82ca1f4d85d26ba783,2020-02,Norfolk Constabulary,Norfolk Constabulary,1.518311,52.770590,On or near Parking Area,E01026776,North Norfolk 013C,Violence and sexual offences,Unable to prosecute suspect,
3209771671014ef066613dc04a7a0e805656173f865af6396d41d33e46d62999,2020-02,Norfolk Constabulary,Norfolk Constabulary,1.512088,52.775631,On or near Recreation Road,E01026776,North Norfolk 013C,Violence and sexual offences,Unable to prosecute suspect,
6a289939aa0c5dbd43edd12c5c0f7bb67a8cca1eb995bf7b39e8093d2b8b0605,2020-02,Norfolk Constabulary,Norfolk Constabulary,1.515604,52.770859,On or near Supermarket,E01026776,North Norfolk 013C,Violence and sexual offences,Unable to prosecute suspect,
976a54a426c2e51a49916c5104cf56eeae5b8605a4ba151676aeefce1055aead,2020-02,Norfolk Constabulary,Norfolk Constabulary,1.514007,52.772022,On or near High Street,E01026776,North Norfolk 013C,Violence and sexual offences,Unable to prosecute suspect,
432f3a3798274a38e872325292b2236e75b8dbfc2a05c2ff3739f5047969813a,2020-02,Norfolk Constabulary,Norfolk Constabulary,1.641574,52.748562,On or near Sports/Recreation Area,E01026786,North Norfolk 013D,Public order,Unable to prosecute suspect,
10de06ef2826c8da9e2c496371c443ef1b34f8cd45ae45b456abab4498e5d4e6,2020-02,Norfolk Constabulary,Norfolk Constabulary,1.539610,52.796569,On or near High Road,E01026786,North Norfolk 013D,Violence and sexual offences,Court result unavailable,
f39144ab12096c4bc470ed3b550e68659d1076b891aeb6b52e95c1a6fd2c5b8c,2020-02,Norfolk Constabulary,Norfolk Constabulary,1.484924,52.810385,On or near Dyball'S Lane,E01026786,North Norfolk 013D,Violence and sexual offences,Status update unavailable,
cbb83c21f6c9392a35e32f2eda4aead4d699eaea59055314dd82f22d2d686aff,2020-02,Norfolk Constabulary,Norfolk Constabulary,1.601634,52.785077,On or near St Margarets Place,E01026786,North Norfolk 013D,Violence and sexual offences,Unable to prosecute suspect,
6726eea77ab03029369a0d926a1f8885442f27bf3ddfbd8282291598b64bdcb0,2020-02,Norfolk Constabulary,Norfolk Constabulary,1.601634,52.785077,On or near St Margarets Place,E01026786,North Norfolk 013D,Violence and sexual offences,Unable to prosecute suspect,
0d8ec790b8c7532d651a8098e88355d4a1162d54e100f2a74f6c8653b4a24bc7,2020-02,Norfolk Constabulary,Norfolk Constabulary,1.539610,52.796569,On or near High Road,E01026786,North Norfolk 013D,Violence and sexual offences,Court result unavailable,
4c0a7162d5eaac989e571b9ae8a2b90cd1a5a6bd6e9cea79d0034739677f98ff,2020-02,Norfolk Constabulary,Norfolk Constabulary,1.498940,52.788099,On or near Park/Open Space,E01026786,North Norfolk 013D,Violence and sexual offences,Offender given a caution,
f965d30e89acf886e77e4ab93982a3dcd408419116e1cdc68ccf3d2ee9dd2181,2020-02,Norfolk Constabulary,Norfolk Constabulary,1.498940,52.788099,On or near Park/Open Space,E01026786,North Norfolk 013D,Violence and sexual offences,Offender given a caution,
0cd06153257cc457579352c0d3c0a4c9ad6feb74b480dcbd1db5724f99af1139,2020-02,Norfolk Constabulary,Norfolk Constabulary,1.416874,52.714315,On or near Merlin Close,E01026744,North Norfolk 014A,Burglary,Investigation complete; no suspect identified,
c953543e1101ab182074f58c46d67ea1b9adaf6c18d59b7d435bd39f40cde4e3,2020-02,Norfolk Constabulary,Norfolk Constabulary,1.426885,52.736961,On or near Church Road,E01026744,North Norfolk 014A,Other theft,Investigation complete; no suspect identified,
8786680b9253d42fb36992d899395f2fe3e180a0af84cbef0a125eb1daef9b6e,2020-02,Norfolk Constabulary,Norfolk Constabulary,1.426655,52.718359,On or near Grange Close,E01026744,North Norfolk 014A,Public order,Unable to prosecute suspect,
31420d5ad73e0f0b328039c873ab2f8dfb69ccb455387a1a83c9347ff018a7aa,2020-02,Norfolk Constabulary,Norfolk Constabulary,1.411554,52.712562,On or near Hoveton Police Station,E01026744,North Norfolk 014A,Vehicle crime,Court result unavailable,
b1e7dc49eceb8daa5172b0bca10039e07b91050d45d24eedb2cb27d369e4f1fa,2020-02,Norfolk Constabulary,Norfolk Constabulary,1.418204,52.715977,On or near Stalham Road,E01026744,North Norfolk 014A,Violence and sexual offences,Status update unavailable,
460c3472d9b05ed44f7c1c7c4ca5881bb42449f0e4683c6a508ff926b0976373,2020-02,Norfolk Constabulary,Norfolk Constabulary,1.426655,52.718359,On or near Grange Close,E01026744,North Norfolk 014A,Violence and sexual offences,Unable to prosecute suspect,
9ff2dcf2f57d2316eefd8bf255302acc27d7ac22ad183fac7bd12aab80f6b187,2020-02,Norfolk Constabulary,Norfolk Constabulary,1.426655,52.718359,On or near Grange Close,E01026744,North Norfolk 014A,Violence and sexual offences,Unable to prosecute suspect,
633a1b3c9eb6110503f0303e8486ed3bb9b3045c1684c6117b3e7f01c07da6e7,2020-02,Norfolk Constabulary,Norfolk Constabulary,1.427177,52.717463,On or near Blofield Loke,E01026744,North Norfolk 014A,Violence and sexual offences,Action to be taken by another organisation,
,2020-02,Norfolk Constabulary,Norfolk Constabulary,1.462940,52.705621,On or near Staithe Close,E01026769,North Norfolk 014B,Anti-social behaviour,,
2019ecf1d02a0701bb3ad8b48854d0971926bb8a7ae4d4ff6b1c719aac237e24,2020-02,Norfolk Constabulary,Norfolk Constabulary,1.480224,52.733742,On or near Parking Area,E01026769,North Norfolk 014B,Other theft,Investigation complete; no suspect identified,
fcf562ba6577ab67b3bbeb65ad8232c204b4a9e69dcba82f9ee2c4bcf857c705,2020-02,Norfolk Constabulary,Norfolk Constabulary,1.462940,52.705621,On or near Staithe Close,E01026769,North Norfolk 014B,Vehicle crime,Investigation complete; no suspect identified,
ed9cde869cad1adb1d3ed95be771add28e046a9df71e8b5aff5ddff5603152cc,2020-02,Norfolk Constabulary,Norfolk Constabulary,1.478265,52.749314,On or near School Road,E01026769,North Norfolk 014B,Violence and sexual offences,Unable to prosecute suspect,
3d8c2ecdc2270749392f390a4a1915f8f61039c1e89241063307d71406658831,2020-02,Norfolk Constabulary,Norfolk Constabulary,1.613944,52.720096,On or near Park/Open Space,E01026783,North Norfolk 014C,Burglary,Investigation complete; no suspect identified,
8d8b5263709cf643e6d5ef5e73163961dcb73f66ca64f8560452323d00e7b0b5,2020-02,Norfolk Constabulary,Norfolk Constabulary,1.613944,52.720096,On or near Park/Open Space,E01026783,North Norfolk 014C,Burglary,Investigation complete; no suspect identified,
7e10c6dae8c9b25df8cc86f6abe7cc50cff451868aac1c53b3234ee83f8594ca,2020-02,Norfolk Constabulary,Norfolk Constabulary,1.561532,52.717852,On or near Fritton Road,E01026783,North Norfolk 014C,Other theft,Investigation complete; no suspect identified,
d447caeabbc0508bc2ad0c058ba151d8873685bbe99e8000de0c33269ce85139,2020-02,Norfolk Constabulary,Norfolk Constabulary,1.613944,52.720096,On or near Park/Open Space,E01026783,North Norfolk 014C,Other theft,Investigation complete; no suspect identified,
23ca272892edae7612d535dbe3cacdb904abcc611be34e87ddd09fcfdf2719b0,2020-02,Norfolk Constabulary,Norfolk Constabulary,1.579483,52.710439,On or near Parking Area,E01026783,North Norfolk 014C,Vehicle crime,Investigation complete; no suspect identified,
fefa75e438d976ad5279c883bcefc825d83b7e2efa17988c7a8e60d9ee59aa98,2020-02,Norfolk Constabulary,Norfolk Constabulary,1.574557,52.714842,On or near Grapes Close,E01026783,North Norfolk 014C,Violence and sexual offences,Action to be taken by another organisation,
512e2ad903e36c2264895dbff6706f7398f3af7ff2da5e50d41aad3f2c737be9,2020-02,Norfolk Constabulary,Norfolk Constabulary,1.534938,52.711912,On or near School Close,E01026784,North Norfolk 014D,Other theft,Unable to prosecute suspect,
ee3786aa55ccacab2ade0e8ba2063048c2a788f3c50f460f7168cc078e111531,2020-02,Norfolk Constabulary,Norfolk Constabulary,1.531546,52.712823,On or near Laurels Crescent,E01026784,North Norfolk 014D,Violence and sexual offences,Unable to prosecute suspect,
74222d7f51479e2ffa5c664cc3425c60a68bbff7e8cc8abe58af269f7a5ac208,2020-02,Norfolk Constabulary,Norfolk Constabulary,1.531546,52.712823,On or near Laurels Crescent,E01026784,North Norfolk 014D,Violence and sexual offences,Unable to prosecute suspect,
9d5950124156677ba2a9d073843787620d54936c8d777c1f52813ffccdb22cee,2020-02,Norfolk Constabulary,Norfolk Constabulary,1.535981,52.741984,On or near The Cedars,E01026785,North Norfolk 014E,Violence and sexual offences,Unable to prosecute suspect,
42980f83b8189a6db626f45c5ca612ec35f41ad6af6006fadf854899ce7b0802,2020-02,Norfolk Constabulary,Norfolk Constabulary,1.551081,52.751444,On or near Sutton Road,E01026785,North Norfolk 014E,Violence and sexual offences,Unable to prosecute suspect,
0b139c1d67cd768d325400db9401d1a7b32a771603700d305d923fb57d30fd5e,2020-02,Norfolk Constabulary,Norfolk Constabulary,1.551081,52.751444,On or near Sutton Road,E01026785,North Norfolk 014E,Violence and sexual offences,Unable to prosecute suspect,
,2020-02,Norfolk Constabulary,Norfolk Constabulary,1.285498,52.657577,On or near Petrol Station,E01026797,Norwich 001A,Anti-social behaviour,,
,2020-02,Norfolk Constabulary,Norfolk Constabulary,1.290174,52.657214,On or near Tansy Close,E01026797,Norwich 001A,Anti-social behaviour,,
,2020-02,Norfolk Constabulary,Norfolk Constabulary,1.277270,52.669767,On or near Airport/Airfield,E01026797,Norwich 001A,Anti-social behaviour,,
ab4199890c8109f6e7055e59a45edef6c90ba92e6c2c1c975a9386845342c95d,2020-02,Norfolk Constabulary,Norfolk Constabulary,1.272247,52.666686,On or near Cromer Road,E01026797,Norwich 001A,Bicycle theft,Unable to prosecute suspect,
2b755955411cc1391f16b9ccc5f625dbed91612a4bc8a6f5548f7420c6e87dfc,2020-02,Norfolk Constabulary,Norfolk Constabulary,1.279726,52.652989,On or near Supermarket,E01026797,Norwich 001A,Bicycle theft,Investigation complete; no suspect identified,
925a5456dcfb89b5cf510402ab95519fb8d73f960124c7faeb79e84c725558e4,2020-02,Norfolk Constabulary,Norfolk Constabulary,1.281159,52.651978,On or near Arminghall Close,E01026797,Norwich 001A,Burglary,Investigation complete; no suspect identified,
ab56ecd253440454836e4c5e6813a9c1badf9284ddc2055d7d93c8b55f1385c0,2020-02,Norfolk Constabulary,Norfolk Constabulary,1.282794,52.654064,On or near Fletcher Way,E01026797,Norwich 001A,Burglary,Unable to prosecute suspect,
ca81d6c284ec3fff603ffd8be625a23e3610ef51d2ea5dee124f11ecc635b17d,2020-02,Norfolk Constabulary,Norfolk Constabulary,1.274019,52.667842,On or near Alkmaar Way,E01026797,Norwich 001A,Criminal damage and arson,Court result unavailable,
41f3e48cd3950b1d30a94b1e4da66bebe418f881ee9b14a518dc41774ece5046,2020-02,Norfolk Constabulary,Norfolk Constabulary,1.279605,52.655124,On or near Baxter Court,E01026797,Norwich 001A,Criminal damage and arson,Unable to prosecute suspect,
5f5f8c824bbb84d040c346d8ad641b137a3bf57f2d4860d0f094998b7486c12c,2020-02,Norfolk Constabulary,Norfolk Constabulary,1.280385,52.651325,On or near Aylsham Crescent,E01026797,Norwich 001A,Criminal damage and arson,Investigation complete; no suspect identified,
1c612784aa695c7ebc71c76695a0379906420231d86a3bc3f025f3536da1c446,2020-02,Norfolk Constabulary,Norfolk Constabulary,1.284479,52.665880,On or near Audax Road,E01026797,Norwich 001A,Criminal damage and arson,Offender given a caution,
7b445a4720ef390ca29c676913da036cda3376294c0385511f39f887e0395469,2020-02,Norfolk Constabulary,Norfolk Constabulary,1.279605,52.655124,On or near Baxter Court,E01026797,Norwich 001A,Criminal damage and arson,Investigation complete; no suspect identified,
94823b8930876c18a43a4683a4215dc7a04e4b1b62d7f1cfb95e3128ddb783e5,2020-02,Norfolk Constabulary,Norfolk Constabulary,1.288655,52.665746,On or near Whitley Close,E01026797,Norwich 001A,Criminal damage and arson,Investigation complete; no suspect identified,
1dec218ce7cfd50b9b45fe7dc802a8a2496979a2e02c769e4aa827237fabde7c,2020-02,Norfolk Constabulary,Norfolk Constabulary,1.280771,52.655874,On or near Keelan Close,E01026797,Norwich 001A,Drugs,Offender given a caution,
3c2b6721b78ceaaa7fb89f654b67d37b90e38ed8ef5e269da452fcaa244331fb,2020-02,Norfolk Constabulary,Norfolk Constabulary,1.284078,52.665270,On or near Hartbee Road,E01026797,Norwich 001A,Other theft,Investigation complete; no suspect identified,
94bf251d7237e36a2d27f9c5a920b13270ab3cf0dfe7c2543c8fa79150fbca9d,2020-02,Norfolk Constabulary,Norfolk Constabulary,1.274019,52.667842,On or near Alkmaar Way,E01026797,Norwich 001A,Possession of weapons,Court result unavailable,
8af5b40800c29a4c020d6e8b643efb44667a8fcace1ad24311d9ad2f2fe1b8ff,2020-02,Norfolk Constabulary,Norfolk Constabulary,1.279901,52.651572,On or near Mile Cross Road,E01026797,Norwich 001A,Public order,Unable to prosecute suspect,
8e9736f94b6dc55d1677244b4d4679b9c4ede2526642a7319f0a68b460afbba5,2020-02,Norfolk Constabulary,Norfolk Constabulary,1.274019,52.667842,On or near Alkmaar Way,E01026797,Norwich 001A,Public order,Unable to prosecute suspect,
7c53cc927767187563e4f7a7a046885f825b6867c952790b6fb37c8679e63b19,2020-02,Norfolk Constabulary,Norfolk Constabulary,1.290805,52.668960,On or near Douglas Close,E01026797,Norwich 001A,Public order,Unable to prosecute suspect,
14e7c7632aecc63695783e5d48f8f828e4059f8175e5baef39dfe4aaebb6cde8,2020-02,Norfolk Constabulary,Norfolk Constabulary,1.280385,52.651325,On or near Aylsham Crescent,E01026797,Norwich 001A,Public order,Unable to prosecute suspect,
88293b79089d5d081fd6241d2641de52db4e1e250d65ff5e4cc0b275ef636a72,2020-02,Norfolk Constabulary,Norfolk Constabulary,1.288882,52.670722,On or near Javelin Road,E01026797,Norwich 001A,Robbery,Investigation complete; no suspect identified,
b77ce16e29c7edd3f7978abd8b3e119a629a6b86e4024de75333342a7f09feb7,2020-02,Norfolk Constabulary,Norfolk Constabulary,1.279605,52.655124,On or near Baxter Court,E01026797,Norwich 001A,Robbery,Status update unavailable,
432e9602ecbb029aabf0f0b9f1817d987d245abc4bbe8539c4f87b441e62d5b9,2020-02,Norfolk Constabulary,Norfolk Constabulary,1.279726,52.652989,On or near Supermarket,E01026797,Norwich 001A,Shoplifting,Investigation complete; no suspect identified,
a5ef09692fab0912cf244cc86a43940d456b4a0dd457b25f819bdf19477acb30,2020-02,Norfolk Constabulary,Norfolk Constabulary,1.289101,52.664987,On or near Heyford Road,E01026797,Norwich 001A,Shoplifting,Investigation complete; no suspect identified,
a699ea2522a703090027a4aade94895be455831812fd451ab3a12845764895ba,2020-02,Norfolk Constabulary,Norfolk Constabulary,1.279726,52.652989,On or near Supermarket,E01026797,Norwich 001A,Shoplifting,Investigation complete; no suspect identified,
8d43b1736465845d7a59b3bb37bf02a6fd3fa8faacc4a64a45e0b01397c22e00,2020-02,Norfolk Constabulary,Norfolk Constabulary,1.279726,52.652989,On or near Supermarket,E01026797,Norwich 001A,Shoplifting,Court result unavailable,
1e73953e18e1e4e18c650de3865a9c08d570048b6e5c6544afb9ec88b8efb62d,2020-02,Norfolk Constabulary,Norfolk Constabulary,1.289101,52.664987,On or near Heyford Road,E01026797,Norwich 001A,Shoplifting,Investigation complete; no suspect identified,
389061046e8a560c11ce6aba7f91395f3d1f823536e430469aae1d650879a7da,2020-02,Norfolk Constabulary,Norfolk Constabulary,1.279726,52.652989,On or near Supermarket,E01026797,Norwich 001A,Shoplifting,Unable to prosecute suspect,
fe5f9066884a7a50c34e5f83ae09f02189d4c59eb9edfe3817eff148a9668605,2020-02,Norfolk Constabulary,Norfolk Constabulary,1.279901,52.651572,On or near Mile Cross Road,E01026797,Norwich 001A,Theft from the person,Unable to prosecute suspect,
de1b4e75e8ebafde1d8b866b2ca3ce922724b1e72615e1f9b30802f55ad0e1d5,2020-02,Norfolk Constabulary,Norfolk Constabulary,1.279605,52.655124,On or near Baxter Court,E01026797,Norwich 001A,Vehicle crime,Unable to prosecute suspect,
1741f965f61eea2b4d3c1a8ea78fa23023228e2e31dcd29be9a17b44c28da009,2020-02,Norfolk Constabulary,Norfolk Constabulary,1.279605,52.655124,On or near Baxter Court,E01026797,Norwich 001A,Vehicle crime,Investigation complete; no suspect identified,
539e02a49cd4b85eca0d0c552e6a83b46fbad0daf9a086b17bc17fdc80243e49,2020-02,Norfolk Constabulary,Norfolk Constabulary,1.284479,52.665880,On or near Audax Road,E01026797,Norwich 001A,Violence and sexual offences,Unable to prosecute suspect,
07026cce2d8515b02b67bb23a83782e19ba4abfd418d123129116b346e11f7d4,2020-02,Norfolk Constabulary,Norfolk Constabulary,1.289579,52.669183,On or near Hurricane Way,E01026797,Norwich 001A,Violence and sexual offences,Action to be taken by another organisation,
c3e7584966682a16ae76356d68a506ed4330b023102ad5155ac740ce773647d9,2020-02,Norfolk Constabulary,Norfolk Constabulary,1.289579,52.669183,On or near Hurricane Way,E01026797,Norwich 001A,Violence and sexual offences,Unable to prosecute suspect,
5f3575199c48ea533d7c5c28a5c4d1a5dc23250d7e9247e88c0b160da2497430,2020-02,Norfolk Constabulary,Norfolk Constabulary,1.293203,52.665628,On or near Dowding Road,E01026797,Norwich 001A,Violence and sexual offences,Unable to prosecute suspect,
5b5f00bd462f4e35a17c7dd39dededb3fb480ec0424bc4d95b1608042156274d,2020-02,Norfolk Constabulary,Norfolk Constabulary,1.290022,52.664251,On or near Sports/Recreation Area,E01026797,Norwich 001A,Violence and sexual offences,Action to be taken by another organisation,
a7ce7d85fbb2a55b3be658e4b9fa1173eccaa895706956b6e7264a55134fc6a4,2020-02,Norfolk Constabulary,Norfolk Constabulary,1.284899,52.662801,On or near Burton Close,E01026797,Norwich 001A,Violence and sexual offences,Unable to prosecute suspect,
d50e11b85b58822527b853ecf4ee0dc0e9264e136fc0b27fb0d02cdc24d12fff,2020-02,Norfolk Constabulary,Norfolk Constabulary,1.274019,52.667842,On or near Alkmaar Way,E01026797,Norwich 001A,Violence and sexual offences,Formal action is not in the public interest,
,2020-02,Norfolk Constabulary,Norfolk Constabulary,1.286416,52.653649,On or near Hunter Road,E01026798,Norwich 001B,Anti-social behaviour,,
,2020-02,Norfolk Constabulary,Norfolk Constabulary,1.286187,52.651982,On or near Bullard Road,E01026798,Norwich 001B,Anti-social behaviour,,
,2020-02,Norfolk Constabulary,Norfolk Constabulary,1.289970,52.651940,On or near Woodcock Road,E01026798,Norwich 001B,Anti-social behaviour,,
,2020-02,Norfolk Constabulary,Norfolk Constabulary,1.286416,52.653649,On or near Hunter Road,E01026798,Norwich 001B,Anti-social behaviour,,
,2020-02,Norfolk Constabulary,Norfolk Constabulary,1.286187,52.651982,On or near Bullard Road,E01026798,Norwich 001B,Anti-social behaviour,,
e48fbb24eb385eccc0164bcc4bfe442312849a5a3f5fe97629721a8337fe915c,2020-02,Norfolk Constabulary,Norfolk Constabulary,1.286187,52.651982,On or near Bullard Road,E01026798,Norwich 001B,Criminal damage and arson,Unable to prosecute suspect,
d69b3349a9a72b074f357a2886ac54a6ea79843eb20bbf47637df3a2e0dcb547,2020-02,Norfolk Constabulary,Norfolk Constabulary,1.286416,52.653649,On or near Hunter Road,E01026798,Norwich 001B,Criminal damage and arson,Unable to prosecute suspect,
8e4fcb0aa66cd735ac593f379c6018ff6006eaca7927d125112151d6c0a7e61a,2020-02,Norfolk Constabulary,Norfolk Constabulary,1.286187,52.651982,On or near Bullard Road,E01026798,Norwich 001B,Other theft,Unable to prosecute suspect,
70226ac7240e38841f048ad464bfbe5ee82f1ae037442774b715c3f6adf68bb2,2020-02,Norfolk Constabulary,Norfolk Constabulary,1.289929,52.654154,On or near Foster Road,E01026798,Norwich 001B,Violence and sexual offences,Unable to prosecute suspect,
72ec5b6eb2b6bcb218e5d66de16cbf62eecda9b48bf6354074f4af5b54f7d8c7,2020-02,Norfolk Constabulary,Norfolk Constabulary,1.291553,52.653128,On or near Hillmead,E01026798,Norwich 001B,Violence and sexual offences,Unable to prosecute suspect,
57b9384841b9ecdf7472c5bc771e770a06fea8a2c8ea2ee015413595513dccab,2020-02,Norfolk Constabulary,Norfolk Constabulary,1.286187,52.651982,On or near Bullard Road,E01026798,Norwich 001B,Violence and sexual offences,Investigation complete; no suspect identified,
9c7529a28f8721fc0f59e75d6e97710fec66c050df4f0c00125aa5e95227665f,2020-02,Norfolk Constabulary,Norfolk Constabulary,1.287926,52.654461,On or near Harmer Road,E01026798,Norwich 001B,Violence and sexual offences,Action to be taken by another organisation,
5622e09468ffbfc8397d6162a099140539ade2049701a034050c1d7934243ac6,2020-02,Norfolk Constabulary,Norfolk Constabulary,1.291957,52.656139,On or near Spindle Road,E01026799,Norwich 001C,Burglary,Investigation complete; no suspect identified,
5a27a5bdf0d3bfcdffef7fc4172ec02c2f3066e4792ac23f6ffe6ffaae449946,2020-02,Norfolk Constabulary,Norfolk Constabulary,1.291957,52.656139,On or near Spindle Road,E01026799,Norwich 001C,Violence and sexual offences,Unable to prosecute suspect,
bf6a2efa9cab3e6af422562b7be81a323368b37debc8ae23ed5ebe525e68f914,2020-02,Norfolk Constabulary,Norfolk Constabulary,1.289029,52.661464,On or near Rosebay Close,E01026799,Norwich 001C,Violence and sexual offences,Unable to prosecute suspect,
468a858dd8a290db5fed7a813ce5d1986be5017f7861326410ba88e383f418ff,2020-02,Norfolk Constabulary,Norfolk Constabulary,1.289446,52.660714,On or near Whitethorn Close,E01026799,Norwich 001C,Violence and sexual offences,Unable to prosecute suspect,
9977cd6e58119b63af46c8acd712478ce6d0bc60d133f8942abd040b615ac891,2020-02,Norfolk Constabulary,Norfolk Constabulary,1.289446,52.660714,On or near Whitethorn Close,E01026799,Norwich 001C,Violence and sexual offences,Unable to prosecute suspect,
27753677c4d7b6a9c77a740f14940a271aeb84801697f5bcdc07b3e51bd23ade,2020-02,Norfolk Constabulary,Norfolk Constabulary,1.289029,52.661464,On or near Rosebay Close,E01026799,Norwich 001C,Violence and sexual offences,Unable to prosecute suspect,
897d5beacfb24030b3763a4d2169d0b2e55db19d256843b5d870e8c8ebe427cc,2020-02,Norfolk Constabulary,Norfolk Constabulary,1.289446,52.660714,On or near Whitethorn Close,E01026799,Norwich 001C,Violence and sexual offences,Unable to prosecute suspect,
20d5e6989cd97f81803b0962d5e521c60b96095ad83a0cbd9a77e9c89d78471f,2020-02,Norfolk Constabulary,Norfolk Constabulary,1.291957,52.656139,On or near Spindle Road,E01026799,Norwich 001C,Violence and sexual offences,Unable to prosecute suspect,
09e9496c3dbf7fa8ca4940245c6e9b9e3d007732f9c720fb50d942f0029557fc,2020-02,Norfolk Constabulary,Norfolk Constabulary,1.291203,52.662051,On or near Woodruff Close,E01026799,Norwich 001C,Violence and sexual offences,Unable to prosecute suspect,
1c214c14611df548f6661ea9b2beef8d68e31cac3b9ff824eaf56883b929300e,2020-02,Norfolk Constabulary,Norfolk Constabulary,1.289029,52.661464,On or near Rosebay Close,E01026799,Norwich 001C,Violence and sexual offences,Unable to prosecute suspect,
,2020-02,Norfolk Constabulary,Norfolk Constabulary,1.287206,52.649598,On or near Thomas Glover Court,E01026800,Norwich 001D,Anti-social behaviour,,
,2020-02,Norfolk Constabulary,Norfolk Constabulary,1.286484,52.649438,On or near George Pope Close,E01026800,Norwich 001D,Anti-social behaviour,,
,2020-02,Norfolk Constabulary,Norfolk Constabulary,1.289725,52.649465,On or near Alfred Nicholls Court,E01026800,Norwich 001D,Anti-social behaviour,,
,2020-02,Norfolk Constabulary,Norfolk Constabulary,1.285155,52.651624,On or near Brickfield Close,E01026800,Norwich 001D,Anti-social behaviour,,
,2020-02,Norfolk Constabulary,Norfolk Constabulary,1.287382,52.650168,On or near George Pope Road,E01026800,Norwich 001D,Anti-social behaviour,,
dfdbda08e5811df5dc4901aac0cc2d1431ee9d5e9c63a799b6a287d9a8137976,2020-02,Norfolk Constabulary,Norfolk Constabulary,1.285656,52.650027,On or near George Winter Court,E01026800,Norwich 001D,Criminal damage and arson,Formal action is not in the public interest,
b34a422e4c39d95ff295c718e64b3e9096fa3e19763d4abbde39f0df1ce61b80,2020-02,Norfolk Constabulary,Norfolk Constabulary,1.285155,52.651624,On or near Brickfield Close,E01026800,Norwich 001D,Criminal damage and arson,Investigation complete; no suspect identified,
d58bae8a6711d5b7fc6bafef8cc9afd83d732c2fb651f26a81ae7f1821cb2cde,2020-02,Norfolk Constabulary,Norfolk Constabulary,1.285544,52.650696,On or near Jewson Road,E01026800,Norwich 001D,Criminal damage and arson,Investigation complete; no suspect identified,
d9faafc210a873f3aba64db9ad805e320efef75794d149e00aa3ccf66369b576,2020-02,Norfolk Constabulary,Norfolk Constabulary,1.292080,52.651486,On or near Catton Grove Road,E01026800,Norwich 001D,Possession of weapons,Unable to prosecute suspect,
2e8057f10c7d617cfe0df1cc6f78de1776f1b5b90ef52b90a88f0bded43f2dcb,2020-02,Norfolk Constabulary,Norfolk Constabulary,1.283644,52.647655,On or near Supermarket,E01026800,Norwich 001D,Public order,Unable to prosecute suspect,
65bc3791ddde5b445fc50c04719208b29a84160cb22301a77781fdd660439a41,2020-02,Norfolk Constabulary,Norfolk Constabulary,1.286484,52.649438,On or near George Pope Close,E01026800,Norwich 001D,Public order,Unable to prosecute suspect,
c951462d5da069a7f9e0ca83b28f3734456e4d251552e268268adc87c247f3ef,2020-02,Norfolk Constabulary,Norfolk Constabulary,1.286484,52.649438,On or near George Pope Close,E01026800,Norwich 001D,Public order,Awaiting court outcome,
96c2e89cae30ede7a171a148f17c3449a0c81524bcc161a2138efa454906d4b9,2020-02,Norfolk Constabulary,Norfolk Constabulary,1.291633,52.651246,On or near Supermarket,E01026800,Norwich 001D,Public order,Further action is not in the public interest,
02ed938d6aff883c86d0071808f0e33c09b20439d712b54d2d24a370912825ce,2020-02,Norfolk Constabulary,Norfolk Constabulary,1.291633,52.651246,On or near Supermarket,E01026800,Norwich 001D,Robbery,Investigation complete; no suspect identified,
5b76bd2008f33eb477b46bb97fe5953647d2f8af4c5cfb65e88c6803c9f24264,2020-02,Norfolk Constabulary,Norfolk Constabulary,1.291633,52.651246,On or near Supermarket,E01026800,Norwich 001D,Robbery,Investigation complete; no suspect identified,
c57c78c31fb6e61e42655daca0315f72f32d603d797998926f708daa8f07c270,2020-02,Norfolk Constabulary,Norfolk Constabulary,1.291633,52.651246,On or near Supermarket,E01026800,Norwich 001D,Shoplifting,Unable to prosecute suspect,
126b4445f47ee7081e5307a575d334cbfa87c3cb0d358a16587d62cb62f5650f,2020-02,Norfolk Constabulary,Norfolk Constabulary,1.291633,52.651246,On or near Supermarket,E01026800,Norwich 001D,Shoplifting,Investigation complete; no suspect identified,
9a27244f82db1e556a1fb00472e27f67730f203226d43c4ca6bba2f78ece161f,2020-02,Norfolk Constabulary,Norfolk Constabulary,1.283644,52.647655,On or near Supermarket,E01026800,Norwich 001D,Vehicle crime,Investigation complete; no suspect identified,
571a2f3e613ee375a9ba37c5921df762af63ddfba30155a09c862eb18db11d20,2020-02,Norfolk Constabulary,Norfolk Constabulary,1.283805,52.650196,On or near Palmer Road,E01026800,Norwich 001D,Violence and sexual offences,Unable to prosecute suspect,
f9ff839f3a4d65e7271a1dff1372c73bfe875b9339698decfef5b7e11cfd61d3,2020-02,Norfolk Constabulary,Norfolk Constabulary,1.283805,52.650196,On or near Palmer Road,E01026800,Norwich 001D,Violence and sexual offences,Unable to prosecute suspect,
25a4adcaa86619476ca383973f90c40e6754a92daca4310c57e5e778905337f1,2020-02,Norfolk Constabulary,Norfolk Constabulary,1.289725,52.649465,On or near Alfred Nicholls Court,E01026800,Norwich 001D,Violence and sexual offences,Unable to prosecute suspect,
a60f0aef7770c399740cd9267fbd423680969e2fa15ddc1789316aa1a8f07df7,2020-02,Norfolk Constabulary,Norfolk Constabulary,1.289725,52.649465,On or near Alfred Nicholls Court,E01026800,Norwich 001D,Violence and sexual offences,Unable to prosecute suspect,
4cfbca535cda42834818d72fc2583457e7520da7c7d3c30a71499381d36cd8f9,2020-02,Norfolk Constabulary,Norfolk Constabulary,1.286484,52.649438,On or near George Pope Close,E01026800,Norwich 001D,Violence and sexual offences,Unable to prosecute suspect,
d6bbe77be88d071d6d34372dc579ec443bcddc7a295962f67b947e1753fab539,2020-02,Norfolk Constabulary,Norfolk Constabulary,1.285155,52.651624,On or near Brickfield Close,E01026800,Norwich 001D,Violence and sexual offences,Unable to prosecute suspect,
284032511c1f9e8976480c5d0bafa326a8ef16a58de0b6efe7c376da1a0d3ff0,2020-02,Norfolk Constabulary,Norfolk Constabulary,1.283293,52.648492,On or near Copenhagen Way,E01026800,Norwich 001D,Violence and sexual offences,Action to be taken by another organisation,
c3cd74632de14a175420f4d03d85b4a739a11e5a1b95d3e02c3258bc38cdbe0a,2020-02,Norfolk Constabulary,Norfolk Constabulary,1.285155,52.651624,On or near Brickfield Close,E01026800,Norwich 001D,Violence and sexual offences,Unable to prosecute suspect,
fcf42459e716e46be8d25df10dd605bea9dd550c860e808fdcc30b5a860cf349,2020-02,Norfolk Constabulary,Norfolk Constabulary,1.285544,52.650696,On or near Jewson Road,E01026800,Norwich 001D,Violence and sexual offences,Unable to prosecute suspect,
b8ed20ee20c8f15a698a46e494c79329bf7f2a219ec513614070f5972e720048,2020-02,Norfolk Constabulary,Norfolk Constabulary,1.283805,52.650196,On or near Palmer Road,E01026800,Norwich 001D,Violence and sexual offences,Unable to prosecute suspect,
7c9177d1ba9b07456bd1e9975f0c8f227a40dcf846c9509e5417783185d81a42,2020-02,Norfolk Constabulary,Norfolk Constabulary,1.290097,52.650282,On or near Old Grove Court,E01026800,Norwich 001D,Violence and sexual offences,Unable to prosecute suspect,
c59aac098545acb54a203e18cee694faba1eb065ca2ead6d567bfe00ec0f3be8,2020-02,Norfolk Constabulary,Norfolk Constabulary,1.290097,52.650282,On or near Old Grove Court,E01026800,Norwich 001D,Violence and sexual offences,Unable to prosecute suspect,
2c9dc8f71e995931bedc195ec89ad4844c6aeb8444ca16c309e550a5e5951a56,2020-02,Norfolk Constabulary,Norfolk Constabulary,1.285155,52.651624,On or near Brickfield Close,E01026800,Norwich 001D,Violence and sexual offences,Unable to prosecute suspect,
6675ba66a501c75c198c9b097d60e6915175b96e11a4135b1aefad579dd8d407,2020-02,Norfolk Constabulary,Norfolk Constabulary,1.291633,52.651246,On or near Supermarket,E01026800,Norwich 001D,Violence and sexual offences,Unable to prosecute suspect,
c31f90f624aea16817c2d968e9b5851ef57a0eaaf982a0c885c97784bb3aa04a,2020-02,Norfolk Constabulary,Norfolk Constabulary,1.290097,52.650282,On or near Old Grove Court,E01026800,Norwich 001D,Violence and sexual offences,Unable to prosecute suspect,
7b736051c3cd28dcfe5bb7ff43e31b2a2c0ddbc8fbb3674d7791fc81251a730d,2020-02,Norfolk Constabulary,Norfolk Constabulary,1.286484,52.649438,On or near George Pope Close,E01026800,Norwich 001D,Violence and sexual offences,Unable to prosecute suspect,
3f4eaea08f32ed1eb372aa8f59211de75e1932506cc46bc648c602a5303fba15,2020-02,Norfolk Constabulary,Norfolk Constabulary,1.287382,52.650168,On or near George Pope Road,E01026800,Norwich 001D,Violence and sexual offences,Unable to prosecute suspect,
c71b7f1d5b0006590aea2ff75f3dd1f0a716aa8fdb4bbcb40a79306f0e5429ae,2020-02,Norfolk Constabulary,Norfolk Constabulary,1.289725,52.649465,On or near Alfred Nicholls Court,E01026800,Norwich 001D,Violence and sexual offences,Unable to prosecute suspect,
b8805ed4c0848ac81c947817bd14304ec05647dbe647199af31d2c233e90b402,2020-02,Norfolk Constabulary,Norfolk Constabulary,1.301505,52.651556,On or near Constitution Hill,E01026801,Norwich 001E,Violence and sexual offences,Unable to prosecute suspect,
d0bf2552cde1fdda3f064a3f2c0b5ea32d87cc1ccbcc29e0dc83eda8ce350495,2020-02,Norfolk Constabulary,Norfolk Constabulary,1.298741,52.651570,On or near Lorraine Gardens,E01026801,Norwich 001E,Violence and sexual offences,Court result unavailable,
f1b1fe2443239a1f08d610f60e627784c078118123b8003985cae26084e10503,2020-02,Norfolk Constabulary,Norfolk Constabulary,1.298741,52.651570,On or near Lorraine Gardens,E01026801,Norwich 001E,Other crime,Status update unavailable,
4fb8473b4c791d285102c34327d05e2dec0f72699682d853a1610e8bb078b095,2020-02,Norfolk Constabulary,Norfolk Constabulary,1.298741,52.651570,On or near Lorraine Gardens,E01026801,Norwich 001E,Other crime,Court result unavailable,
,2020-02,Norfolk Constabulary,Norfolk Constabulary,1.307353,52.649882,On or near Brockwell Court,E01026802,Norwich 001F,Anti-social behaviour,,
,2020-02,Norfolk Constabulary,Norfolk Constabulary,1.309230,52.650054,On or near Windmill Road,E01026802,Norwich 001F,Anti-social behaviour,,
370f9db548e1fee16392a3d4b651c22463fdedae22aa1a0e869594755f6b78b8,2020-02,Norfolk Constabulary,Norfolk Constabulary,1.315056,52.648884,On or near Mousehold Lane,E01026802,Norwich 001F,Criminal damage and arson,Local resolution,
418a71368eb9600ca0fdfad7fec5609f6e49363434bd136c6986941ee64f5ee6,2020-02,Norfolk Constabulary,Norfolk Constabulary,1.307265,52.650874,On or near Shipfield,E01026802,Norwich 001F,Drugs,Investigation complete; no suspect identified,
2f5021b456485d4526906f87dde35eb45ebe46f68cb1c2fbb83488f7cd47abb8,2020-02,Norfolk Constabulary,Norfolk Constabulary,1.308695,52.651400,On or near Blakes Court,E01026802,Norwich 001F,Other theft,Local resolution,
851c49403aa9ff88af22678bcb05bbca51a96abe6f1c9557ba0fceb805626b6a,2020-02,Norfolk Constabulary,Norfolk Constabulary,1.307157,52.648269,On or near Hooper Lane,E01026802,Norwich 001F,Possession of weapons,Further action is not in the public interest,
899b46519dad36df590d5492fa6d9327f6074ee5aaa6f63421024b69c58405e4,2020-02,Norfolk Constabulary,Norfolk Constabulary,1.309230,52.650054,On or near Windmill Road,E01026802,Norwich 001F,Public order,Unable to prosecute suspect,
ba57710b76652fd5dece908249735eec5caa51b3cfeacf3937300bb0a3005678,2020-02,Norfolk Constabulary,Norfolk Constabulary,1.315056,52.648884,On or near Mousehold Lane,E01026802,Norwich 001F,Public order,Unable to prosecute suspect,
2582b402d53b23477bc363fe00c7e8c9bb2157fbfedd349b63c0d2ad9c43fed3,2020-02,Norfolk Constabulary,Norfolk Constabulary,1.309230,52.650054,On or near Windmill Road,E01026802,Norwich 001F,Public order,Unable to prosecute suspect,
b5b3c9aae81022c45a3ebb81ce258350713b59b36fbcfef07b0521b34f7a9883,2020-02,Norfolk Constabulary,Norfolk Constabulary,1.309230,52.650054,On or near Windmill Road,E01026802,Norwich 001F,Shoplifting,Unable to prosecute suspect,
de0a36e21dfa1b4420d33b790c47194c39d7748601deb42a345c7431d9dac414,2020-02,Norfolk Constabulary,Norfolk Constabulary,1.309230,52.650054,On or near Windmill Road,E01026802,Norwich 001F,Shoplifting,Investigation complete; no suspect identified,
bd87c9a6fc438eeb0c3a9c176876cb027fa7ba217dd8de62c8b9c2e6d4cc9142,2020-02,Norfolk Constabulary,Norfolk Constabulary,1.307157,52.648269,On or near Hooper Lane,E01026802,Norwich 001F,Vehicle crime,Unable to prosecute suspect,
ea4f86ca578f7b27d1aa0155f514b1b2e70ee5b63fcebf297141c3e8062e9084,2020-02,Norfolk Constabulary,Norfolk Constabulary,1.310986,52.650212,On or near Templemere,E01026802,Norwich 001F,Vehicle crime,Court result unavailable,
717d10e771b9a104c97efaafadd80c9b6f1b29a149ed4ce1f4735141f0f03712,2020-02,Norfolk Constabulary,Norfolk Constabulary,1.315056,52.648884,On or near Mousehold Lane,E01026802,Norwich 001F,Violence and sexual offences,Unable to prosecute suspect,
9dd5f4ea674b9e6654cbf9c0a593f735672642cda018941deed470d605fc1daf,2020-02,Norfolk Constabulary,Norfolk Constabulary,1.303171,52.646194,On or near Sprowston Road,E01026802,Norwich 001F,Violence and sexual offences,Action to be taken by another organisation,
e03da41a7012d2f807ba1af0209fa4ad6b0204d7b7b699b57952cbabe1cda45a,2020-02,Norfolk Constabulary,Norfolk Constabulary,1.315056,52.648884,On or near Mousehold Lane,E01026802,Norwich 001F,Violence and sexual offences,Unable to prosecute suspect,
8cc76fb24ef7ec1db06163649b3d3896fb8eeb4204f4995507f2fbb171c886f6,2020-02,Norfolk Constabulary,Norfolk Constabulary,1.315056,52.648884,On or near Mousehold Lane,E01026802,Norwich 001F,Violence and sexual offences,Unable to prosecute suspect,
1fa36850f9a6b5b66be4d78ab2e7d5c4f4d5b81e9840ca59688e77eb216c3449,2020-02,Norfolk Constabulary,Norfolk Constabulary,1.310986,52.650212,On or near Templemere,E01026802,Norwich 001F,Violence and sexual offences,Unable to prosecute suspect,
22bb4dd1147417bb97490cc5796fb627a3a78f5f42ac88105de17a9e7ceee3ca,2020-02,Norfolk Constabulary,Norfolk Constabulary,1.314087,52.641554,On or near Parking Area,E01026802,Norwich 001F,Violence and sexual offences,Unable to prosecute suspect,
f8adc755d7ff080cba733d35c4da9140def4a9ff004039684c908f6ac4e74cb3,2020-02,Norfolk Constabulary,Norfolk Constabulary,1.307157,52.648269,On or near Hooper Lane,E01026802,Norwich 001F,Violence and sexual offences,Unable to prosecute suspect,
3df64d177b7fa571e6e59991d8a59c92c3441e904911aaf11753b699fb2f0304,2020-02,Norfolk Constabulary,Norfolk Constabulary,1.307157,52.648269,On or near Hooper Lane,E01026802,Norwich 001F,Violence and sexual offences,Unable to prosecute suspect,
383e71361250d4526757debf9f8d4e35b6b1ecda0284e39449a3ecdbf1d9eba1,2020-02,Norfolk Constabulary,Norfolk Constabulary,1.303171,52.646194,On or near Sprowston Road,E01026802,Norwich 001F,Violence and sexual offences,Action to be taken by another organisation,
e461fc26db6e1d25295d1339e83f0ed6d0c0336170416c085c9f74d163c109a1,2020-02,Norfolk Constabulary,Norfolk Constabulary,1.307157,52.648269,On or near Hooper Lane,E01026802,Norwich 001F,Violence and sexual offences,Unable to prosecute suspect,
6a9720c1de42c938aa687abdf946f2555e91c01ecfcb6d6cab86be290abbe999,2020-02,Norfolk Constabulary,Norfolk Constabulary,1.310568,52.651528,On or near A1042,E01026802,Norwich 001F,Violence and sexual offences,Unable to prosecute suspect,
43a97ab1701bab2cd1d6dd7b2fd38603656bc5ef89742d2ae48fd317719ed30a,2020-02,Norfolk Constabulary,Norfolk Constabulary,1.310986,52.650212,On or near Templemere,E01026802,Norwich 001F,Violence and sexual offences,Unable to prosecute suspect,
743f45aedc966d579e5397e9472f9b9b25e19e5e3f52e7d30a5ecf4d068900c5,2020-02,Norfolk Constabulary,Norfolk Constabulary,1.310986,52.650212,On or near Templemere,E01026802,Norwich 001F,Other crime,Formal action is not in the public interest,
e1d8b9267e5b4d57e422acf2fec0be745df127fc1b36b2fbe41a65cf0cc6f016,2020-02,Norfolk Constabulary,Norfolk Constabulary,1.276362,52.645186,On or near A1024,E01026828,Norwich 002A,Burglary,Investigation complete; no suspect identified,
986e0a48f44bfd3613ae32b8a4d65e39ee0aa63af8eb735944c7541620785a30,2020-02,Norfolk Constabulary,Norfolk Constabulary,1.271663,52.644623,On or near Postle Mews,E01026828,Norwich 002A,Burglary,Investigation complete; no suspect identified,
68da49a964068666ad8f8f29a7e7472413a60ac17e0f2d46a07c908e22b64b1e,2020-02,Norfolk Constabulary,Norfolk Constabulary,1.265413,52.651226,On or near Shopping Area,E01026828,Norwich 002A,Burglary,Investigation complete; no suspect identified,
56d3899b53be3421804e84cce7ec791bde8ec3f261ae49f49db16e655f464854,2020-02,Norfolk Constabulary,Norfolk Constabulary,1.262564,52.645342,On or near Elvin Way,E01026828,Norwich 002A,Burglary,Unable to prosecute suspect,
dfb2d6d77f7395efaba1bcc5652584ba45af362bfd919dca77e636feea9de247,2020-02,Norfolk Constabulary,Norfolk Constabulary,1.264382,52.646533,On or near Naylor Road,E01026828,Norwich 002A,Burglary,Investigation complete; no suspect identified,
f650e38c624eca5c966279141153f18aed559881b7be2ea330336dcd7066858f,2020-02,Norfolk Constabulary,Norfolk Constabulary,1.270087,52.646294,On or near Pinder Close,E01026828,Norwich 002A,Criminal damage and arson,Unable to prosecute suspect,
556dc7f2b2baa8c24b841e5a6e4d3fa8122e92f0295be09216e37accf22a1058,2020-02,Norfolk Constabulary,Norfolk Constabulary,1.272239,52.645614,On or near Wheeler Road,E01026828,Norwich 002A,Criminal damage and arson,Investigation complete; no suspect identified,
a1858839cc9cf66c77d602650c151803b7e086bba8a35173a38dbb8756c59ade,2020-02,Norfolk Constabulary,Norfolk Constabulary,1.272239,52.645614,On or near Wheeler Road,E01026828,Norwich 002A,Criminal damage and arson,Investigation complete; no suspect identified,
10a33989ef8ca2fde72c4fbf3be30eb28df3eead2a11f71354d3bfc8f8f623ea,2020-02,Norfolk Constabulary,Norfolk Constabulary,1.271663,52.644623,On or near Postle Mews,E01026828,Norwich 002A,Public order,Formal action is not in the public interest,
2c58743b6e97047b4698e9e6e6a3acd0562911c6d5bb4944d3b1faada31ddfc2,2020-02,Norfolk Constabulary,Norfolk Constabulary,1.270087,52.646294,On or near Pinder Close,E01026828,Norwich 002A,Violence and sexual offences,Unable to prosecute suspect,
e795ef7c8d7d837231bd7bbd24dc4ab549ec60562c2d50cced648cc32348038c,2020-02,Norfolk Constabulary,Norfolk Constabulary,1.272616,52.644516,On or near Valpy Avenue,E01026828,Norwich 002A,Violence and sexual offences,Court result unavailable,
92eafac6af5b800716c4ecaf89cde48a8ecb738f0840500fd0386640df78c337,2020-02,Norfolk Constabulary,Norfolk Constabulary,1.272616,52.644516,On or near Valpy Avenue,E01026828,Norwich 002A,Violence and sexual offences,Further action is not in the public interest,
,2020-02,Norfolk Constabulary,Norfolk Constabulary,1.279908,52.645744,On or near Shorncliffe Avenue,E01026829,Norwich 002B,Anti-social behaviour,,
,2020-02,Norfolk Constabulary,Norfolk Constabulary,1.278329,52.646966,On or near Half Mile Close,E01026829,Norwich 002B,Anti-social behaviour,,
,2020-02,Norfolk Constabulary,Norfolk Constabulary,1.283865,52.645670,On or near Aylsham Road,E01026829,Norwich 002B,Anti-social behaviour,,
22a67b4934ccd9564243b6a837ab61f75a255985747c7528a27085a1edad59c1,2020-02,Norfolk Constabulary,Norfolk Constabulary,1.283201,52.642127,On or near Boot Binders Road,E01026829,Norwich 002B,Burglary,Investigation complete; no suspect identified,
a4e9aa8b2746a1c8a6055aa287db8f28f0d258d1916c44d675cac8aa67949e27,2020-02,Norfolk Constabulary,Norfolk Constabulary,1.286460,52.645364,On or near Penn Grove,E01026829,Norwich 002B,Criminal damage and arson,Investigation complete; no suspect identified,
8732b142d5a5908b4aa38c0e4a9137f8e05a0393401e9621d450a6d344af5b4d,2020-02,Norfolk Constabulary,Norfolk Constabulary,1.283865,52.645670,On or near Aylsham Road,E01026829,Norwich 002B,Criminal damage and arson,Investigation complete; no suspect identified,
535c2d4aba2c61dd110955190d28184f7cca29f5af97313d0b8736af0db5d73b,2020-02,Norfolk Constabulary,Norfolk Constabulary,1.283865,52.645670,On or near Aylsham Road,E01026829,Norwich 002B,Robbery,Investigation complete; no suspect identified,
8b8796d58a428258d58d6409b2eb9d3d8ec70cddc39a2306e8ccaba4ee592165,2020-02,Norfolk Constabulary,Norfolk Constabulary,1.283865,52.645670,On or near Aylsham Road,E01026829,Norwich 002B,Robbery,Unable to prosecute suspect,
096422092c30dcf1dc10fcf2293f2ced125919c087760d64413f58315d3bbcaa,2020-02,Norfolk Constabulary,Norfolk Constabulary,1.282209,52.644871,On or near Junction Road,E01026829,Norwich 002B,Vehicle crime,Investigation complete; no suspect identified,
ae5c91faa7a4bc45d0af0365710072c5d3c03b4448ab46da8ee0ab501373bfd2,2020-02,Norfolk Constabulary,Norfolk Constabulary,1.283201,52.642127,On or near Boot Binders Road,E01026829,Norwich 002B,Violence and sexual offences,Investigation complete; no suspect identified,
f7b45c819e6fda767c25849ab13c75281efca4526d30df4f33f01f30b7c56158,2020-02,Norfolk Constabulary,Norfolk Constabulary,1.283865,52.645670,On or near Aylsham Road,E01026829,Norwich 002B,Violence and sexual offences,Unable to prosecute suspect,
5e3eb5b259f1be576ffa6f57443926d17f29a801641824062e83afe02dd86f7e,2020-02,Norfolk Constabulary,Norfolk Constabulary,1.278909,52.645241,On or near Berners Close,E01026829,Norwich 002B,Violence and sexual offences,Unable to prosecute suspect,
e49a61bf27042e40b2ce185f69067d585809c2a6e6a40d565fd62aee8d07f89a,2020-02,Norfolk Constabulary,Norfolk Constabulary,1.283201,52.642127,On or near Boot Binders Road,E01026829,Norwich 002B,Violence and sexual offences,Unable to prosecute suspect,
08730e3b314a0f8ac9966682ae4f9811051f715b7978067ccc0a033f99c27aaf,2020-02,Norfolk Constabulary,Norfolk Constabulary,1.281822,52.645835,On or near Shorncliffe Close,E01026829,Norwich 002B,Violence and sexual offences,Unable to prosecute suspect,
5cd81de7ca3e0bda4bffcedfa1f57e34991bf96aa198c4b9ecb34852d0bc09ae,2020-02,Norfolk Constabulary,Norfolk Constabulary,1.281822,52.645835,On or near Shorncliffe Close,E01026829,Norwich 002B,Violence and sexual offences,Unable to prosecute suspect,
5f788f8781da694c20368fffadbee24d47b9e40762e546dfc2f3dda291bf7c17,2020-02,Norfolk Constabulary,Norfolk Constabulary,1.283865,52.645670,On or near Aylsham Road,E01026829,Norwich 002B,Violence and sexual offences,Unable to prosecute suspect,
3b45979c35c203697f37e8ee13b9eaec079d4038d2bf5218cfc5a9972e473178,2020-02,Norfolk Constabulary,Norfolk Constabulary,1.279908,52.645744,On or near Shorncliffe Avenue,E01026829,Norwich 002B,Violence and sexual offences,Unable to prosecute suspect,
b1ff9103ab0f1aa974afdd5662bb47a2016d57e221989e0e92924a96c49ad219,2020-02,Norfolk Constabulary,Norfolk Constabulary,1.277353,52.646174,On or near Hansard Close,E01026829,Norwich 002B,Other crime,Awaiting court outcome,
beb549d1b86f9f700d18391a296440f3ac41ce767ee8e43bec1172182e038c52,2020-02,Norfolk Constabulary,Norfolk Constabulary,1.283201,52.642127,On or near Boot Binders Road,E01026829,Norwich 002B,Other crime,Further investigation is not in the public interest,
,2020-02,Norfolk Constabulary,Norfolk Constabulary,1.282076,52.644677,On or near Berners Street,E01026830,Norwich 002C,Anti-social behaviour,,
13be387c5e991fe6fe58f99f5aa461b0e8db28be2248eeccce9b9ff979d2fa08,2020-02,Norfolk Constabulary,Norfolk Constabulary,1.284982,52.642617,On or near Ropemakers Row,E01026830,Norwich 002C,Burglary,Court result unavailable,
a6d340f4fc0c4f83911eff5aa118c54a462aca624d1a9d72166b2c1711a870ce,2020-02,Norfolk Constabulary,Norfolk Constabulary,1.288771,52.648772,On or near Boston Street,E01026830,Norwich 002C,Burglary,Unable to prosecute suspect,
6493b789167cf483a44be277ffa3174be6182b66c924784358bfd2cd9199d583,2020-02,Norfolk Constabulary,Norfolk Constabulary,1.287638,52.647670,On or near Sleaford Green,E01026830,Norwich 002C,Criminal damage and arson,Unable to prosecute suspect,
7151d54c47de24a5a8ff36b15ca87647b9753c17dc5c77201ccc80f3f778772d,2020-02,Norfolk Constabulary,Norfolk Constabulary,1.287638,52.647670,On or near Sleaford Green,E01026830,Norwich 002C,Criminal damage and arson,Investigation complete; no suspect identified,
dc28e3cc5d38d9384d0f0a44eb6f0d7a5bd740b778752d6f83b27591c141c0d9,2020-02,Norfolk Constabulary,Norfolk Constabulary,1.284982,52.642617,On or near Ropemakers Row,E01026830,Norwich 002C,Drugs,Court result unavailable,
1940cc8b11f6d5e3c1476f6e6d0a99b01c75caf22b61f53af00f8e964e25fb9a,2020-02,Norfolk Constabulary,Norfolk Constabulary,1.284399,52.643326,On or near Stone Road,E01026830,Norwich 002C,Other theft,Investigation complete; no suspect identified,
45381c97cbda6206ff6315aafc823164198c5a3b642239a50aea9cf6ec78a51c,2020-02,Norfolk Constabulary,Norfolk Constabulary,1.284265,52.644103,On or near Press Lane,E01026830,Norwich 002C,Violence and sexual offences,Investigation complete; no suspect identified,
983cb08dabb09744fd20189d49aa3c3060f7fe475b61c36f5d97a1e3e72f15e3,2020-02,Norfolk Constabulary,Norfolk Constabulary,1.287638,52.647670,On or near Sleaford Green,E01026830,Norwich 002C,Violence and sexual offences,Unable to prosecute suspect,
caf020bc0d06cc8d9baa4dc84c7e23b0c6980e1856a2b444fff7ebb665f1bcaa,2020-02,Norfolk Constabulary,Norfolk Constabulary,1.288751,52.647135,On or near Philadelphia Lane,E01026830,Norwich 002C,Violence and sexual offences,Unable to prosecute suspect,
7f07df9940e60394b3cfc7e08b8cf1c3651f1a46f1925c6a7d245d9779972534,2020-02,Norfolk Constabulary,Norfolk Constabulary,1.286397,52.644134,On or near Waterloo Park Close,E01026830,Norwich 002C,Violence and sexual offences,Unable to prosecute suspect,
bc7e3cca10d9c43e3ca2a0ff9d535c6c4bbedd7aeaf82cb7d0d9c9aaaea7dd61,2020-02,Norfolk Constabulary,Norfolk Constabulary,1.284399,52.643326,On or near Stone Road,E01026830,Norwich 002C,Violence and sexual offences,Unable to prosecute suspect,
8a4dec2b29fcfe14eabeb602ed63517febcef33994bb43ce3094442f1d02987d,2020-02,Norfolk Constabulary,Norfolk Constabulary,1.284399,52.643326,On or near Stone Road,E01026830,Norwich 002C,Violence and sexual offences,Investigation complete; no suspect identified,
3bcea0f1d9f73d931924b2ef477d4fbbe4e5ed0ceb9b4fc8fbe4fca907335d53,2020-02,Norfolk Constabulary,Norfolk Constabulary,1.287638,52.647670,On or near Sleaford Green,E01026830,Norwich 002C,Violence and sexual offences,Unable to prosecute suspect,
a42a523977f343e9a85febe3b0e4d2e2fbcb40e207a81d7b17670784d27298a7,2020-02,Norfolk Constabulary,Norfolk Constabulary,1.288751,52.647135,On or near Philadelphia Lane,E01026830,Norwich 002C,Violence and sexual offences,Unable to prosecute suspect,
75a95d781bf7dff90d9f38407d8974839ec1b264b399ac64581d09afd4fda70c,2020-02,Norfolk Constabulary,Norfolk Constabulary,1.288751,52.647135,On or near Philadelphia Lane,E01026830,Norwich 002C,Violence and sexual offences,Unable to prosecute suspect,
63ec06297698eb2992254c5ef59d0b622c8eb0c1299f5c7447c821d44cfe0c7e,2020-02,Norfolk Constabulary,Norfolk Constabulary,1.284265,52.644103,On or near Press Lane,E01026830,Norwich 002C,Violence and sexual offences,Unable to prosecute suspect,
8a081eb2638dacee07162c57f3407ded41a9f3e886a731b52de138e4e607c3da,2020-02,Norfolk Constabulary,Norfolk Constabulary,1.287638,52.647670,On or near Sleaford Green,E01026830,Norwich 002C,Violence and sexual offences,Unable to prosecute suspect,
b0a3537364e15fb044ee37bb1694a50c233dfc453b46c49d5b27dc84751f1a4d,2020-02,Norfolk Constabulary,Norfolk Constabulary,1.288751,52.647135,On or near Philadelphia Lane,E01026830,Norwich 002C,Violence and sexual offences,Action to be taken by another organisation,
029a26fe0f8254cd70536769f997abd70a08d447ae693080ae2e3976e8e81551,2020-02,Norfolk Constabulary,Norfolk Constabulary,1.290561,52.641509,On or near Eade Road,E01026831,Norwich 002D,Bicycle theft,Investigation complete; no suspect identified,
78f839f94617ee72f98e8c7a3ca77ee12954865abd7f682a10442c2e13c1280a,2020-02,Norfolk Constabulary,Norfolk Constabulary,1.288447,52.640525,On or near Drayton Road,E01026831,Norwich 002D,Vehicle crime,Investigation complete; no suspect identified,
93309b6391bbb09521da3ff3514ab7ae0a3dfc1705b8bebf088fd287e51f47d8,2020-02,Norfolk Constabulary,Norfolk Constabulary,1.289790,52.641863,On or near Sports/Recreation Area,E01026831,Norwich 002D,Violence and sexual offences,Formal action is not in the public interest,
8198f5be155f898284cc6d77aed4262e88871da61123f04b30797fbced319619,2020-02,Norfolk Constabulary,Norfolk Constabulary,1.273804,52.654871,On or near Gowing Court,E01026832,Norwich 002E,Criminal damage and arson,Further action is not in the public interest,
31215e2186295e76e03af6baa56039a17e38f4222708c21ce458655fb1b2ffee,2020-02,Norfolk Constabulary,Norfolk Constabulary,1.273804,52.654871,On or near Gowing Court,E01026832,Norwich 002E,Public order,Further action is not in the public interest,
de09191430022621c67809c38ebd3fd5f54a2236258fdd4640a3bcb3fdeea16c,2020-02,Norfolk Constabulary,Norfolk Constabulary,1.274959,52.654902,On or near Marshall Road,E01026832,Norwich 002E,Public order,Unable to prosecute suspect,
7c0435fdc694fcaf4f991045d0c179b3d94fae3d0ec60cd2e57eac42092fa2a4,2020-02,Norfolk Constabulary,Norfolk Constabulary,1.276442,52.652378,On or near Chambers Road,E01026832,Norwich 002E,Violence and sexual offences,Unable to prosecute suspect,
05748d9d254ebdca5edd6747e0934cb439705506665ff09bcfb2ef1c7e42c2d3,2020-02,Norfolk Constabulary,Norfolk Constabulary,1.273804,52.654871,On or near Gowing Court,E01026832,Norwich 002E,Violence and sexual offences,Unable to prosecute suspect,
cda9ec35c8104adc72a58706609152a156bfc445be9474d814bf692e0b08626e,2020-02,Norfolk Constabulary,Norfolk Constabulary,1.274959,52.654902,On or near Marshall Road,E01026832,Norwich 002E,Violence and sexual offences,Unable to prosecute suspect,
421e71cfffab3a1d3f931bbd9060f0aae3d7d1d0330cb7d962abe8ffbe16aa71,2020-02,Norfolk Constabulary,Norfolk Constabulary,1.274959,52.654902,On or near Marshall Road,E01026832,Norwich 002E,Violence and sexual offences,Unable to prosecute suspect,
79ff945a25018419a0bcb621fe9ea0f8694be3340fce495565622f43c4229ff7,2020-02,Norfolk Constabulary,Norfolk Constabulary,1.274959,52.654902,On or near Marshall Road,E01026832,Norwich 002E,Violence and sexual offences,Unable to prosecute suspect,
c7f72977a4aa8d3113ca087cdab236d4d92ec058eaba1da295c3c8f28a3a318f,2020-02,Norfolk Constabulary,Norfolk Constabulary,1.273743,52.653271,On or near Civic Gardens,E01026832,Norwich 002E,Violence and sexual offences,Action to be taken by another organisation,
133a4a84ffb770cb18c8922c4b403747acd8c79c81fa226bda807eb24c07772a,2020-02,Norfolk Constabulary,Norfolk Constabulary,1.273743,52.653271,On or near Civic Gardens,E01026832,Norwich 002E,Violence and sexual offences,Action to be taken by another organisation,
a6818676ce8a2977eb84651e3c6d38b4feab3529eb04988256c6bcad34957435,2020-02,Norfolk Constabulary,Norfolk Constabulary,1.274959,52.654902,On or near Marshall Road,E01026832,Norwich 002E,Violence and sexual offences,Unable to prosecute suspect,
24744ba193f6f891410d2c459d4b9199107dcdeb951ab0de6615b4aaa6b74bf5,2020-02,Norfolk Constabulary,Norfolk Constabulary,1.273743,52.653271,On or near Civic Gardens,E01026832,Norwich 002E,Violence and sexual offences,Action to be taken by another organisation,
35dc7516655e99a03bfb0bf563cf0fc7f5aaa6d73f0ec51f0414b2175992c178,2020-02,Norfolk Constabulary,Norfolk Constabulary,1.276522,52.655821,On or near Spynke Road,E01026832,Norwich 002E,Violence and sexual offences,Unable to prosecute suspect,
,2020-02,Norfolk Constabulary,Norfolk Constabulary,1.271160,52.652740,On or near Mitre Court,E01026833,Norwich 002F,Anti-social behaviour,,
,2020-02,Norfolk Constabulary,Norfolk Constabulary,1.270471,52.648460,On or near Bowers Close,E01026833,Norwich 002F,Anti-social behaviour,,
,2020-02,Norfolk Constabulary,Norfolk Constabulary,1.270471,52.648460,On or near Bowers Close,E01026833,Norwich 002F,Anti-social behaviour,,
bd5191a17757566a2ef2b157fb1f68528747db25f5e215a41351771161dc7ce7,2020-02,Norfolk Constabulary,Norfolk Constabulary,1.271160,52.652740,On or near Mitre Court,E01026833,Norwich 002F,Bicycle theft,Investigation complete; no suspect identified,
1973caefbc44c62f8c0e9520be0d77936ddfc483e814a6acd422663663ba4842,2020-02,Norfolk Constabulary,Norfolk Constabulary,1.269334,52.654230,On or near Boundary Road,E01026833,Norwich 002F,Burglary,Investigation complete; no suspect identified,
0f156fedafb138ac7c8905710f50fa13ebc06b128639dd1ebe5dd2b1f9fc6eed,2020-02,Norfolk Constabulary,Norfolk Constabulary,1.271160,52.652740,On or near Mitre Court,E01026833,Norwich 002F,Criminal damage and arson,Awaiting court outcome,
1017e7cd7cab538fc0df45b852af3ce8d69d5868ba8d464b2f864d1c7d645194,2020-02,Norfolk Constabulary,Norfolk Constabulary,1.269334,52.654230,On or near Boundary Road,E01026833,Norwich 002F,Criminal damage and arson,Investigation complete; no suspect identified,
68387de21922c0eaff8c02cb80202abe71fb5c0d03bc9d03241699c624876125,2020-02,Norfolk Constabulary,Norfolk Constabulary,1.272194,52.655104,On or near Boundary Road,E01026833,Norwich 002F,Criminal damage and arson,Investigation complete; no suspect identified,
f9c870b5a79bd978851c9ac7b1894fa8020d7e87896e08d07324df102eddf061,2020-02,Norfolk Constabulary,Norfolk Constabulary,1.269920,52.651183,On or near Bowers Avenue,E01026833,Norwich 002F,Drugs,Court result unavailable,
e05c2ae368859731dae4416599968d7020adf07e9965c4d6352ff735a0cf954f,2020-02,Norfolk Constabulary,Norfolk Constabulary,1.272194,52.655104,On or near Boundary Road,E01026833,Norwich 002F,Other theft,Unable to prosecute suspect,
9b20090498ce637fad6dfd46152a29428357d7622a658169a0a6634a9e2d6ea4,2020-02,Norfolk Constabulary,Norfolk Constabulary,1.269920,52.651183,On or near Bowers Avenue,E01026833,Norwich 002F,Possession of weapons,Court result unavailable,
8d0203deeb3f112dd25079dc6dc3cfbca670294ae4fb8eec97b1f265878e30d0,2020-02,Norfolk Constabulary,Norfolk Constabulary,1.269920,52.651183,On or near Bowers Avenue,E01026833,Norwich 002F,Possession of weapons,Court result unavailable,
086bf9c4220f0dfdb44976e52a134647b749dc07cdfec0a8caf2b4c428c5f5cb,2020-02,Norfolk Constabulary,Norfolk Constabulary,1.271972,52.649552,On or near Bignold Road,E01026833,Norwich 002F,Public order,Unable to prosecute suspect,
9100418c9052a9b283232a2fb22d5744c6b56f71e7b0338c1d890e79a2845484,2020-02,Norfolk Constabulary,Norfolk Constabulary,1.271972,52.649552,On or near Bignold Road,E01026833,Norwich 002F,Public order,Investigation complete; no suspect identified,
0fd5cc70fb5b8f8ee2798a5f4a4736f2275bdbd625849c5021e3415e79cb71b5,2020-02,Norfolk Constabulary,Norfolk Constabulary,1.272194,52.655104,On or near Boundary Road,E01026833,Norwich 002F,Vehicle crime,Unable to prosecute suspect,
7a8383f61bbc923e4cee02437f72af624d218c72d359c89744934e13f9d1e23e,2020-02,Norfolk Constabulary,Norfolk Constabulary,1.271160,52.652740,On or near Mitre Court,E01026833,Norwich 002F,Violence and sexual offences,Unable to prosecute suspect,
45f4b794e19e79576472d3afafe6722bdbc2e35df6d34bc6b539bc869391bac8,2020-02,Norfolk Constabulary,Norfolk Constabulary,1.271160,52.652740,On or near Mitre Court,E01026833,Norwich 002F,Violence and sexual offences,Investigation complete; no suspect identified,
882e55004e95224b491f0896b390208cc7532dfcfbd56bb2959502df1fa5e927,2020-02,Norfolk Constabulary,Norfolk Constabulary,1.270243,52.649177,On or near Bulmer Road,E01026833,Norwich 002F,Violence and sexual offences,Unable to prosecute suspect,
08aed04e99585328f87ab032e09c356c2ab2c1ca5c9f5e354af2ac8819d186e8,2020-02,Norfolk Constabulary,Norfolk Constabulary,1.269334,52.654230,On or near Boundary Road,E01026833,Norwich 002F,Violence and sexual offences,Unable to prosecute suspect,
3871dfeddaf3cb5c5cb696f29464e061f4a8f1f0e96185dee16894b87ad55a49,2020-02,Norfolk Constabulary,Norfolk Constabulary,1.271160,52.652740,On or near Mitre Court,E01026833,Norwich 002F,Violence and sexual offences,Unable to prosecute suspect,
8ef4bfe7997c27866ed6e0e33cab110f0266ea80016b287ee3f75ff85a122c36,2020-02,Norfolk Constabulary,Norfolk Constabulary,1.269920,52.651183,On or near Bowers Avenue,E01026833,Norwich 002F,Violence and sexual offences,Unable to prosecute suspect,
8a282eb13fdc610232266a39e54d18d24e51bfe0df916f485e14de6637477612,2020-02,Norfolk Constabulary,Norfolk Constabulary,1.271972,52.649552,On or near Bignold Road,E01026833,Norwich 002F,Violence and sexual offences,Unable to prosecute suspect,
c98a060e28d8cd89c967998386290875d6745f7a09189a14424fe31945434c85,2020-02,Norfolk Constabulary,Norfolk Constabulary,1.271972,52.649552,On or near Bignold Road,E01026833,Norwich 002F,Violence and sexual offences,Investigation complete; no suspect identified,
c6bb36c1f3a1b358ba4f3847dff3d90f04653f3672b1ed5d687b65bf061368dc,2020-02,Norfolk Constabulary,Norfolk Constabulary,1.269920,52.651183,On or near Bowers Avenue,E01026833,Norwich 002F,Violence and sexual offences,Unable to prosecute suspect,
1a953d756c92229cb9c3877809254db6f28ef10f492aa3b71b8d10e402178766,2020-02,Norfolk Constabulary,Norfolk Constabulary,1.271012,52.650757,On or near Lefroy Road,E01026833,Norwich 002F,Violence and sexual offences,Formal action is not in the public interest,
09dfe98dc0be33c88dd528d776e227dad13d335d5adcc992b141c2a578f02b72,2020-02,Norfolk Constabulary,Norfolk Constabulary,1.269920,52.651183,On or near Bowers Avenue,E01026833,Norwich 002F,Violence and sexual offences,Awaiting court outcome,
60fb80b6216188cc4d22e926e466f2e01e43ffa46e9c02c6f40116410b22fa41,2020-02,Norfolk Constabulary,Norfolk Constabulary,1.272194,52.655104,On or near Boundary Road,E01026833,Norwich 002F,Violence and sexual offences,Unable to prosecute suspect,
960ca283d92fb198149999e36b2d961f7a688e70860f36b118d32b5915983b47,2020-02,Norfolk Constabulary,Norfolk Constabulary,1.269920,52.651183,On or near Bowers Avenue,E01026833,Norwich 002F,Violence and sexual offences,Awaiting court outcome,
e4cc61349ebf7c269002c6c98a6a6f481744884ae769874ac062d621a6d2d70b,2020-02,Norfolk Constabulary,Norfolk Constabulary,1.270243,52.649177,On or near Bulmer Road,E01026833,Norwich 002F,Violence and sexual offences,Unable to prosecute suspect,
,2020-02,Norfolk Constabulary,Norfolk Constabulary,1.272903,52.649158,On or near Gresham Road,E01026834,Norwich 002G,Anti-social behaviour,,
,2020-02,Norfolk Constabulary,Norfolk Constabulary,1.272903,52.649158,On or near Gresham Road,E01026834,Norwich 002G,Anti-social behaviour,,
,2020-02,Norfolk Constabulary,Norfolk Constabulary,1.272903,52.649158,On or near Gresham Road,E01026834,Norwich 002G,Anti-social behaviour,,
,2020-02,Norfolk Constabulary,Norfolk Constabulary,1.274165,52.650013,On or near Peterson Road,E01026834,Norwich 002G,Anti-social behaviour,,
,2020-02,Norfolk Constabulary,Norfolk Constabulary,1.272903,52.649158,On or near Gresham Road,E01026834,Norwich 002G,Anti-social behaviour,,
b8e2207bf34e997f61996e18c019d1c030e88946318c7b2c443f2c0656cfe000,2020-02,Norfolk Constabulary,Norfolk Constabulary,1.276129,52.649185,On or near Oxnead Road,E01026834,Norwich 002G,Burglary,Status update unavailable,
94f627ea7cc22058f994505d08ac05d89ad8f986424187b52d727d49f018f8c0,2020-02,Norfolk Constabulary,Norfolk Constabulary,1.272903,52.649158,On or near Gresham Road,E01026834,Norwich 002G,Criminal damage and arson,Unable to prosecute suspect,
51958fab564826895d018961971d4813566eb39c90bc51f49b0a47c20fe226cf,2020-02,Norfolk Constabulary,Norfolk Constabulary,1.272903,52.649158,On or near Gresham Road,E01026834,Norwich 002G,Criminal damage and arson,Unable to prosecute suspect,
92073978ff4c4bfadd7d88f67d04ce284e5e57a06c24fd0eec4506315e29a71c,2020-02,Norfolk Constabulary,Norfolk Constabulary,1.272903,52.649158,On or near Gresham Road,E01026834,Norwich 002G,Criminal damage and arson,Investigation complete; no suspect identified,
4e44b5d3b857fcea773b624b01ddefb0308a28acf9a6d23ea6201f27d526661a,2020-02,Norfolk Constabulary,Norfolk Constabulary,1.272903,52.649158,On or near Gresham Road,E01026834,Norwich 002G,Criminal damage and arson,Unable to prosecute suspect,
de76bd554dfafa14c0b2496ca4bacf83796ef303a7cd2ffd5d8445fc0a360fa6,2020-02,Norfolk Constabulary,Norfolk Constabulary,1.274165,52.650013,On or near Peterson Road,E01026834,Norwich 002G,Public order,Unable to prosecute suspect,
9807f0e70ecb47729623419619fe0e7b7f213d8e34d26b436b570093d4d21b2f,2020-02,Norfolk Constabulary,Norfolk Constabulary,1.280139,52.648625,On or near Glenmore Gardens,E01026834,Norwich 002G,Public order,Unable to prosecute suspect,
a094b1ebe7dfdfeb7548ebad3cc8338c65ddfd74df0b2e3ca5cbca536d920582,2020-02,Norfolk Constabulary,Norfolk Constabulary,1.280139,52.648625,On or near Glenmore Gardens,E01026834,Norwich 002G,Public order,Unable to prosecute suspect,
a0e4c1a2f04e89952325c5f8452b6efdaa8ec781dd782a4c21f267c7509a9d96,2020-02,Norfolk Constabulary,Norfolk Constabulary,1.280139,52.648625,On or near Glenmore Gardens,E01026834,Norwich 002G,Public order,Unable to prosecute suspect,
2fc76fbed5b8032d1accafcdf12e846bc328ddfacfcd91b6e983dc31dc009fb4,2020-02,Norfolk Constabulary,Norfolk Constabulary,1.280139,52.648625,On or near Glenmore Gardens,E01026834,Norwich 002G,Robbery,Unable to prosecute suspect,
d97ec5f35685e5147ecb8218508ffe6a1529aa2425419cf4411b796557739a23,2020-02,Norfolk Constabulary,Norfolk Constabulary,1.280139,52.648625,On or near Glenmore Gardens,E01026834,Norwich 002G,Theft from the person,Investigation complete; no suspect identified,
bf56a9c16ef686ef71faf260fe69a48eb8af164ed42a56709f807e1ac580c30d,2020-02,Norfolk Constabulary,Norfolk Constabulary,1.280139,52.648625,On or near Glenmore Gardens,E01026834,Norwich 002G,Violence and sexual offences,Unable to prosecute suspect,
35939686cf5206ce1ab262918dbb5f203d74d500ebf69de656c9a6cca2704e9c,2020-02,Norfolk Constabulary,Norfolk Constabulary,1.280139,52.648625,On or near Glenmore Gardens,E01026834,Norwich 002G,Violence and sexual offences,Unable to prosecute suspect,
14f14c4ffa7ce270dcdc3c4a9361e9f4d91d2c4e78c17a32d60cfe5838206c00,2020-02,Norfolk Constabulary,Norfolk Constabulary,1.280139,52.648625,On or near Glenmore Gardens,E01026834,Norwich 002G,Violence and sexual offences,Status update unavailable,
4e9f210ff04d1d54222ae90d22643e14524f86133d6d19b2cc40d2d7139a4c69,2020-02,Norfolk Constabulary,Norfolk Constabulary,1.277822,52.649282,On or near Woodward Road,E01026834,Norwich 002G,Violence and sexual offences,Court result unavailable,
29d45af1662a329d552f289199da828afefd1bde0ae993ad93e8448df9f683f6,2020-02,Norfolk Constabulary,Norfolk Constabulary,1.277822,52.649282,On or near Woodward Road,E01026834,Norwich 002G,Violence and sexual offences,Unable to prosecute suspect,
11ed9ca35e8dba5e55cf1628a7b6ca14e0d80059cfab95f046cdc2329732d3d3,2020-02,Norfolk Constabulary,Norfolk Constabulary,1.280139,52.648625,On or near Glenmore Gardens,E01026834,Norwich 002G,Violence and sexual offences,Court result unavailable,
f35ffdb1e1f99a8808558f66710d5552ca270210b7ffa07584c2b39f2ad30f61,2020-02,Norfolk Constabulary,Norfolk Constabulary,1.277822,52.649282,On or near Woodward Road,E01026834,Norwich 002G,Violence and sexual offences,Unable to prosecute suspect,
6899fd282f928122f308b2aa97420eb9f846ba81d51c264dc56befbde7da13ba,2020-02,Norfolk Constabulary,Norfolk Constabulary,1.277822,52.649282,On or near Woodward Road,E01026834,Norwich 002G,Violence and sexual offences,Unable to prosecute suspect,
6238fe3f80e27acc8e2bb2633bfcb59da73923f28d2a52a7ea2dd2e3ae76c095,2020-02,Norfolk Constabulary,Norfolk Constabulary,1.272903,52.649158,On or near Gresham Road,E01026834,Norwich 002G,Violence and sexual offences,Court result unavailable,
3d07abf8d3e39f7b8248ee6278ea4e154ccb16cc532202dff5731e58ad098e1c,2020-02,Norfolk Constabulary,Norfolk Constabulary,1.280139,52.648625,On or near Glenmore Gardens,E01026834,Norwich 002G,Violence and sexual offences,Formal action is not in the public interest,
a9f02ec6c4fcf45fe6de7dc7d2eb4453d2b87f9bcdcbe1157fb40ea5b4356771,2020-02,Norfolk Constabulary,Norfolk Constabulary,1.272903,52.649158,On or near Gresham Road,E01026834,Norwich 002G,Violence and sexual offences,Unable to prosecute suspect,
6127e5a57eac6c6bdb3bf89d88273e1af3acf2242fd55a43bb0acb7466c18303,2020-02,Norfolk Constabulary,Norfolk Constabulary,1.277822,52.649282,On or near Woodward Road,E01026834,Norwich 002G,Violence and sexual offences,Unable to prosecute suspect,
74427bc03832339e0d1ef9378ed13a540a5fc99ddef605e5335ba715be21832a,2020-02,Norfolk Constabulary,Norfolk Constabulary,1.301005,52.638448,On or near Wodehouse Street,E01026841,Norwich 003A,Bicycle theft,Investigation complete; no suspect identified,
6accc54798239a5cfe63f6d7be53d451caa5477df4a9110ba50083c5bb6a3b6b,2020-02,Norfolk Constabulary,Norfolk Constabulary,1.302678,52.640632,On or near Silver Road,E01026841,Norwich 003A,Burglary,Investigation complete; no suspect identified,
d47abd54612d44ad7ff1cbceddb8b4e02024db4582044accb973ac080c118ce8,2020-02,Norfolk Constabulary,Norfolk Constabulary,1.302678,52.640632,On or near Silver Road,E01026841,Norwich 003A,Criminal damage and arson,Investigation complete; no suspect identified,
f9a2f890212a5aadf6fefc22837e2e0f452b7609e091940dfd75160fbc3ca65d,2020-02,Norfolk Constabulary,Norfolk Constabulary,1.301005,52.638448,On or near Wodehouse Street,E01026841,Norwich 003A,Criminal damage and arson,Unable to prosecute suspect,
20180761e35c48a4cd3ca0c342b7040f55b565afc5ea0bc5381c2219034a56e7,2020-02,Norfolk Constabulary,Norfolk Constabulary,1.302678,52.640632,On or near Silver Road,E01026841,Norwich 003A,Criminal damage and arson,Court result unavailable,
11815e0b64ab751277637a21bef3b5d17bf7c5f394256e9da036ff20bd72f440,2020-02,Norfolk Constabulary,Norfolk Constabulary,1.302678,52.640632,On or near Silver Road,E01026841,Norwich 003A,Criminal damage and arson,Court result unavailable,
3cf5caff5a0d0eb2e3559088c7efde9421ccc3b773286d079341d26260d3b370,2020-02,Norfolk Constabulary,Norfolk Constabulary,1.302678,52.640632,On or near Silver Road,E01026841,Norwich 003A,Criminal damage and arson,Investigation complete; no suspect identified,
0d25d530d7ec73c82596c9a31bf183899973f2b27516f033db3afbea3f84e0cc,2020-02,Norfolk Constabulary,Norfolk Constabulary,1.302678,52.640632,On or near Silver Road,E01026841,Norwich 003A,Public order,Unable to prosecute suspect,
83a87c2f85ed0a98fa347c31725c0e3c5a675f6e8ec06f66a880bb01dd1914b2,2020-02,Norfolk Constabulary,Norfolk Constabulary,1.302678,52.640632,On or near Silver Road,E01026841,Norwich 003A,Public order,Status update unavailable,
ca9bd72b1de063540eb08837c09772aa3b2e701bebd8df56c7456e8d2a33b695,2020-02,Norfolk Constabulary,Norfolk Constabulary,1.302678,52.640632,On or near Silver Road,E01026841,Norwich 003A,Violence and sexual offences,Unable to prosecute suspect,
f50c044e0924654095df5c190b75441b62df30ea348193256d0ae70659ba0b7c,2020-02,Norfolk Constabulary,Norfolk Constabulary,1.299763,52.640012,On or near Beaconsfield Road,E01026841,Norwich 003A,Violence and sexual offences,Unable to prosecute suspect,
32beb8937ac98ebb9a0b2c8ed252c2693866b710c78d62f4452a84fbabe7fb0d,2020-02,Norfolk Constabulary,Norfolk Constabulary,1.299729,52.640346,On or near Spencer Street,E01026841,Norwich 003A,Violence and sexual offences,Investigation complete; no suspect identified,
93df949212362d5452a873534f7322d4490114253ea11f5a4f6df5c5c8b7376e,2020-02,Norfolk Constabulary,Norfolk Constabulary,1.299069,52.644348,On or near Howard Mews,E01026842,Norwich 003B,Bicycle theft,Investigation complete; no suspect identified,
2c06be93244c3d0f93c738638a7d4aea9ad9863eaa203b8ebe29c6560579743f,2020-02,Norfolk Constabulary,Norfolk Constabulary,1.298518,52.644094,On or near Halcombe Court,E01026842,Norwich 003B,Criminal damage and arson,Investigation complete; no suspect identified,
ac979589fa0536ec4a9b6d16cf8326b576831437363af52c203d80e53ebdd043,2020-02,Norfolk Constabulary,Norfolk Constabulary,1.303345,52.646342,On or near Sprowston Road,E01026842,Norwich 003B,Criminal damage and arson,Investigation complete; no suspect identified,
3303e973f19e08d058ef25b249a712eb42f7d43ecabda223c51b1175fa2e233b,2020-02,Norfolk Constabulary,Norfolk Constabulary,1.301734,52.645371,On or near Denmark Opening,E01026842,Norwich 003B,Drugs,Awaiting court outcome,
9381a7bef4b84ce697f5eec343d3b37db2b497ec66d8d24fd3f597714c4c37a5,2020-02,Norfolk Constabulary,Norfolk Constabulary,1.301734,52.645371,On or near Denmark Opening,E01026842,Norwich 003B,Shoplifting,Investigation complete; no suspect identified,
9829facb3ddc2edf17c083a83d272e0d43e29641f182391e6940c7b521420448,2020-02,Norfolk Constabulary,Norfolk Constabulary,1.301734,52.645371,On or near Denmark Opening,E01026842,Norwich 003B,Shoplifting,Action to be taken by another organisation,
cc030b879bc09fb02deb5d81315118c67c02bfc44ff3fb2e8da79eca0d780b32,2020-02,Norfolk Constabulary,Norfolk Constabulary,1.301734,52.645371,On or near Denmark Opening,E01026842,Norwich 003B,Shoplifting,Unable to prosecute suspect,
24145123de000556b8c78dd5296831038df049f4484ff043ae97ba701d592511,2020-02,Norfolk Constabulary,Norfolk Constabulary,1.301734,52.645371,On or near Denmark Opening,E01026842,Norwich 003B,Shoplifting,Investigation complete; no suspect identified,
276d03cda71d4071f59a6007e969ff8c4e86e3f1d0504b29e14d3f00bdf08778,2020-02,Norfolk Constabulary,Norfolk Constabulary,1.301734,52.645371,On or near Denmark Opening,E01026842,Norwich 003B,Shoplifting,Unable to prosecute suspect,
f3b1c9715fc8751a6ccc8d17c88b05af24450ab7700923b81fed40b569e493b1,2020-02,Norfolk Constabulary,Norfolk Constabulary,1.301734,52.645371,On or near Denmark Opening,E01026842,Norwich 003B,Shoplifting,Investigation complete; no suspect identified,
35815f768c006eb4ed3b66e150cfabc6b7855c244828fd9a5821d5cdbdb97e79,2020-02,Norfolk Constabulary,Norfolk Constabulary,1.301734,52.645371,On or near Denmark Opening,E01026842,Norwich 003B,Shoplifting,Investigation complete; no suspect identified,
99433b894ab20906a91046333a3989056e2a32873223ec01bf11d043dbe29dff,2020-02,Norfolk Constabulary,Norfolk Constabulary,1.301734,52.645371,On or near Denmark Opening,E01026842,Norwich 003B,Shoplifting,Investigation complete; no suspect identified,
3caad1cf76f5f782c0ea8a24d74b6f555ed24d0f88b8f5e9365a8c4e328a20f4,2020-02,Norfolk Constabulary,Norfolk Constabulary,1.301734,52.645371,On or near Denmark Opening,E01026842,Norwich 003B,Shoplifting,Investigation complete; no suspect identified,
80e89b01cc283fedddc2ae838101e7d5c8940d3938355e7def64bf467fee71eb,2020-02,Norfolk Constabulary,Norfolk Constabulary,1.301734,52.645371,On or near Denmark Opening,E01026842,Norwich 003B,Shoplifting,Unable to prosecute suspect,
1e4b259ec01f6d022a6712aaa8477a4a04ff00119f2193ed134b5420e51e5cc7,2020-02,Norfolk Constabulary,Norfolk Constabulary,1.301734,52.645371,On or near Denmark Opening,E01026842,Norwich 003B,Shoplifting,Unable to prosecute suspect,
6976d616b5116f473ad0abbc37eec5d1058fe437cf7cda4b1d197f92a8c81bc2,2020-02,Norfolk Constabulary,Norfolk Constabulary,1.302634,52.644168,On or near Bellingham Court,E01026842,Norwich 003B,Violence and sexual offences,Unable to prosecute suspect,
a24ce57c10cb73b6d8208e6234318875009ec2a85e9d88309022be28c6623778,2020-02,Norfolk Constabulary,Norfolk Constabulary,1.299699,52.644654,On or near Denmark Road,E01026842,Norwich 003B,Violence and sexual offences,Unable to prosecute suspect,
73c01203124a95a2c10870208cdf49922b838a7688d358d2f683d375473c4f34,2020-02,Norfolk Constabulary,Norfolk Constabulary,1.300898,52.644090,On or near Maurice Raes Close,E01026842,Norwich 003B,Violence and sexual offences,Unable to prosecute suspect,
a1321f87f73d6659b91019c00344780bc14d655232a92049655380bb63ba825f,2020-02,Norfolk Constabulary,Norfolk Constabulary,1.300898,52.644090,On or near Maurice Raes Close,E01026842,Norwich 003B,Violence and sexual offences,Unable to prosecute suspect,
829c31b3ff8d53151977f00f47e01ed2fa06ac2dc67bc6c18f32e200625f3be5,2020-02,Norfolk Constabulary,Norfolk Constabulary,1.292722,52.648032,On or near Rectory Court,E01026843,Norwich 003C,Burglary,Investigation complete; no suspect identified,
3f17f9ec56131ac6f3e8494d146dad3ebcb35ce221ca064b27e0904dd682c5e4,2020-02,Norfolk Constabulary,Norfolk Constabulary,1.293672,52.648465,On or near Elm Grove Lane,E01026843,Norwich 003C,Burglary,Investigation complete; no suspect identified,
d877871205ee56f52c703171c8b0258b55410c4377c09f027fa7f12a6d7eb247,2020-02,Norfolk Constabulary,Norfolk Constabulary,1.292722,52.648032,On or near Rectory Court,E01026843,Norwich 003C,Burglary,Investigation complete; no suspect identified,
9dd446d6c12c8b160000f88052ffb053ecb33d2e87a7b3c10b10d43b9689f841,2020-02,Norfolk Constabulary,Norfolk Constabulary,1.296323,52.643606,On or near Clare Close,E01026843,Norwich 003C,Drugs,Offender given a drugs possession warning,
432044df8232aae0ff7dcc14b4625c2b628ab3e9f690cf0bea880f4d74d5e4d0,2020-02,Norfolk Constabulary,Norfolk Constabulary,1.300231,52.650153,On or near Wall Road,E01026843,Norwich 003C,Shoplifting,Unable to prosecute suspect,
21917a6821cf6f28f539069ef79c826c060ec4fd800efe559cbe98e4c59b23da,2020-02,Norfolk Constabulary,Norfolk Constabulary,1.300231,52.650153,On or near Wall Road,E01026843,Norwich 003C,Shoplifting,Unable to prosecute suspect,
1699e6349a41d0415de58c206087cc15710eab084da6f4ea5b04973780d3ce31,2020-02,Norfolk Constabulary,Norfolk Constabulary,1.300231,52.650153,On or near Wall Road,E01026843,Norwich 003C,Shoplifting,Unable to prosecute suspect,
fcdf4e8d9870e655f605281ce574d3173cfc72b3f4778424f4075130d4c21586,2020-02,Norfolk Constabulary,Norfolk Constabulary,1.296323,52.643606,On or near Clare Close,E01026843,Norwich 003C,Vehicle crime,Investigation complete; no suspect identified,
93fdd6c6cb1268343796933cf2f567860fe361ee77665c12a16b2f1da938c330,2020-02,Norfolk Constabulary,Norfolk Constabulary,1.294915,52.644554,On or near Norman Road,E01026843,Norwich 003C,Violence and sexual offences,Action to be taken by another organisation,
5e41df68c11845b67b7d64eabdc98385d558fbd7d42d94b407dfb185613f3568,2020-02,Norfolk Constabulary,Norfolk Constabulary,1.294915,52.644554,On or near Norman Road,E01026843,Norwich 003C,Violence and sexual offences,Action to be taken by another organisation,
4c79006d1934b957477e825b97b9d0e87d6c585ae913d7cb678103e63fbda9d5,2020-02,Norfolk Constabulary,Norfolk Constabulary,1.292294,52.645877,On or near Wild Road,E01026843,Norwich 003C,Violence and sexual offences,Unable to prosecute suspect,
1634f2cdb73cbd6b9dd50e6178b362c1f6b6a9007db69f1368f1937fe8fecef1,2020-02,Norfolk Constabulary,Norfolk Constabulary,1.292294,52.645877,On or near Wild Road,E01026843,Norwich 003C,Violence and sexual offences,Awaiting court outcome,
82bec897710d1cdf9531e45c8d3e91f279eee35a69b997bd44ebec142c347181,2020-02,Norfolk Constabulary,Norfolk Constabulary,1.294915,52.644554,On or near Norman Road,E01026843,Norwich 003C,Violence and sexual offences,Action to be taken by another organisation,
ce5b6b20a52b4cb3112c25229486c02eecb8f260a80faf47497b3fba88ee14c0,2020-02,Norfolk Constabulary,Norfolk Constabulary,1.296323,52.643606,On or near Clare Close,E01026843,Norwich 003C,Violence and sexual offences,Unable to prosecute suspect,
d955bfbea134a8f58d493be0aaba218963f836c490c684795dd27f8cd83c42b0,2020-02,Norfolk Constabulary,Norfolk Constabulary,1.295289,52.646180,On or near Afghan Place,E01026843,Norwich 003C,Violence and sexual offences,Unable to prosecute suspect,
f7102a8f5f4c6079ce805f57a855c77e80f48ac9a3e1e7cb0e392b59c8af3d4d,2020-02,Norfolk Constabulary,Norfolk Constabulary,1.292294,52.645877,On or near Wild Road,E01026843,Norwich 003C,Violence and sexual offences,Court result unavailable,
f91e29c8d35ac1bf401a3186afafb1f3ce7747af22f5c1c342b75b6a7022a64f,2020-02,Norfolk Constabulary,Norfolk Constabulary,1.293057,52.644426,On or near Sun Lane,E01026843,Norwich 003C,Violence and sexual offences,Unable to prosecute suspect,
c309a2fd008480d9c3faff6f4fe367081cfce9d7af4b9fc03c42570b7ec92301,2020-02,Norfolk Constabulary,Norfolk Constabulary,1.295289,52.646180,On or near Afghan Place,E01026843,Norwich 003C,Violence and sexual offences,Unable to prosecute suspect,
c5969dd03a17b1bc87ac515337d7222fcdcf2af8f7006f3e937792ec5de15f67,2020-02,Norfolk Constabulary,Norfolk Constabulary,1.293057,52.644426,On or near Sun Lane,E01026843,Norwich 003C,Violence and sexual offences,Unable to prosecute suspect,
66ef834e08e3c19db67c1c6ed095e4ee890dbb727d082760bd5d850af6132777,2020-02,Norfolk Constabulary,Norfolk Constabulary,1.293932,52.646812,On or near Chamberlin Road,E01026843,Norwich 003C,Violence and sexual offences,Unable to prosecute suspect,
,2020-02,Norfolk Constabulary,Norfolk Constabulary,1.306175,52.641713,On or near Romany Road,E01026844,Norwich 003D,Anti-social behaviour,,
cb3dfb28547a7fe790abfd194959732e1ebd59eee38f69b45506d21cd3afa14e,2020-02,Norfolk Constabulary,Norfolk Constabulary,1.304988,52.642249,On or near Southalls Way,E01026844,Norwich 003D,Criminal damage and arson,Investigation complete; no suspect identified,
1b286b0051d666b4467af218da12f5659b41a27b4255d6ebf982c584b0d4ab33,2020-02,Norfolk Constabulary,Norfolk Constabulary,1.304988,52.642249,On or near Southalls Way,E01026844,Norwich 003D,Other theft,Unable to prosecute suspect,
876411e704960d6e93189b0b289553b7090034ab3468ab0ecb8e826e36a477a7,2020-02,Norfolk Constabulary,Norfolk Constabulary,1.308382,52.640212,On or near Mousehold Avenue,E01026844,Norwich 003D,Public order,Unable to prosecute suspect,
afa28e20b358f72f66fa053ef2d85dad31c11c8d8e7333cab2734b0771110822,2020-02,Norfolk Constabulary,Norfolk Constabulary,1.305817,52.641084,On or near Gertrude Road,E01026844,Norwich 003D,Public order,Unable to prosecute suspect,
c453be1f5ed235d18824e0c9f9a41e73169a938665fdb53e158a189497b3f924,2020-02,Norfolk Constabulary,Norfolk Constabulary,1.305817,52.641084,On or near Gertrude Road,E01026844,Norwich 003D,Public order,Unable to prosecute suspect,
53ee50c2a01c3ded6622f64987806c806bb6473cc9a46562546d1253d8d4b132,2020-02,Norfolk Constabulary,Norfolk Constabulary,1.308382,52.640212,On or near Mousehold Avenue,E01026844,Norwich 003D,Public order,Unable to prosecute suspect,
9eb75b07ca258c93dd4f5feb3f3daf8b5447d62a46099a81dc5edeaa9a1ee221,2020-02,Norfolk Constabulary,Norfolk Constabulary,1.306175,52.641713,On or near Romany Road,E01026844,Norwich 003D,Violence and sexual offences,Unable to prosecute suspect,
2575d6795211c138a66d49cab4f98c27d2a0bce53bdd177508eebdf3cfc762d5,2020-02,Norfolk Constabulary,Norfolk Constabulary,1.308369,52.643945,On or near Gilman Road,E01026844,Norwich 003D,Violence and sexual offences,Unable to prosecute suspect,
8e9253acfe37c9817c0a5358526e3d9d82a4097aadb305b97022daedf5f84133,2020-02,Norfolk Constabulary,Norfolk Constabulary,1.309520,52.639614,On or near Lavengro Road,E01026844,Norwich 003D,Violence and sexual offences,Unable to prosecute suspect,
c582f98851bccd43a38384e0f818801b248d6182f9204a2b2b2feb991bfd029c,2020-02,Norfolk Constabulary,Norfolk Constabulary,1.308382,52.640212,On or near Mousehold Avenue,E01026844,Norwich 003D,Violence and sexual offences,Unable to prosecute suspect,
6406400d0780f3f7b1594bfd13fec013f41bb2d7a489e9cee0fe106d6192c28c,2020-02,Norfolk Constabulary,Norfolk Constabulary,1.308369,52.643945,On or near Gilman Road,E01026844,Norwich 003D,Violence and sexual offences,Unable to prosecute suspect,
d6b0be0c4d372729d4271dea9e740035fafffc90714032cb42e86f53c1fc8655,2020-02,Norfolk Constabulary,Norfolk Constabulary,1.305817,52.641084,On or near Gertrude Road,E01026844,Norwich 003D,Violence and sexual offences,Unable to prosecute suspect,
02f6144332e1983c825c1dfe43825551bbea6209455fdb9a8933d0c16a35095d,2020-02,Norfolk Constabulary,Norfolk Constabulary,1.305817,52.641084,On or near Gertrude Road,E01026844,Norwich 003D,Violence and sexual offences,Unable to prosecute suspect,
c2d9d11e02e81c247d2d77ca72ef87e34bd2ff287b9a79ab75e29c2c5c9805bf,2020-02,Norfolk Constabulary,Norfolk Constabulary,1.306175,52.641713,On or near Romany Road,E01026844,Norwich 003D,Violence and sexual offences,Court result unavailable,
dee8da511f57c616771c6ab25c122efaa51dbfe758974acb9faa1821ea15159a,2020-02,Norfolk Constabulary,Norfolk Constabulary,1.309520,52.639614,On or near Lavengro Road,E01026844,Norwich 003D,Violence and sexual offences,Unable to prosecute suspect,
bc22362eb27168ba3307090b8be632fcbe30e55077489fae7c358945896aa322,2020-02,Norfolk Constabulary,Norfolk Constabulary,1.309520,52.639614,On or near Lavengro Road,E01026844,Norwich 003D,Violence and sexual offences,Unable to prosecute suspect,
bbcf871d674d73f2a487c69451657a9e720267ee8786e3e842d7ae4d9b041fc8,2020-02,Norfolk Constabulary,Norfolk Constabulary,1.299657,52.640572,On or near Knowsley Road,E01026845,Norwich 003E,Burglary,Unable to prosecute suspect,
ab1d38c7fa7d0517e9e4afda3d667692824196aa8b5fe8b3d190e463af6d2e14,2020-02,Norfolk Constabulary,Norfolk Constabulary,1.299918,52.642067,On or near Northcote Road,E01026845,Norwich 003E,Burglary,Investigation complete; no suspect identified,
1b0209f312b497b3cdb6415633a7e6c8346a7aef797cf448587db5eebbaa68ed,2020-02,Norfolk Constabulary,Norfolk Constabulary,1.299918,52.642067,On or near Northcote Road,E01026845,Norwich 003E,Public order,Unable to prosecute suspect,
90b415fd02e49af19e84960af84348df557ca55e3fdb552869a799e61808e0e8,2020-02,Norfolk Constabulary,Norfolk Constabulary,1.303708,52.640963,On or near Crome Road,E01026845,Norwich 003E,Public order,Unable to prosecute suspect,
13702a1df1f75c86ec6883cf92340d381edaab00402c83621f4c4cc5290da9f0,2020-02,Norfolk Constabulary,Norfolk Constabulary,1.301297,52.641534,On or near St Olaves Road,E01026845,Norwich 003E,Public order,Court result unavailable,
49a66c068ddcd9640ac9610b80a38b4080c550dba3207242ef9285ce1770ae95,2020-02,Norfolk Constabulary,Norfolk Constabulary,1.301598,52.643180,On or near Bell Road,E01026845,Norwich 003E,Vehicle crime,Investigation complete; no suspect identified,
0c7683434ab798ad41513a214a21658ddb0503792f2ba02369e1f2f7d827c938,2020-02,Norfolk Constabulary,Norfolk Constabulary,1.298984,52.643415,On or near Lawson Road,E01026845,Norwich 003E,Violence and sexual offences,Unable to prosecute suspect,
37b6ece9f6086d94d89c974c0a2072cffae9f77a4b69ab9cbef99762f5456ec6,2020-02,Norfolk Constabulary,Norfolk Constabulary,1.301773,52.642555,On or near Branford Road,E01026845,Norwich 003E,Violence and sexual offences,Unable to prosecute suspect,
,2020-02,Norfolk Constabulary,Norfolk Constabulary,1.294057,52.639820,On or near Heath Road,E01026846,Norwich 003F,Anti-social behaviour,,
,2020-02,Norfolk Constabulary,Norfolk Constabulary,1.296870,52.642431,On or near Magdalen Road,E01026846,Norwich 003F,Anti-social behaviour,,
,2020-02,Norfolk Constabulary,Norfolk Constabulary,1.293650,52.642278,On or near Traverse Street,E01026846,Norwich 003F,Anti-social behaviour,,
c069e2d737bc65f55d9d920f3961b5b79130e967b555e7ab02dacc515d9eb15f,2020-02,Norfolk Constabulary,Norfolk Constabulary,1.295910,52.640281,On or near Supermarket,E01026846,Norwich 003F,Bicycle theft,Investigation complete; no suspect identified,
613ee70517ea06a045807d91135b11cf6ab005e84df590d654317dad7834a469,2020-02,Norfolk Constabulary,Norfolk Constabulary,1.296443,52.639898,On or near Magdalen Road,E01026846,Norwich 003F,Burglary,Court result unavailable,
4f16a59e0ea84032269a09d40b1dbc95b2934fe0b499638683efc3749edc357e,2020-02,Norfolk Constabulary,Norfolk Constabulary,1.293222,52.641300,On or near Waterloo Road,E01026846,Norwich 003F,Burglary,Investigation complete; no suspect identified,
c1be9d1ab919430162c7506d68228dc6e8486a3d5a511746842a701f7951119a,2020-02,Norfolk Constabulary,Norfolk Constabulary,1.296870,52.642431,On or near Magdalen Road,E01026846,Norwich 003F,Burglary,Investigation complete; no suspect identified,
1712204ad43a2e1d7e537959c9315856748fadef8d1a9ddde1c955a983c8f985,2020-02,Norfolk Constabulary,Norfolk Constabulary,1.295910,52.640281,On or near Supermarket,E01026846,Norwich 003F,Criminal damage and arson,Unable to prosecute suspect,
1a33a8c36ef9412607ccd131828d47508423750abafbdb999b60a0f377b0a1dc,2020-02,Norfolk Constabulary,Norfolk Constabulary,1.295910,52.640281,On or near Supermarket,E01026846,Norwich 003F,Criminal damage and arson,Investigation complete; no suspect identified,
f05c0cc642b1982636aa8e4ca8dfa49b8d3d4965c566ecbe949a1c8fa08ed93b,2020-02,Norfolk Constabulary,Norfolk Constabulary,1.295601,52.642466,On or near Temple Road,E01026846,Norwich 003F,Criminal damage and arson,Court result unavailable,
f0c60d2dcd20a00787384c3bf821b7fed22496ce5c28adbd9a8de53ec560dd67,2020-02,Norfolk Constabulary,Norfolk Constabulary,1.295910,52.640281,On or near Supermarket,E01026846,Norwich 003F,Other theft,Investigation complete; no suspect identified,
f39e20dfbc0e97a11187c66a29d700308ddcf9da87d6d8dd1157e89f4d872ff8,2020-02,Norfolk Constabulary,Norfolk Constabulary,1.293222,52.641300,On or near Waterloo Road,E01026846,Norwich 003F,Public order,Unable to prosecute suspect,
9887752a2809392f63e2310afcb746b2521afe6c7239fba43fd9b9f18ab0abd7,2020-02,Norfolk Constabulary,Norfolk Constabulary,1.296870,52.642431,On or near Magdalen Road,E01026846,Norwich 003F,Public order,Investigation complete; no suspect identified,
3e205a5a7bb3455cb69aa41feec420b9499a7835b711247b5497f5b3809d4be4,2020-02,Norfolk Constabulary,Norfolk Constabulary,1.295910,52.640281,On or near Supermarket,E01026846,Norwich 003F,Shoplifting,Court result unavailable,
664016e6dac40a3bd867696811d49e9eb993bf97525a47fbf38cce75953508a8,2020-02,Norfolk Constabulary,Norfolk Constabulary,1.296443,52.639898,On or near Magdalen Road,E01026846,Norwich 003F,Violence and sexual offences,Unable to prosecute suspect,
1815add6ab2d81b8faef9c756e7ee7d07d47731a972250d7ae7e3e2b8936d67d,2020-02,Norfolk Constabulary,Norfolk Constabulary,1.296870,52.642431,On or near Magdalen Road,E01026846,Norwich 003F,Violence and sexual offences,Unable to prosecute suspect,
48a1cd0bd695c77957e4bfa62c1927457446f632726e3e691788a79c773756d9,2020-02,Norfolk Constabulary,Norfolk Constabulary,1.293650,52.642278,On or near Traverse Street,E01026846,Norwich 003F,Violence and sexual offences,Unable to prosecute suspect,
f278d1ef306c57a18a892fc6e37b0abf533f72680d310ef4cd5c4e3230f964e6,2020-02,Norfolk Constabulary,Norfolk Constabulary,1.293650,52.642278,On or near Traverse Street,E01026846,Norwich 003F,Violence and sexual offences,Unable to prosecute suspect,
b03dd6dd678ae1d52052406d3974666dae01b88553515e78eb62ffcf9e4cb0c8,2020-02,Norfolk Constabulary,Norfolk Constabulary,1.294028,52.638850,On or near Magpie Road,E01026846,Norwich 003F,Violence and sexual offences,Unable to prosecute suspect,
a9ed208161d97ecf3314bbf2afed7f42f4057d69086154b640ec48aeb952a41b,2020-02,Norfolk Constabulary,Norfolk Constabulary,1.296443,52.639898,On or near Magdalen Road,E01026846,Norwich 003F,Violence and sexual offences,Unable to prosecute suspect,
,2020-02,Norfolk Constabulary,Norfolk Constabulary,1.335025,52.643134,On or near Warnett Road,E01026803,Norwich 004A,Anti-social behaviour,,
6c31378ad4ca39498cad016b8e6fcbc8d3af4a83a9370bd973e3a1556d6fca74,2020-02,Norfolk Constabulary,Norfolk Constabulary,1.339127,52.642056,On or near Barclay Green,E01026803,Norwich 004A,Criminal damage and arson,Investigation complete; no suspect identified,
ab0fd4e33d8a14fc64df590e20767d9a1597043fe5b9edabc964cf6268c7140f,2020-02,Norfolk Constabulary,Norfolk Constabulary,1.334855,52.640324,On or near Thornfield Way,E01026803,Norwich 004A,Drugs,Awaiting court outcome,
14dbe27ddbe9b8dd45078ac5304850b30b01f8f4c0a1d5ebe6480c85d5bcd26d,2020-02,Norfolk Constabulary,Norfolk Constabulary,1.336625,52.640660,On or near Holmes Close,E01026803,Norwich 004A,Violence and sexual offences,Unable to prosecute suspect,
0298b2138358b239fc0019a1c43470e388911329c6c30cdba62b10a54b33e9cd,2020-02,Norfolk Constabulary,Norfolk Constabulary,1.339127,52.642056,On or near Barclay Green,E01026803,Norwich 004A,Violence and sexual offences,Unable to prosecute suspect,
e8e1c7f0c81d41dc6b541790182c2cca7ea3ed66721d56a6eaa405a0d4eee0ef,2020-02,Norfolk Constabulary,Norfolk Constabulary,1.333626,52.642436,On or near Frere Road,E01026803,Norwich 004A,Violence and sexual offences,Unable to prosecute suspect,
2d020676b191dd8c7f4800d45c9595bcf2832221db253aed54e64aa6616eea06,2020-02,Norfolk Constabulary,Norfolk Constabulary,1.336625,52.640660,On or near Holmes Close,E01026803,Norwich 004A,Violence and sexual offences,Unable to prosecute suspect,
104b9b5ab150e61ac0b3d8e7f66c96604aa40e898f4eed9d69eaafaff1ac520e,2020-02,Norfolk Constabulary,Norfolk Constabulary,1.335288,52.642128,On or near Hooker Road,E01026803,Norwich 004A,Violence and sexual offences,Unable to prosecute suspect,
aa584cfa0b2be302ab2c4aa8482ff1719507d41532bd469514dc98015e4ef1b7,2020-02,Norfolk Constabulary,Norfolk Constabulary,1.333626,52.642436,On or near Frere Road,E01026803,Norwich 004A,Violence and sexual offences,Unable to prosecute suspect,
14114f4c5d914bfdc6f929430390db37732db63f1d6b5fbe558a6cf644de4501,2020-02,Norfolk Constabulary,Norfolk Constabulary,1.333626,52.642436,On or near Frere Road,E01026803,Norwich 004A,Violence and sexual offences,Unable to prosecute suspect,
749c242180666df6a58bdc7bab291a796205ee14deb1b578dcd83340a14545f7,2020-02,Norfolk Constabulary,Norfolk Constabulary,1.333626,52.642436,On or near Frere Road,E01026803,Norwich 004A,Other crime,Unable to prosecute suspect,
d0ff1233e7aa8c353e7c0497535422239fa4a57524cab58f4e2f01078104fa0b,2020-02,Norfolk Constabulary,Norfolk Constabulary,1.326367,52.636596,On or near Plumstead Road,E01026804,Norwich 004B,Drugs,Awaiting court outcome,
298cff15b851aec39fa17be0786a3dfd91a31482621983bc4595e5a581f646ec,2020-02,Norfolk Constabulary,Norfolk Constabulary,1.326367,52.636596,On or near Plumstead Road,E01026804,Norwich 004B,Other theft,Awaiting court outcome,
33ca0675e53a5dbfb77455a4edbbfc4513e1088e0e65e172ec877dc8b67e3c01,2020-02,Norfolk Constabulary,Norfolk Constabulary,1.328455,52.637230,On or near Plumstead Road,E01026804,Norwich 004B,Public order,Investigation complete; no suspect identified,
834ea6552f8194c390d9e8a8d9b4685cd54b9aaa96b35232befa2116d3b8ec71,2020-02,Norfolk Constabulary,Norfolk Constabulary,1.329109,52.636888,On or near St Williams Way,E01026804,Norwich 004B,Public order,Unable to prosecute suspect,
892a00df602ccedc4cf6ebd4e482c65cec89713f981bbc24ef778776097bf49e,2020-02,Norfolk Constabulary,Norfolk Constabulary,1.326367,52.636596,On or near Plumstead Road,E01026804,Norwich 004B,Public order,Unable to prosecute suspect,
40b67993cce8b738277f5109f93fac8eaebfc30f3dccd238cc8389c234a9c55d,2020-02,Norfolk Constabulary,Norfolk Constabulary,1.327848,52.640341,On or near Croftholme Way,E01026804,Norwich 004B,Public order,Unable to prosecute suspect,
5259c69c6ecf087438f6bd6a18259facfc7266f6234b86b7f0dbceaf81529fd0,2020-02,Norfolk Constabulary,Norfolk Constabulary,1.326367,52.636596,On or near Plumstead Road,E01026804,Norwich 004B,Shoplifting,Unable to prosecute suspect,
457d39327eff98f4ac664b39b0d408bd8690ef6f48dfa25449e1d04cec71e438,2020-02,Norfolk Constabulary,Norfolk Constabulary,1.328455,52.637230,On or near Plumstead Road,E01026804,Norwich 004B,Theft from the person,Investigation complete; no suspect identified,
993e28aa977e41efdf8499a374007540cde24a4560cf9c9d6b4c365029dd8ab9,2020-02,Norfolk Constabulary,Norfolk Constabulary,1.326367,52.636596,On or near Plumstead Road,E01026804,Norwich 004B,Violence and sexual offences,Unable to prosecute suspect,
,2020-02,Norfolk Constabulary,Norfolk Constabulary,1.333997,52.647111,On or near Barnes Close,E01026805,Norwich 004C,Anti-social behaviour,,
,2020-02,Norfolk Constabulary,Norfolk Constabulary,1.328510,52.645745,On or near Marryat Road,E01026805,Norwich 004C,Anti-social behaviour,,
,2020-02,Norfolk Constabulary,Norfolk Constabulary,1.330917,52.643555,On or near Porson Road,E01026805,Norwich 004C,Anti-social behaviour,,
,2020-02,Norfolk Constabulary,Norfolk Constabulary,1.335007,52.646012,On or near Watling Road,E01026805,Norwich 004C,Anti-social behaviour,,
3c58fe60c048266ec81cee98de16dfe971a30973631fa53cee127551b45b371e,2020-02,Norfolk Constabulary,Norfolk Constabulary,1.335644,52.644672,On or near Riley Close,E01026805,Norwich 004C,Criminal damage and arson,Investigation complete; no suspect identified,
c66d10ea4c048df74ec08025bbf0ea6420fb8842c3cf5dd38ed6cb19fec3e7ad,2020-02,Norfolk Constabulary,Norfolk Constabulary,1.336018,52.644527,On or near Antingham Road,E01026805,Norwich 004C,Other theft,Unable to prosecute suspect,
f61f9a2744225faf4323f708666a62aa2fa4b286ad6e6e4603acac333edee7cf,2020-02,Norfolk Constabulary,Norfolk Constabulary,1.331736,52.647328,On or near Salhouse Road,E01026805,Norwich 004C,Other theft,Unable to prosecute suspect,
c5f3683bd7f8d6e3af60fb3695cc404713d7b24ccdc01d85235f844599b06e76,2020-02,Norfolk Constabulary,Norfolk Constabulary,1.325701,52.645546,On or near Sports/Recreation Area,E01026805,Norwich 004C,Public order,Investigation complete; no suspect identified,
97b25e2dc9ded05635d66c9c3e14c02ddf2b2a5ccb9a4dff0e9465cf09ef7256,2020-02,Norfolk Constabulary,Norfolk Constabulary,1.325701,52.645546,On or near Sports/Recreation Area,E01026805,Norwich 004C,Public order,Unable to prosecute suspect,
3abba5c9607e687b11aa97addaa2bfaf5f98676b2a21c7890fe45828e4d8e4e3,2020-02,Norfolk Constabulary,Norfolk Constabulary,1.325701,52.645546,On or near Sports/Recreation Area,E01026805,Norwich 004C,Shoplifting,Investigation complete; no suspect identified,
61f6e05279fde8baf95f33415d52bfca61f2504b65b72ec8ef41e14fbece1546,2020-02,Norfolk Constabulary,Norfolk Constabulary,1.330158,52.645052,On or near Deloney Road,E01026805,Norwich 004C,Shoplifting,Unable to prosecute suspect,
c52ae0a6a90f3b35c48b5dab4e5794f3d3954fc1ee44a15887165eade490a0bc,2020-02,Norfolk Constabulary,Norfolk Constabulary,1.330158,52.645052,On or near Deloney Road,E01026805,Norwich 004C,Shoplifting,Investigation complete; no suspect identified,
9090385d71b082fe566035d393557be9d81f04b3d2236e7d9743147fa14d64e5,2020-02,Norfolk Constabulary,Norfolk Constabulary,1.333997,52.647111,On or near Barnes Close,E01026805,Norwich 004C,Violence and sexual offences,Status update unavailable,
3851175f014afb4471e623b1ddcab1a37e71c5edc916214137baedfb4378a56a,2020-02,Norfolk Constabulary,Norfolk Constabulary,1.333997,52.647111,On or near Barnes Close,E01026805,Norwich 004C,Violence and sexual offences,Unable to prosecute suspect,
af306ef57c6a704bcd67926ac44c7590f4d68222c30c274101acf0e622158451,2020-02,Norfolk Constabulary,Norfolk Constabulary,1.328510,52.645745,On or near Marryat Road,E01026805,Norwich 004C,Violence and sexual offences,Unable to prosecute suspect,
bcff9f2a89b0a05ee47f33531af31aeb4f43e8e843e6045d34e2fa675ef079c4,2020-02,Norfolk Constabulary,Norfolk Constabulary,1.325701,52.645546,On or near Sports/Recreation Area,E01026805,Norwich 004C,Violence and sexual offences,Unable to prosecute suspect,
47c3e2095fd79c57b215228093049bc2c0e616a6580472d0fd05d5242f59afc9,2020-02,Norfolk Constabulary,Norfolk Constabulary,1.317599,52.637562,On or near Prison,E01026806,Norwich 004D,Criminal damage and arson,Action to be taken by another organisation,
4bd3b1dbe34a48f66d340bc37475e16ed61c180080092039c56bf520e7cb7260,2020-02,Norfolk Constabulary,Norfolk Constabulary,1.321699,52.635675,On or near Regency Court,E01026806,Norwich 004D,Other theft,Investigation complete; no suspect identified,
39f681e2dfd9c86590fd32676dc93674795ddc5391f5b81d7058d71c0a83763d,2020-02,Norfolk Constabulary,Norfolk Constabulary,1.317599,52.637562,On or near Prison,E01026806,Norwich 004D,Public order,Unable to prosecute suspect,
48836c0aaaeb95dfa1adc8f23c46fb6273f1dacac14a18a98a758c5787e9a524,2020-02,Norfolk Constabulary,Norfolk Constabulary,1.317599,52.637562,On or near Prison,E01026806,Norwich 004D,Violence and sexual offences,Action to be taken by another organisation,
0c099deb61e3c3e9cb534d72744c5a86f2cf6030194bdee41293df7f53ab055e,2020-02,Norfolk Constabulary,Norfolk Constabulary,1.317599,52.637562,On or near Prison,E01026806,Norwich 004D,Violence and sexual offences,Investigation complete; no suspect identified,
32b78c2bd72b4e225681ff14198ef1b7d3475906b66d954fb84bdb96c1fdfaca,2020-02,Norfolk Constabulary,Norfolk Constabulary,1.321699,52.635675,On or near Regency Court,E01026806,Norwich 004D,Violence and sexual offences,Unable to prosecute suspect,
7142ff6cb613c43b121e9367ab48d7656139db3822caf3e82642cb55c9c5cdb9,2020-02,Norfolk Constabulary,Norfolk Constabulary,1.317599,52.637562,On or near Prison,E01026806,Norwich 004D,Violence and sexual offences,Action to be taken by another organisation,
90605589853a50102523138aa6d24b9ddf33ff648c0424c19204aa29df71ae43,2020-02,Norfolk Constabulary,Norfolk Constabulary,1.317599,52.637562,On or near Prison,E01026806,Norwich 004D,Violence and sexual offences,Awaiting court outcome,
067af42f29533ddbdd72df6a7b02897a99592eac1ef9a5ec2908dc9c1e2bd3a1,2020-02,Norfolk Constabulary,Norfolk Constabulary,1.319610,52.636003,On or near Honey Close,E01026806,Norwich 004D,Violence and sexual offences,Unable to prosecute suspect,
39c45c34c83669f9bb8306288732e2d9db05bd0c4c2a84b5ae385ebda261688c,2020-02,Norfolk Constabulary,Norfolk Constabulary,1.319610,52.636003,On or near Honey Close,E01026806,Norwich 004D,Violence and sexual offences,Unable to prosecute suspect,
798c3009dea3d3461ad64752ef2ff632158ff95c02a3af9b42fc22c20a012dbe,2020-02,Norfolk Constabulary,Norfolk Constabulary,1.317599,52.637562,On or near Prison,E01026806,Norwich 004D,Violence and sexual offences,Unable to prosecute suspect,
5f3cca742fcf54f40e97bbce4d51b1a63fb9dc555060939652f1499f6192fe52,2020-02,Norfolk Constabulary,Norfolk Constabulary,1.317599,52.637562,On or near Prison,E01026806,Norwich 004D,Violence and sexual offences,Unable to prosecute suspect,
7a1235d127901c43900cb94ccf6125f5bf747b24194ab61bce20be954062259e,2020-02,Norfolk Constabulary,Norfolk Constabulary,1.319610,52.636003,On or near Honey Close,E01026806,Norwich 004D,Violence and sexual offences,Unable to prosecute suspect,
77198bf0c509666a7b5306de41214a58c1bf0f5e9e9009f4279ecbce4d381781,2020-02,Norfolk Constabulary,Norfolk Constabulary,1.317599,52.637562,On or near Prison,E01026806,Norwich 004D,Violence and sexual offences,Unable to prosecute suspect,
160422d2716a830c3ce696d13fe813fefd226256dbe5bbe3a8a9c63235d634cf,2020-02,Norfolk Constabulary,Norfolk Constabulary,1.317599,52.637562,On or near Prison,E01026806,Norwich 004D,Violence and sexual offences,Unable to prosecute suspect,
81a564a109e24c92f87a911c502845342572897eaa7d76bc00e6c1115f781adb,2020-02,Norfolk Constabulary,Norfolk Constabulary,1.317599,52.637562,On or near Prison,E01026806,Norwich 004D,Violence and sexual offences,Unable to prosecute suspect,
ac5ef88ac719089a0d93f65199a252c083fb4c8a9df2904d5a08731cd329d2fa,2020-02,Norfolk Constabulary,Norfolk Constabulary,1.317599,52.637562,On or near Prison,E01026806,Norwich 004D,Violence and sexual offences,Status update unavailable,
1d162484a1dfc412099e112c5ef6bd57b57751b82e0bb9791e197c57707da08b,2020-02,Norfolk Constabulary,Norfolk Constabulary,1.317599,52.637562,On or near Prison,E01026806,Norwich 004D,Violence and sexual offences,Unable to prosecute suspect,
2c672d1ad1eeb41d601ff21e25ca3a0ad088e7d4e4ef4cb6279010c0a61c7191,2020-02,Norfolk Constabulary,Norfolk Constabulary,1.317599,52.637562,On or near Prison,E01026806,Norwich 004D,Violence and sexual offences,Unable to prosecute suspect,
6d5cc4b868fe913ceef10fefc670853ced6f0430619c485699ce510a7a6c3806,2020-02,Norfolk Constabulary,Norfolk Constabulary,1.317599,52.637562,On or near Prison,E01026806,Norwich 004D,Violence and sexual offences,Unable to prosecute suspect,
192ecaed3975776a32db5e86ff56d71acb060c601be75ab356dbd54cc0afb27c,2020-02,Norfolk Constabulary,Norfolk Constabulary,1.317599,52.637562,On or near Prison,E01026806,Norwich 004D,Other crime,Action to be taken by another organisation,
2cb350023db2f6c13a45c6665fa79ebd2f32db4505e54d2c3cd6da79bf7d7a55,2020-02,Norfolk Constabulary,Norfolk Constabulary,1.317599,52.637562,On or near Prison,E01026806,Norwich 004D,Other crime,Action to be taken by another organisation,
3401b82865ca379cf1fdcba47ebddcce82ab2004d771cf3ee27ab896e98ba95b,2020-02,Norfolk Constabulary,Norfolk Constabulary,1.317599,52.637562,On or near Prison,E01026806,Norwich 004D,Other crime,Action to be taken by another organisation,
733922fbee806df8728bdc59431d548052cd1c45124e523a30b89e3c6d9c5277,2020-02,Norfolk Constabulary,Norfolk Constabulary,1.317599,52.637562,On or near Prison,E01026806,Norwich 004D,Other crime,Action to be taken by another organisation,
494c153a31569179f99b7d5770c01d3f12fbf15b8224238a9176567c3d31aff6,2020-02,Norfolk Constabulary,Norfolk Constabulary,1.317599,52.637562,On or near Prison,E01026806,Norwich 004D,Other crime,Action to be taken by another organisation,
,2020-02,Norfolk Constabulary,Norfolk Constabulary,1.324797,52.636361,On or near Petrol Station,E01026807,Norwich 004E,Anti-social behaviour,,
feef0b28e9d73c54ff72697016fdacd279091ded84c19e0581d62a25e1920aa9,2020-02,Norfolk Constabulary,Norfolk Constabulary,1.321148,52.634054,On or near Womersley Close,E01026807,Norwich 004E,Violence and sexual offences,Action to be taken by another organisation,
d91b69b60463c4845ae0e22a94c5599271eac87ec70a35965b5cae8283ccc1b9,2020-02,Norfolk Constabulary,Norfolk Constabulary,1.324797,52.636361,On or near Petrol Station,E01026807,Norwich 004E,Violence and sexual offences,Unable to prosecute suspect,
,2020-02,Norfolk Constabulary,Norfolk Constabulary,1.324882,52.633391,On or near Newbegin Close,E01026808,Norwich 004F,Anti-social behaviour,,
,2020-02,Norfolk Constabulary,Norfolk Constabulary,1.323155,52.630706,On or near Woodrow Place,E01026808,Norwich 004F,Anti-social behaviour,,
,2020-02,Norfolk Constabulary,Norfolk Constabulary,1.326121,52.635506,On or near Supple Close,E01026808,Norwich 004F,Anti-social behaviour,,
00a110c5212fe3da8ec3102f354fd3c514fc118fafaa43ad2ecf06b6f5b64290,2020-02,Norfolk Constabulary,Norfolk Constabulary,1.328740,52.631835,On or near Harvey Lane,E01026808,Norwich 004F,Public order,Unable to prosecute suspect,
aea4c330211f6de983fb79e2605f3a369e107d00fd9329889348ec006dbd6899,2020-02,Norfolk Constabulary,Norfolk Constabulary,1.323372,52.631815,On or near William Mear Gardens,E01026808,Norwich 004F,Vehicle crime,Investigation complete; no suspect identified,
d62beab4b1bd27023be0b6b31382424c8064188576673d58de41772f7986a3bc,2020-02,Norfolk Constabulary,Norfolk Constabulary,1.328740,52.631835,On or near Harvey Lane,E01026808,Norwich 004F,Vehicle crime,Awaiting court outcome,
330dcf63a242be719bb56e4b7976443ea367ccaf4154a9e194c9902a1ac1088f,2020-02,Norfolk Constabulary,Norfolk Constabulary,1.323372,52.631815,On or near William Mear Gardens,E01026808,Norwich 004F,Violence and sexual offences,Unable to prosecute suspect,
380e64e387da5aebcbf6ae83351b6b0491233b2e733ff4b3b269358bf7986aa4,2020-02,Norfolk Constabulary,Norfolk Constabulary,1.324882,52.633391,On or near Newbegin Close,E01026808,Norwich 004F,Violence and sexual offences,Unable to prosecute suspect,
6d5eea362aa73be1bba950c3779cbc3737aaacb9a02b22c6c1e76bb3c6926b72,2020-02,Norfolk Constabulary,Norfolk Constabulary,1.326121,52.635506,On or near Supple Close,E01026808,Norwich 004F,Violence and sexual offences,Unable to prosecute suspect,
d0055ccc32beeb2368a4f6fddb9619c2dc88c7b4e9529c7117305d4114d51e61,2020-02,Norfolk Constabulary,Norfolk Constabulary,1.328740,52.631835,On or near Harvey Lane,E01026808,Norwich 004F,Violence and sexual offences,Unable to prosecute suspect,
f32dfc651b1c164953f756b9febe17dfc9b9c13ab7c605f888f926202e8076da,2020-02,Norfolk Constabulary,Norfolk Constabulary,1.323372,52.631815,On or near William Mear Gardens,E01026808,Norwich 004F,Violence and sexual offences,Unable to prosecute suspect,
73397e06e0a152a06da50e3b623829eb43406f6377376668d37fc487a279466d,2020-02,Norfolk Constabulary,Norfolk Constabulary,1.326121,52.635506,On or near Supple Close,E01026808,Norwich 004F,Violence and sexual offences,Unable to prosecute suspect,
92ac4eef47c61cf8763e257db5d703ea9afc1a080a60adfafcf5be10746e3c6b,2020-02,Norfolk Constabulary,Norfolk Constabulary,1.323372,52.631815,On or near William Mear Gardens,E01026808,Norwich 004F,Violence and sexual offences,Unable to prosecute suspect,
,2020-02,Norfolk Constabulary,Norfolk Constabulary,1.337218,52.648054,On or near Sale Road,E01026809,Norwich 004G,Anti-social behaviour,,
,2020-02,Norfolk Constabulary,Norfolk Constabulary,1.340892,52.642717,On or near Thurling Plain,E01026809,Norwich 004G,Anti-social behaviour,,
41e17535abcd2e33f9fd9f05e0c8e015ec2fff81a7730e873dd2758e5973ce89,2020-02,Norfolk Constabulary,Norfolk Constabulary,1.340892,52.642717,On or near Thurling Plain,E01026809,Norwich 004G,Burglary,Investigation complete; no suspect identified,
3d4a3dfd44fac646f4c62c12977ba5a7d42d473d81155d732826d64528d39210,2020-02,Norfolk Constabulary,Norfolk Constabulary,1.340892,52.642717,On or near Thurling Plain,E01026809,Norwich 004G,Burglary,Investigation complete; no suspect identified,
45763ac51ad070106b660e63929df60638b6b469a3b6dbd37026741fdfb1c399,2020-02,Norfolk Constabulary,Norfolk Constabulary,1.338964,52.644579,On or near Fugill Road,E01026809,Norwich 004G,Violence and sexual offences,Formal action is not in the public interest,
6e28ec65e6b373df6caf648f3c2d1a848cbfcf6da3b73d265fb947839edae361,2020-02,Norfolk Constabulary,Norfolk Constabulary,1.336883,52.645798,On or near Woodforde Road,E01026809,Norwich 004G,Violence and sexual offences,Unable to prosecute suspect,
00f4a216f9b7ca6ab3cfc7b589a278a5d1f8d39a88e0069988301e2630b2134d,2020-02,Norfolk Constabulary,Norfolk Constabulary,1.338568,52.643843,On or near Redfern Road,E01026809,Norwich 004G,Violence and sexual offences,Unable to prosecute suspect,
,2020-02,Norfolk Constabulary,Norfolk Constabulary,1.231210,52.638827,On or near Smeat Street,E01026791,Norwich 005A,Anti-social behaviour,,
,2020-02,Norfolk Constabulary,Norfolk Constabulary,1.229146,52.641312,On or near Toftes Place,E01026791,Norwich 005A,Anti-social behaviour,,
,2020-02,Norfolk Constabulary,Norfolk Constabulary,1.229242,52.639402,On or near Mayes Close,E01026791,Norwich 005A,Anti-social behaviour,,
d62593a368a24b2a838a08491bc5ab387b2c83b22e83f6b03fdb893292d973f8,2020-02,Norfolk Constabulary,Norfolk Constabulary,1.231210,52.638827,On or near Smeat Street,E01026791,Norwich 005A,Criminal damage and arson,Action to be taken by another organisation,
b9ce96a13ca0312b09901ce16bd942c828cecea63a39a89d5576d771fd1a6274,2020-02,Norfolk Constabulary,Norfolk Constabulary,1.227177,52.638065,On or near Reydon Close,E01026791,Norwich 005A,Criminal damage and arson,Action to be taken by another organisation,
61a4f988c3b4161e4680ae94f02c2ee06c81d4e542303a6b6b3f93ef837527e5,2020-02,Norfolk Constabulary,Norfolk Constabulary,1.225351,52.641370,On or near Notykin Street,E01026791,Norwich 005A,Criminal damage and arson,Investigation complete; no suspect identified,
4bfdd7a0ba42f98c5bd2dd326665f044b8b5ad54de74fd8716affc20e2d4ac7f,2020-02,Norfolk Constabulary,Norfolk Constabulary,1.229242,52.639402,On or near Mayes Close,E01026791,Norwich 005A,Criminal damage and arson,Unable to prosecute suspect,
baebbe070845064eb8a5e7fadc1cbc92aeb5cb23a6a2dda6a86df080095be6fd,2020-02,Norfolk Constabulary,Norfolk Constabulary,1.227161,52.640053,On or near Waldegrave,E01026791,Norwich 005A,Criminal damage and arson,Action to be taken by another organisation,
0c07deb3bb67d36d123049e7fc4a3a7ac5594b7fada6af0f14b4b99c954d556a,2020-02,Norfolk Constabulary,Norfolk Constabulary,1.231210,52.638827,On or near Smeat Street,E01026791,Norwich 005A,Drugs,Offender given a caution,
585674a44d78741cb69cdd211d2ea143d9c28f1e674ef88257a862d63228ae97,2020-02,Norfolk Constabulary,Norfolk Constabulary,1.229146,52.641312,On or near Toftes Place,E01026791,Norwich 005A,Drugs,Offender given a drugs possession warning,
8b2cefc68699bc17bb25bf74aa7c7a644d38a3fb2f04beb337df8ad9e93261fe,2020-02,Norfolk Constabulary,Norfolk Constabulary,1.227177,52.638065,On or near Reydon Close,E01026791,Norwich 005A,Other theft,Investigation complete; no suspect identified,
220d5df630307bb826d7236992f3424ee4d618ac712a1ceb907ecc25078827ef,2020-02,Norfolk Constabulary,Norfolk Constabulary,1.227177,52.638065,On or near Reydon Close,E01026791,Norwich 005A,Other theft,Investigation complete; no suspect identified,
8e4ff8c634ef0fa68154f39fea53ea0dbf92cf6c08082d943e3cd7bdce1dca3c,2020-02,Norfolk Constabulary,Norfolk Constabulary,1.227161,52.640053,On or near Waldegrave,E01026791,Norwich 005A,Shoplifting,Unable to prosecute suspect,
deae0cd7d5a810b3c70e662533ba00764430538dedc8ecd939873e522e3aad9e,2020-02,Norfolk Constabulary,Norfolk Constabulary,1.229146,52.641312,On or near Toftes Place,E01026791,Norwich 005A,Violence and sexual offences,Unable to prosecute suspect,
83c840cc80a3f67e378338ee11d9c2d536330a95c7d78e7c8630618084191d86,2020-02,Norfolk Constabulary,Norfolk Constabulary,1.228010,52.638528,On or near Walcot Close,E01026791,Norwich 005A,Violence and sexual offences,Court result unavailable,
0f5aeed93775adeb86eb25805abb421f0c3a108f10a73ffe4823f3b2fc48f57c,2020-02,Norfolk Constabulary,Norfolk Constabulary,1.231210,52.638827,On or near Smeat Street,E01026791,Norwich 005A,Violence and sexual offences,Unable to prosecute suspect,
5b9622b67f3e64783ee4e3d5ace77ce338f87c41e75978ad48c93f7e93df87fe,2020-02,Norfolk Constabulary,Norfolk Constabulary,1.231210,52.638827,On or near Smeat Street,E01026791,Norwich 005A,Violence and sexual offences,Unable to prosecute suspect,
e65d68bda6dd69013b2ce9f79183d8476a8bde76341710c3cb5a3b6f95e94689,2020-02,Norfolk Constabulary,Norfolk Constabulary,1.227177,52.638065,On or near Reydon Close,E01026791,Norwich 005A,Violence and sexual offences,Unable to prosecute suspect,
dc0d31e3bafba986d9a93ba1649dc0feff8f0a06000d5cc376978662f2659135,2020-02,Norfolk Constabulary,Norfolk Constabulary,1.231786,52.641222,On or near Houghton Close,E01026791,Norwich 005A,Violence and sexual offences,Unable to prosecute suspect,
d8fd132e3cc8b9bf9114a6394b008d7d2ede54fb1439ce8d8a1aadb5dbc37086,2020-02,Norfolk Constabulary,Norfolk Constabulary,1.231210,52.638827,On or near Smeat Street,E01026791,Norwich 005A,Violence and sexual offences,Unable to prosecute suspect,
d025a3ac449afa87bddd9a95eeb8cc5beb84db3d50f7977f7c41f2d0eee23fc9,2020-02,Norfolk Constabulary,Norfolk Constabulary,1.227177,52.638065,On or near Reydon Close,E01026791,Norwich 005A,Violence and sexual offences,Action to be taken by another organisation,
633aee1a5412a361ee7da2b6660a23f4d717b2704c612b2982884762270128d2,2020-02,Norfolk Constabulary,Norfolk Constabulary,1.228010,52.638528,On or near Walcot Close,E01026791,Norwich 005A,Violence and sexual offences,Investigation complete; no suspect identified,
e3571e6a3404ff23111e440ea01e016d3418c49b9027e352b36a8a1ea330864e,2020-02,Norfolk Constabulary,Norfolk Constabulary,1.220663,52.640347,On or near Braithwait Close,E01026792,Norwich 005B,Drugs,Court result unavailable,
e385ed84e43618971905e07f1a956824b6c06cfc1a5d3111f11c42604d045f6e,2020-02,Norfolk Constabulary,Norfolk Constabulary,1.218722,52.640480,On or near Wenman Court,E01026792,Norwich 005B,Violence and sexual offences,Investigation complete; no suspect identified,
06a06828df1b5733465e384bcdbe8a0555bd077f82101a705d23f5c468036311,2020-02,Norfolk Constabulary,Norfolk Constabulary,1.223240,52.640807,On or near Wortham Close,E01026792,Norwich 005B,Violence and sexual offences,Unable to prosecute suspect,
0fa239403abc4677acb2096f1f2b11131df1ccdf8319f05f74890d65f1135dd6,2020-02,Norfolk Constabulary,Norfolk Constabulary,1.221781,52.640064,On or near Yaxley Way,E01026792,Norwich 005B,Violence and sexual offences,Court result unavailable,
91671dc43648aef145bcc971c0ed54a80c7be171e19180ef9558c7c172ca3dd5,2020-02,Norfolk Constabulary,Norfolk Constabulary,1.221781,52.640064,On or near Yaxley Way,E01026792,Norwich 005B,Violence and sexual offences,Court result unavailable,
931730f23721dcb4ed6b6bce955b4c8ea33e13fcafa4ea568a95cce48875e4d8,2020-02,Norfolk Constabulary,Norfolk Constabulary,1.219540,52.637733,On or near Swafield Street,E01026792,Norwich 005B,Violence and sexual offences,Unable to prosecute suspect,
,2020-02,Norfolk Constabulary,Norfolk Constabulary,1.232377,52.639407,On or near Skoner Road,E01026793,Norwich 005C,Anti-social behaviour,,
16122a19c95223b3cb12a93e2a4e4ac5ace828adbd367da76285d32001c013fd,2020-02,Norfolk Constabulary,Norfolk Constabulary,1.232377,52.639407,On or near Skoner Road,E01026793,Norwich 005C,Criminal damage and arson,Status update unavailable,
e1c36e8a25998ebe60ae53949c18e17082b4616894a219808d3e6d410499e54b,2020-02,Norfolk Constabulary,Norfolk Constabulary,1.231713,52.635018,On or near Rogers Close,E01026793,Norwich 005C,Criminal damage and arson,Unable to prosecute suspect,
3aa6e7266e36c1a4c443d1645bc34ea36fda415ab7c35a347904803e7a6b57ab,2020-02,Norfolk Constabulary,Norfolk Constabulary,1.237337,52.639109,On or near Beecheno Road,E01026793,Norwich 005C,Criminal damage and arson,Unable to prosecute suspect,
01b68f37006004b803f06e612aa7dcc3d6a343997ce2a74d22fc80ac7a72b728,2020-02,Norfolk Constabulary,Norfolk Constabulary,1.237955,52.638265,On or near Peto Court,E01026793,Norwich 005C,Criminal damage and arson,Unable to prosecute suspect,
7dadc6f7af768073a4accef155bf9fba58ada7e3446bb52891b0755ae3e092e0,2020-02,Norfolk Constabulary,Norfolk Constabulary,1.231299,52.639634,On or near Lushington Close,E01026793,Norwich 005C,Criminal damage and arson,Investigation complete; no suspect identified,
cd4ad2bcf46c2f8d8299708711a3ac8084988ea9755a2abd68694b9c76013787,2020-02,Norfolk Constabulary,Norfolk Constabulary,1.235759,52.638568,On or near Wilkins Court,E01026793,Norwich 005C,Other theft,Unable to prosecute suspect,
52a992773abe44b6efaf59b07d7ce57432cfd1b863686a42ee03a3b0a0138fce,2020-02,Norfolk Constabulary,Norfolk Constabulary,1.240534,52.638968,On or near Supermarket,E01026793,Norwich 005C,Possession of weapons,Unable to prosecute suspect,
5e80603fc981dda22f95710d644b04cbad8447154c4d86fecbb667a14cc4ccf5,2020-02,Norfolk Constabulary,Norfolk Constabulary,1.233260,52.636954,On or near Runcton Close,E01026793,Norwich 005C,Public order,Unable to prosecute suspect,
c9b7e664ebea101ed1214176180d8e7acafde11d054673cd79db696ee3b0b44f,2020-02,Norfolk Constabulary,Norfolk Constabulary,1.240534,52.638968,On or near Supermarket,E01026793,Norwich 005C,Public order,Unable to prosecute suspect,
6cc468ed386551d1eef0a5e27bf220c96ffc285a639cf124900d102d21011551,2020-02,Norfolk Constabulary,Norfolk Constabulary,1.235759,52.638568,On or near Wilkins Court,E01026793,Norwich 005C,Violence and sexual offences,Unable to prosecute suspect,
cd24117ad4a86109f97ebc2a29a5c72a5c2f365be2bbb7737f63f43dad6d9752,2020-02,Norfolk Constabulary,Norfolk Constabulary,1.232377,52.639407,On or near Skoner Road,E01026793,Norwich 005C,Violence and sexual offences,Unable to prosecute suspect,
381d572aeaaf943d169879fbea59721e22785b8186375045597399b1257be03d,2020-02,Norfolk Constabulary,Norfolk Constabulary,1.230696,52.635064,On or near St Mildreds Road,E01026793,Norwich 005C,Violence and sexual offences,Unable to prosecute suspect,
37fb79c302ed782ef3f9710a9902efcbeb81746e7777aea55b582e27cb83f9c7,2020-02,Norfolk Constabulary,Norfolk Constabulary,1.235759,52.638568,On or near Wilkins Court,E01026793,Norwich 005C,Violence and sexual offences,Investigation complete; no suspect identified,
57c70c6234717cffc91f57d5752a331c7cd192c76ed6ee3c2cc9059e3034fe28,2020-02,Norfolk Constabulary,Norfolk Constabulary,1.237337,52.639109,On or near Beecheno Road,E01026793,Norwich 005C,Violence and sexual offences,Unable to prosecute suspect,
6e5391028f279e6361d26438b8e2210de189ef800a2c75e7bbb7b4be97831d81,2020-02,Norfolk Constabulary,Norfolk Constabulary,1.235759,52.638568,On or near Wilkins Court,E01026793,Norwich 005C,Violence and sexual offences,Unable to prosecute suspect,
147d4b1076bb4977964251a34425fd3c552458019851dd372e7076cea79c497d,2020-02,Norfolk Constabulary,Norfolk Constabulary,1.230696,52.635064,On or near St Mildreds Road,E01026793,Norwich 005C,Violence and sexual offences,Action to be taken by another organisation,
73a234c10ed189116c86088771369bbc408cce7f8f5af018a100a94673abc31c,2020-02,Norfolk Constabulary,Norfolk Constabulary,1.235877,52.637953,On or near Stevenson Road,E01026793,Norwich 005C,Violence and sexual offences,Unable to prosecute suspect,
ef56b1924efbad8b58d5d2b4311e9e38255c4607bc3ce1b5b876533ccd4cdb50,2020-02,Norfolk Constabulary,Norfolk Constabulary,1.235877,52.637953,On or near Stevenson Road,E01026793,Norwich 005C,Violence and sexual offences,Unable to prosecute suspect,
ea3e5e3d06165dbb0eb0440eebaa12d0bd9cb4ff45e747730c28e3edcac0e29d,2020-02,Norfolk Constabulary,Norfolk Constabulary,1.237955,52.638265,On or near Peto Court,E01026793,Norwich 005C,Violence and sexual offences,Unable to prosecute suspect,
18c7301346d22c1b99dd7bead9bfb18460e9603ffc9b08438fa555c581d234da,2020-02,Norfolk Constabulary,Norfolk Constabulary,1.237955,52.638265,On or near Peto Court,E01026793,Norwich 005C,Other crime,Action to be taken by another organisation,
,2020-02,Norfolk Constabulary,Norfolk Constabulary,1.211298,52.640853,On or near Thurlby Road,E01026794,Norwich 005D,Anti-social behaviour,,
7ec724a2628dd9551274c3de111d8c2628e0244f13efd668e36cbf8c17f05def,2020-02,Norfolk Constabulary,Norfolk Constabulary,1.216824,52.642025,On or near Jarrold Way,E01026794,Norwich 005D,Criminal damage and arson,Investigation complete; no suspect identified,
61712d15714daed9fc54ec0a5fb8340db419b689840162154848f5be38c806ae,2020-02,Norfolk Constabulary,Norfolk Constabulary,1.211298,52.640853,On or near Thurlby Road,E01026794,Norwich 005D,Criminal damage and arson,Investigation complete; no suspect identified,
ade95ce1999e3dd7e028bf13ceff228d81041a2af0f644bc879f0e46ec931e53,2020-02,Norfolk Constabulary,Norfolk Constabulary,1.213332,52.638351,On or near The Columbine,E01026794,Norwich 005D,Violence and sexual offences,Unable to prosecute suspect,
99ff6d24b9fc904b1fadbc0f34f7d591c2f34ff1d26c373d9f4e9ac283ae722e,2020-02,Norfolk Constabulary,Norfolk Constabulary,1.206703,52.641094,On or near Jay Gardens,E01026794,Norwich 005D,Violence and sexual offences,Court result unavailable,
a695e0b447eb80689542e0c2b09f1925c78e9bb847803cab6cec569b54b827a8,2020-02,Norfolk Constabulary,Norfolk Constabulary,1.215696,52.640554,On or near Astley Road,E01026794,Norwich 005D,Violence and sexual offences,Local resolution,
a131fdd9fa2559660897bc2c066d8606673d701a7019583f38da9217ed48f4db,2020-02,Norfolk Constabulary,Norfolk Constabulary,1.213332,52.638351,On or near The Columbine,E01026794,Norwich 005D,Violence and sexual offences,Unable to prosecute suspect,
bdcfa1cd3d6111290addcf440a268560e2c6d5c920eb627954cbbaf82c1122f1,2020-02,Norfolk Constabulary,Norfolk Constabulary,1.211298,52.640853,On or near Thurlby Road,E01026794,Norwich 005D,Violence and sexual offences,Unable to prosecute suspect,
9daacd3e7c3fb95a9be86967af6863d5178872c9029f925f366766d3923e5e6f,2020-02,Norfolk Constabulary,Norfolk Constabulary,1.216824,52.642025,On or near Jarrold Way,E01026794,Norwich 005D,Violence and sexual offences,Unable to prosecute suspect,
,2020-02,Norfolk Constabulary,Norfolk Constabulary,1.241078,52.631731,On or near Earlham West Centre,E01026796,Norwich 005F,Anti-social behaviour,,
,2020-02,Norfolk Constabulary,Norfolk Constabulary,1.239655,52.631869,On or near Pitchford Road,E01026796,Norwich 005F,Anti-social behaviour,,
b468209f97af7783e410e37813dd45fd5c39b35083c6bcdec0563ba3854ea3fe,2020-02,Norfolk Constabulary,Norfolk Constabulary,1.236085,52.635573,On or near Freshfield Close,E01026796,Norwich 005F,Other theft,Investigation complete; no suspect identified,
719da9b4c8ee3acde9d44119198325be4e109f32a0254e2e274eb9c5ec5cfb27,2020-02,Norfolk Constabulary,Norfolk Constabulary,1.242767,52.633376,On or near Douglas Haig Road,E01026796,Norwich 005F,Violence and sexual offences,Action to be taken by another organisation,
e1fffa541743488641a6e8f47fc16169018a7ad3c6b2a43ee268b45fcd70795e,2020-02,Norfolk Constabulary,Norfolk Constabulary,1.241078,52.631731,On or near Earlham West Centre,E01026796,Norwich 005F,Violence and sexual offences,Unable to prosecute suspect,
6433f4693423c143726e27069f59dd2d521cbd67ac0dafe8cef2af67bcf36f35,2020-02,Norfolk Constabulary,Norfolk Constabulary,1.234734,52.634288,On or near Waring Road,E01026796,Norwich 005F,Violence and sexual offences,Unable to prosecute suspect,
c611727eaa076f836cbe0003b33e672e26032f07308fffb9f93cade49948edb4,2020-02,Norfolk Constabulary,Norfolk Constabulary,1.234734,52.634288,On or near Waring Road,E01026796,Norwich 005F,Violence and sexual offences,Unable to prosecute suspect,
,2020-02,Norfolk Constabulary,Norfolk Constabulary,1.216400,52.629598,On or near Tizzick Close,E01033435,Norwich 005G,Anti-social behaviour,,
ea53af2ddca9d184b7ab3aa6e62387d99747a1015226b32c4194790c84ee8e21,2020-02,Norfolk Constabulary,Norfolk Constabulary,1.216703,52.628700,On or near Mardle Street,E01033435,Norwich 005G,Burglary,Investigation complete; no suspect identified,
abbff4e34ef8d4e4d26d42c87eb7215001a083f02873722f5d2562283faa1c2f,2020-02,Norfolk Constabulary,Norfolk Constabulary,1.215321,52.630401,On or near Three Score Road,E01033435,Norwich 005G,Public order,Investigation complete; no suspect identified,
657565258846fe3cea1dcd8fc1bb8c543e1217e8ee164dafd241582bd389a0d9,2020-02,Norfolk Constabulary,Norfolk Constabulary,1.216979,52.633459,On or near Fresher Mews,E01033435,Norwich 005G,Vehicle crime,Investigation complete; no suspect identified,
48f81cc3463f70c5a94ce89171fba9a2cddc1a7b50b8e56275a366f90f74431e,2020-02,Norfolk Constabulary,Norfolk Constabulary,1.218585,52.633586,On or near Elderflower Mews,E01033435,Norwich 005G,Vehicle crime,Investigation complete; no suspect identified,
586f73a7dbbe8a41a22453621491344b61b54296c352bf45e76af90773b36059,2020-02,Norfolk Constabulary,Norfolk Constabulary,1.215321,52.630401,On or near Three Score Road,E01033435,Norwich 005G,Violence and sexual offences,Offender given a caution,
16671b65f5523f303630ac310291b409c5bff801816a4373fe57f7d61d4c80cc,2020-02,Norfolk Constabulary,Norfolk Constabulary,1.218483,52.629785,On or near Speedwell Way,E01033435,Norwich 005G,Violence and sexual offences,Unable to prosecute suspect,
fd43f34a6bae002571678975b5659e71295d386d7cba2ff06146725eaca51ec9,2020-02,Norfolk Constabulary,Norfolk Constabulary,1.215321,52.630401,On or near Three Score Road,E01033435,Norwich 005G,Violence and sexual offences,Offender given a caution,
e3c3c13a267be484b288db57583cb5ad2403a8edc701742f92ffac5e7ceba4bb,2020-02,Norfolk Constabulary,Norfolk Constabulary,1.215431,52.634922,On or near Thacker Way,E01033435,Norwich 005G,Violence and sexual offences,Unable to prosecute suspect,
32b475c96a86f91ec2f0d13d1dd80bc005f9a3e544b843c39ad550101166b84f,2020-02,Norfolk Constabulary,Norfolk Constabulary,1.216400,52.629598,On or near Tizzick Close,E01033435,Norwich 005G,Violence and sexual offences,Unable to prosecute suspect,
de5728bf024336143b6b4b58f495c2c4109967fa3f45ed0c2f267ddfed06931e,2020-02,Norfolk Constabulary,Norfolk Constabulary,1.218585,52.633586,On or near Elderflower Mews,E01033435,Norwich 005G,Violence and sexual offences,Unable to prosecute suspect,
333513b0114a93134c8216b12c963b5221b269003fc6c819e98656b5f9840b12,2020-02,Norfolk Constabulary,Norfolk Constabulary,1.218483,52.629785,On or near Speedwell Way,E01033435,Norwich 005G,Violence and sexual offences,Unable to prosecute suspect,
2bf6fc51da969ea08be7564ebbbe966115fad382541b4eb626f3ba82234057af,2020-02,Norfolk Constabulary,Norfolk Constabulary,1.218585,52.633586,On or near Elderflower Mews,E01033435,Norwich 005G,Violence and sexual offences,Unable to prosecute suspect,
435a09f48b9d3c7d892f0c04351fc9157a9cae8a29078053e89b2993f090bb59,2020-02,Norfolk Constabulary,Norfolk Constabulary,1.216979,52.633459,On or near Fresher Mews,E01033435,Norwich 005G,Violence and sexual offences,Awaiting court outcome,
,2020-02,Norfolk Constabulary,Norfolk Constabulary,1.217205,52.636142,On or near Bowthorpe Hall Road,E01033436,Norwich 005H,Anti-social behaviour,,
e779a6eeccb0347b6f3de0802e6f74e96331f4e937e85239b4d7e0b9f79b47d1,2020-02,Norfolk Constabulary,Norfolk Constabulary,1.225029,52.638402,On or near Kerville Street,E01033436,Norwich 005H,Criminal damage and arson,Unable to prosecute suspect,
e1878a4993f104560dbe826685e1dc576bfef5781d2d0fd65ad4210d77c3c3da,2020-02,Norfolk Constabulary,Norfolk Constabulary,1.217205,52.636142,On or near Bowthorpe Hall Road,E01033436,Norwich 005H,Criminal damage and arson,Investigation complete; no suspect identified,
c1533816a042026e4db5e886e46b1dc9fc8e5225f1100408c10696f4612ec39e,2020-02,Norfolk Constabulary,Norfolk Constabulary,1.221450,52.636773,On or near Tunstall Close,E01033436,Norwich 005H,Criminal damage and arson,Investigation complete; no suspect identified,
6159d0b39ea2b9ab32cb542cc4cc1d5fe1eefb76be829e49e245308b68fd7b24,2020-02,Norfolk Constabulary,Norfolk Constabulary,1.230858,52.634043,On or near Savery Close,E01033436,Norwich 005H,Other theft,Unable to prosecute suspect,
e0e2a8373b37c4ffffd265737b2d1f232c2bd3026c3401a5edac1832e6dd04d8,2020-02,Norfolk Constabulary,Norfolk Constabulary,1.217205,52.636142,On or near Bowthorpe Hall Road,E01033436,Norwich 005H,Possession of weapons,Unable to prosecute suspect,
4b0b61fec8326892c3e504223d6da15b5a2ee161eb00c58effeeb082f7684d3e,2020-02,Norfolk Constabulary,Norfolk Constabulary,1.217205,52.636142,On or near Bowthorpe Hall Road,E01033436,Norwich 005H,Public order,Unable to prosecute suspect,
2cd7edaa9c0fd74c5a872145dd48bb26d67f1618d46af8e6521d039a812ab6be,2020-02,Norfolk Constabulary,Norfolk Constabulary,1.230858,52.634043,On or near Savery Close,E01033436,Norwich 005H,Violence and sexual offences,Unable to prosecute suspect,
702b4b0a9b5e94f8c82c5aec6df78ec13d699392b777a0157af52e6eef5373c9,2020-02,Norfolk Constabulary,Norfolk Constabulary,1.217205,52.636142,On or near Bowthorpe Hall Road,E01033436,Norwich 005H,Violence and sexual offences,Unable to prosecute suspect,
89f66713409f8e5b30e35cfa6ddc0bda9c20262874179ff87615da755f223f43,2020-02,Norfolk Constabulary,Norfolk Constabulary,1.225807,52.638929,On or near Humbleyard,E01033436,Norwich 005H,Violence and sexual offences,Unable to prosecute suspect,
72e166e8d1ff3eecb4cf35f132e515c69096226c8fde5818d86752c6a35a3acf,2020-02,Norfolk Constabulary,Norfolk Constabulary,1.224951,52.638953,On or near Nortridge Road,E01033436,Norwich 005H,Violence and sexual offences,Unable to prosecute suspect,
,2020-02,Norfolk Constabulary,Norfolk Constabulary,1.266812,52.634891,On or near Bond Street,E01026863,Norwich 006A,Anti-social behaviour,,
f59062d9e0454170781e4deabf4d5b85deb658bdbe0a5f7be9d6e3ee784c9dfc,2020-02,Norfolk Constabulary,Norfolk Constabulary,1.260035,52.633423,On or near Godric Place,E01026863,Norwich 006A,Burglary,Investigation complete; no suspect identified,
6f3e42f671aab20a5a044ae58271a07d0ed8de7eb1a68ce21c93d4f86bcb7845,2020-02,Norfolk Constabulary,Norfolk Constabulary,1.264611,52.634925,On or near Parking Area,E01026863,Norwich 006A,Burglary,Investigation complete; no suspect identified,
83ee78a14fcbb9def7c9882d0481bcc8822c88f83189fa454a47550da1af7087,2020-02,Norfolk Constabulary,Norfolk Constabulary,1.266812,52.634891,On or near Bond Street,E01026863,Norwich 006A,Drugs,Court result unavailable,
d28d338b5f51ff7bcbc23ed466d706a81f712743844e186363f647a9f47f39d8,2020-02,Norfolk Constabulary,Norfolk Constabulary,1.260035,52.633423,On or near Godric Place,E01026863,Norwich 006A,Other theft,Investigation complete; no suspect identified,
b58a810ad053beee14a3dee2ddba922f1e0a969ef1f2648cb684f8d71589383c,2020-02,Norfolk Constabulary,Norfolk Constabulary,1.262991,52.633018,On or near Hospital,E01026863,Norwich 006A,Other theft,Investigation complete; no suspect identified,
333619c21b7085613f31da3b500a5c6f099a356e9d120c198446f77abb33aebc,2020-02,Norfolk Constabulary,Norfolk Constabulary,1.262991,52.633018,On or near Hospital,E01026863,Norwich 006A,Public order,Unable to prosecute suspect,
e90dfa91c7fa469442c74cbfd466fd6f500a50ec2c670416b18972693a79d3fd,2020-02,Norfolk Constabulary,Norfolk Constabulary,1.266812,52.634891,On or near Bond Street,E01026863,Norwich 006A,Violence and sexual offences,Unable to prosecute suspect,
0a739e0a90dc5c32dacc4e97f8dd192bef6a0a43da1c2c96b4b61406d70a6dd1,2020-02,Norfolk Constabulary,Norfolk Constabulary,1.262991,52.633018,On or near Hospital,E01026863,Norwich 006A,Violence and sexual offences,Unable to prosecute suspect,
40715ca36788819a90d52092ee8d821ae0e7d960e68c0cdd683c1428457bc803,2020-02,Norfolk Constabulary,Norfolk Constabulary,1.260424,52.635463,On or near Waterman Road,E01026863,Norwich 006A,Violence and sexual offences,Status update unavailable,
ce52010d06a7ff9f8b62690ca6d240115624d509ebb3fe0392952b49c2952c40,2020-02,Norfolk Constabulary,Norfolk Constabulary,1.261419,52.635930,On or near Winchcomb Road,E01026863,Norwich 006A,Violence and sexual offences,Unable to prosecute suspect,
bc0239390c8d3a70609e84738963a11ee5d45b085feebeab877d9e3921752890,2020-02,Norfolk Constabulary,Norfolk Constabulary,1.261419,52.635930,On or near Winchcomb Road,E01026863,Norwich 006A,Violence and sexual offences,Unable to prosecute suspect,
f67fd17a7bacc7bb39e5b78e1f0ced46bbcadfbd20c67284a73b682d8088e822,2020-02,Norfolk Constabulary,Norfolk Constabulary,1.262991,52.633018,On or near Hospital,E01026863,Norwich 006A,Violence and sexual offences,Unable to prosecute suspect,
97d5909e099f2c7769fc80d5f8c564ff2887686531065fb629a645869f2e71f0,2020-02,Norfolk Constabulary,Norfolk Constabulary,1.260424,52.635463,On or near Waterman Road,E01026863,Norwich 006A,Violence and sexual offences,Status update unavailable,
8a22cd5b28dedd4678328c10bf2401da23428aaea5ca3d276aeb39c25eb48a01,2020-02,Norfolk Constabulary,Norfolk Constabulary,1.262991,52.633018,On or near Hospital,E01026863,Norwich 006A,Violence and sexual offences,Unable to prosecute suspect,
38ba621d5c450fcfab71af87748d02a2b4c744ea3878bc4bdf124a8b4396f6e7,2020-02,Norfolk Constabulary,Norfolk Constabulary,1.262991,52.633018,On or near Hospital,E01026863,Norwich 006A,Violence and sexual offences,Unable to prosecute suspect,
,2020-02,Norfolk Constabulary,Norfolk Constabulary,1.250945,52.647577,On or near Trilithorn Close,E01026864,Norwich 006B,Anti-social behaviour,,
91b3c8a3b90fb5006e1351dd19637b4d9f9ac88be48bea6cee92c3329448fc65,2020-02,Norfolk Constabulary,Norfolk Constabulary,1.242745,52.645059,On or near Camborne Close,E01026864,Norwich 006B,Burglary,Unable to prosecute suspect,
a1094812d25c2341e53349408ca94d997e818a98409f1f0b33434a98216dfce6,2020-02,Norfolk Constabulary,Norfolk Constabulary,1.248793,52.639695,On or near Lusher Rise,E01026864,Norwich 006B,Criminal damage and arson,Investigation complete; no suspect identified,
d17668db7b518a10c4d8915826128c01d355b264929a02f66d7c1db890afba56,2020-02,Norfolk Constabulary,Norfolk Constabulary,1.239653,52.644046,On or near Woodhill Rise,E01026864,Norwich 006B,Criminal damage and arson,Unable to prosecute suspect,
0e8e170a908aa3fc3b9d2c3892db3869ad6f3a51941febd406130f4345bf609f,2020-02,Norfolk Constabulary,Norfolk Constabulary,1.261352,52.651500,On or near Drayton Road,E01026864,Norwich 006B,Public order,Investigation complete; no suspect identified,
e97e7b74c06003ab6bab463b4f5a4a4afb006566543d9f6c998cdf5cf091b1ee,2020-02,Norfolk Constabulary,Norfolk Constabulary,1.252919,52.637720,On or near Dereham Road,E01026864,Norwich 006B,Public order,Unable to prosecute suspect,
d3d3b7afc2b740a9e01cbdb5bf13cda3745f245718fc165f163bca0259a1fd44,2020-02,Norfolk Constabulary,Norfolk Constabulary,1.255554,52.647513,On or near Hellesdon Hall Road,E01026864,Norwich 006B,Public order,Unable to prosecute suspect,
dba80d31dac953f3722e31ba14eb51ec51cf715d6ebd811eefe2f14fd406d313,2020-02,Norfolk Constabulary,Norfolk Constabulary,1.261352,52.651500,On or near Drayton Road,E01026864,Norwich 006B,Public order,Investigation complete; no suspect identified,
9e57ac939416c2fc1eab807d50114dcfaf5dbe9553836e1f22a5c1f9db148147,2020-02,Norfolk Constabulary,Norfolk Constabulary,1.261352,52.651500,On or near Drayton Road,E01026864,Norwich 006B,Public order,Investigation complete; no suspect identified,
b1f69075e39fc83c7deda3b3d2f5bf568cf853826b5d875f80522fb5c4942ed8,2020-02,Norfolk Constabulary,Norfolk Constabulary,1.252919,52.637720,On or near Dereham Road,E01026864,Norwich 006B,Public order,Unable to prosecute suspect,
b49a7bdb6723e82b72f0c3c2f772091377e1a019460784f1ba1bb867f177c241,2020-02,Norfolk Constabulary,Norfolk Constabulary,1.261352,52.651500,On or near Drayton Road,E01026864,Norwich 006B,Shoplifting,Investigation complete; no suspect identified,
b6063e3f7bf3c8c4c0c868e52fff508a9d6102c5c001f93a26ef99c9c346c279,2020-02,Norfolk Constabulary,Norfolk Constabulary,1.261352,52.651500,On or near Drayton Road,E01026864,Norwich 006B,Shoplifting,Court result unavailable,
369ecc35a34dab34eea133b705c28ee3600554bdf86c99a50ec97e0bcf680ab8,2020-02,Norfolk Constabulary,Norfolk Constabulary,1.261352,52.651500,On or near Drayton Road,E01026864,Norwich 006B,Shoplifting,Unable to prosecute suspect,
c8d1dd33017d8be8915731625bc85bbb456277e980206c1446a8e3a75bfa453f,2020-02,Norfolk Constabulary,Norfolk Constabulary,1.261352,52.651500,On or near Drayton Road,E01026864,Norwich 006B,Shoplifting,Action to be taken by another organisation,
9464712e77f588f8019d2e983fad45fa585d993c555932da7c102cbaba2f843a,2020-02,Norfolk Constabulary,Norfolk Constabulary,1.261352,52.651500,On or near Drayton Road,E01026864,Norwich 006B,Shoplifting,Unable to prosecute suspect,
80d12a3f16799837b66f1d3e35a6a2519401b094ae2d61b954528acbfea45f60,2020-02,Norfolk Constabulary,Norfolk Constabulary,1.261352,52.651500,On or near Drayton Road,E01026864,Norwich 006B,Shoplifting,Unable to prosecute suspect,
8201e4bdaaf23ce46dcbea882b30c78332dea0618cc55fe1af4d92624ffe3bca,2020-02,Norfolk Constabulary,Norfolk Constabulary,1.261352,52.651500,On or near Drayton Road,E01026864,Norwich 006B,Shoplifting,Investigation complete; no suspect identified,
72806a41731d557ad441f086a737e452073c7f832a45c28496148e14b99638c1,2020-02,Norfolk Constabulary,Norfolk Constabulary,1.261352,52.651500,On or near Drayton Road,E01026864,Norwich 006B,Shoplifting,Offender given a caution,
24ca36d3db97f1f2d081e49914992114f6f778bf782a23260fabffae41fd6ed5,2020-02,Norfolk Constabulary,Norfolk Constabulary,1.248793,52.639695,On or near Lusher Rise,E01026864,Norwich 006B,Vehicle crime,Investigation complete; no suspect identified,
33718d45bc65d92d9ddb07517d73b66ca7c4961fb249545e0406faef8f4ebfce,2020-02,Norfolk Constabulary,Norfolk Constabulary,1.239653,52.644046,On or near Woodhill Rise,E01026864,Norwich 006B,Violence and sexual offences,Investigation complete; no suspect identified,
e148d3356242a794f0d221ef8345b0c4a22415eecf49122172e981a572f012ca,2020-02,Norfolk Constabulary,Norfolk Constabulary,1.247854,52.640782,On or near Parking Area,E01026864,Norwich 006B,Violence and sexual offences,Unable to prosecute suspect,
f82df5e0793e0041b7a62e1a6ea22224796be04f182cdc4f846486f4c9b0d984,2020-02,Norfolk Constabulary,Norfolk Constabulary,1.243665,52.642120,On or near White Rose Close,E01026864,Norwich 006B,Other crime,Unable to prosecute suspect,
,2020-02,Norfolk Constabulary,Norfolk Constabulary,1.259141,52.634905,On or near Guardian Road,E01026865,Norwich 006C,Anti-social behaviour,,
,2020-02,Norfolk Constabulary,Norfolk Constabulary,1.250589,52.636597,On or near Sports/Recreation Area,E01026865,Norwich 006C,Anti-social behaviour,,
,2020-02,Norfolk Constabulary,Norfolk Constabulary,1.257270,52.632609,On or near Apsley Court,E01026865,Norwich 006C,Anti-social behaviour,,
,2020-02,Norfolk Constabulary,Norfolk Constabulary,1.251330,52.636828,On or near Whistlefish Court,E01026865,Norwich 006C,Anti-social behaviour,,
53bcd0068fa4034e86d9cbf2602127dc62878c9ca4c3a60b77f0f2cdae583b99,2020-02,Norfolk Constabulary,Norfolk Constabulary,1.247741,52.632277,On or near Fellowes Close,E01026865,Norwich 006C,Criminal damage and arson,Investigation complete; no suspect identified,
42c5916f984d2a7cbae9bca299c2fa673b5ac268ceb1341f6837ac010076f5e3,2020-02,Norfolk Constabulary,Norfolk Constabulary,1.251763,52.631897,On or near Filby Close,E01026865,Norwich 006C,Criminal damage and arson,Investigation complete; no suspect identified,
213091c0e0d2bcf8c3680a7a21709a64e409a2ff66bf5d0f00ed8b0ce2da5405,2020-02,Norfolk Constabulary,Norfolk Constabulary,1.250589,52.636597,On or near Sports/Recreation Area,E01026865,Norwich 006C,Criminal damage and arson,Investigation complete; no suspect identified,
c9297828e53560395a56c6f822011d59159f9e42d2d31455ab8a42b0b36c637f,2020-02,Norfolk Constabulary,Norfolk Constabulary,1.247741,52.632277,On or near Fellowes Close,E01026865,Norwich 006C,Criminal damage and arson,Investigation complete; no suspect identified,
de9720a43f7b5621d01bc0ff65128d5b339dab798de4825db538281c18c99f1b,2020-02,Norfolk Constabulary,Norfolk Constabulary,1.255743,52.633343,On or near Ivy Road,E01026865,Norwich 006C,Drugs,Local resolution,
fe8264fc2ee731c77f24c5ac52eb7567fa819a9eacd0fae7ea60a5bad353d975,2020-02,Norfolk Constabulary,Norfolk Constabulary,1.259348,52.634117,On or near Guardian Road,E01026865,Norwich 006C,Other theft,Investigation complete; no suspect identified,
a81711acca33820cc4cb46bfcaeea24b3e1dbd2df9d5efb7dbab4b0cf8cfba4b,2020-02,Norfolk Constabulary,Norfolk Constabulary,1.259141,52.634905,On or near Guardian Road,E01026865,Norwich 006C,Violence and sexual offences,Action to be taken by another organisation,
34be7a39228e9e826775095268c022687e4c8add0b85d70b391e82d43d6e507b,2020-02,Norfolk Constabulary,Norfolk Constabulary,1.248454,52.633526,On or near Cadge Mews,E01026865,Norwich 006C,Violence and sexual offences,Unable to prosecute suspect,
4442721c8c3ace6303c26b82ef834ce9f34ef2c3b9fe7f70448f9b429472ff56,2020-02,Norfolk Constabulary,Norfolk Constabulary,1.247741,52.632277,On or near Fellowes Close,E01026865,Norwich 006C,Violence and sexual offences,Unable to prosecute suspect,
1d457f30905eb1fc19f3ac882d8e0b9a0a2c7416bedd7d957efb61c159932b99,2020-02,Norfolk Constabulary,Norfolk Constabulary,1.248454,52.633526,On or near Cadge Mews,E01026865,Norwich 006C,Violence and sexual offences,Unable to prosecute suspect,
44ad8132752a0f0205ed59bb8edcf92b08031cd9cdf89f6dc474f29d6da9a72d,2020-02,Norfolk Constabulary,Norfolk Constabulary,1.250087,52.637600,On or near Dell Crescent,E01026865,Norwich 006C,Violence and sexual offences,Unable to prosecute suspect,
6b699a222404f81daa3d3fdef97717b40e615246a6a0003e3753e1b9e1113424,2020-02,Norfolk Constabulary,Norfolk Constabulary,1.249770,52.634928,On or near Horning Close,E01026865,Norwich 006C,Violence and sexual offences,Unable to prosecute suspect,
65ac4b23235511653d0127fcbd6fdf5c7a302e97c24073ff0177338616c12b17,2020-02,Norfolk Constabulary,Norfolk Constabulary,1.259348,52.634117,On or near Guardian Road,E01026865,Norwich 006C,Violence and sexual offences,Unable to prosecute suspect,
64531b08e6d0d2416312f6682149caae588f005a221009a0a46ad2393aa2e647,2020-02,Norfolk Constabulary,Norfolk Constabulary,1.249770,52.634928,On or near Horning Close,E01026865,Norwich 006C,Violence and sexual offences,Status update unavailable,
13c77d5d7b3583e9470918558a4b9c50162e39ea14c2135fa294174514053379,2020-02,Norfolk Constabulary,Norfolk Constabulary,1.249410,52.632069,On or near Wrench Road,E01026865,Norwich 006C,Violence and sexual offences,Unable to prosecute suspect,
,2020-02,Norfolk Constabulary,Norfolk Constabulary,1.273247,52.635163,On or near Finchley Court,E01026866,Norwich 006D,Anti-social behaviour,,
0e2aabdc139bec338e2f0a917c656e868bed636bd81f00e1efb2c342f36d85e8,2020-02,Norfolk Constabulary,Norfolk Constabulary,1.268861,52.636804,On or near Turner Road,E01026866,Norwich 006D,Criminal damage and arson,Investigation complete; no suspect identified,
3cac16621e64b7565c8d09990dd3fba8156c8fc10d9cab42dd5e44b3fced509b,2020-02,Norfolk Constabulary,Norfolk Constabulary,1.271762,52.635663,On or near Livingstone Street,E01026866,Norwich 006D,Vehicle crime,Investigation complete; no suspect identified,
5b351cf57b3b86cfae478bef9e74fbc0ec0138bf6934b64a937d0dbdfe45ac18,2020-02,Norfolk Constabulary,Norfolk Constabulary,1.270812,52.638378,On or near Armes Crescent,E01026866,Norwich 006D,Violence and sexual offences,Unable to prosecute suspect,
4e1d3cd644c164b516aaa59be0139593ef622602f4ec7ba834e9145a3bd9a83d,2020-02,Norfolk Constabulary,Norfolk Constabulary,1.270812,52.638378,On or near Armes Crescent,E01026866,Norwich 006D,Violence and sexual offences,Formal action is not in the public interest,
390889cf0991710a6a73761cf732504fba2c287a681b118dc1d4971e8dab4c7a,2020-02,Norfolk Constabulary,Norfolk Constabulary,1.270812,52.638378,On or near Armes Crescent,E01026866,Norwich 006D,Violence and sexual offences,Unable to prosecute suspect,
06f21096ee899784d52ede567f2569a642ea1edf6a0ea8889bc53918334c4eca,2020-02,Norfolk Constabulary,Norfolk Constabulary,1.270812,52.638378,On or near Armes Crescent,E01026866,Norwich 006D,Violence and sexual offences,Action to be taken by another organisation,
4cd4e7db6331c4c455ac2572813994979937c1eda268a98caa9cc147b8bfc1cd,2020-02,Norfolk Constabulary,Norfolk Constabulary,1.270812,52.638378,On or near Armes Crescent,E01026866,Norwich 006D,Violence and sexual offences,Unable to prosecute suspect,
80b84476cda9dce53092f1f72ec2cbd4fe705ff34850d668feee0efc45cea6d2,2020-02,Norfolk Constabulary,Norfolk Constabulary,1.270812,52.638378,On or near Armes Crescent,E01026866,Norwich 006D,Violence and sexual offences,Awaiting court outcome,
922cc55e248baa380c4640f4bc0b947f38308c36165ce3491d2b962a4f2ae949,2020-02,Norfolk Constabulary,Norfolk Constabulary,1.270812,52.638378,On or near Armes Crescent,E01026866,Norwich 006D,Violence and sexual offences,Action to be taken by another organisation,
6aec85372b8d7af4d499486d96bc7648a0c7bbb28dae2d56f9178fe52f7deabf,2020-02,Norfolk Constabulary,Norfolk Constabulary,1.270812,52.638378,On or near Armes Crescent,E01026866,Norwich 006D,Violence and sexual offences,Unable to prosecute suspect,
24710c660a17493f2e8732b428a553128f938f80b27616ebe5ef5557ed383799,2020-02,Norfolk Constabulary,Norfolk Constabulary,1.270812,52.638378,On or near Armes Crescent,E01026866,Norwich 006D,Violence and sexual offences,Awaiting court outcome,
,2020-02,Norfolk Constabulary,Norfolk Constabulary,1.242425,52.635741,On or near Motum Road,E01026867,Norwich 006E,Anti-social behaviour,,
,2020-02,Norfolk Constabulary,Norfolk Constabulary,1.243751,52.637891,On or near Clarkson Road,E01026867,Norwich 006E,Anti-social behaviour,,
ab99a884b09418dc1b18b9339a524120e0b279b01eabbb9c6d50a31326f7ae2a,2020-02,Norfolk Constabulary,Norfolk Constabulary,1.241628,52.638758,On or near Supermarket,E01026867,Norwich 006E,Criminal damage and arson,Investigation complete; no suspect identified,
c5f85510c69b7fb32dacf80cefe77ad92a9c645590b93692782f17ddf5e3d585,2020-02,Norfolk Constabulary,Norfolk Constabulary,1.246200,52.639613,On or near Jex Lane,E01026867,Norwich 006E,Other theft,Unable to prosecute suspect,
1d4d979505b5bef0bcc315451cf29686f4f31e4231392a0ca3d6c33c39e6d433,2020-02,Norfolk Constabulary,Norfolk Constabulary,1.243751,52.637891,On or near Clarkson Road,E01026867,Norwich 006E,Public order,Investigation complete; no suspect identified,
7f13b7934e816a10e7405899766ccb7d8804061bfc3b9da2e1bf0d0178c8ff90,2020-02,Norfolk Constabulary,Norfolk Constabulary,1.243751,52.637891,On or near Clarkson Road,E01026867,Norwich 006E,Public order,Investigation complete; no suspect identified,
6cc9e88414d74e644ebf5c7ebe12847e448ba5c340b53865dfed00ec6c4c849b,2020-02,Norfolk Constabulary,Norfolk Constabulary,1.241628,52.638758,On or near Supermarket,E01026867,Norwich 006E,Shoplifting,Court result unavailable,
8750155b16b52eeb593e337537100e3b254335cc194eb72798d571e0cec4ecf0,2020-02,Norfolk Constabulary,Norfolk Constabulary,1.241628,52.638758,On or near Supermarket,E01026867,Norwich 006E,Shoplifting,Investigation complete; no suspect identified,
69875f331ff28b0ff6c1080f1f17b34270bb2a77709ea73c2d6078a2b5726dd8,2020-02,Norfolk Constabulary,Norfolk Constabulary,1.242425,52.635741,On or near Motum Road,E01026867,Norwich 006E,Violence and sexual offences,Unable to prosecute suspect,
50828f37822f89a40cadefa5a4f1a50ba46366937aa35da86eab22efe809c47b,2020-02,Norfolk Constabulary,Norfolk Constabulary,1.243751,52.637891,On or near Clarkson Road,E01026867,Norwich 006E,Violence and sexual offences,Unable to prosecute suspect,
0a2928c66d2d7b7fba3a221a8157fbb6976aae6b32b34d118b0e9788db894e8b,2020-02,Norfolk Constabulary,Norfolk Constabulary,1.242425,52.635741,On or near Motum Road,E01026867,Norwich 006E,Violence and sexual offences,Unable to prosecute suspect,
3625f8e0bdbf8a977add1576117c8d162c11a86424aa33a76ab8c674996344f5,2020-02,Norfolk Constabulary,Norfolk Constabulary,1.246200,52.639613,On or near Jex Lane,E01026867,Norwich 006E,Violence and sexual offences,Status update unavailable,
74ee371a22a4f1efb7ca21309009e6d0ddf5a2fe302f559a2bb5fa21006beeb2,2020-02,Norfolk Constabulary,Norfolk Constabulary,1.243751,52.637891,On or near Clarkson Road,E01026867,Norwich 006E,Violence and sexual offences,Offender given a caution,
8765ad3a61c1c6020f08d5920244ef2e6c6cc8a30a7df204e95e42511b1bac48,2020-02,Norfolk Constabulary,Norfolk Constabulary,1.247859,52.637265,On or near Darrell Place,E01026867,Norwich 006E,Violence and sexual offences,Unable to prosecute suspect,
b95e07e46b1c62aaccab27e58df2270e24fb6a3d3c57c77ed1607c200f820dba,2020-02,Norfolk Constabulary,Norfolk Constabulary,1.243751,52.637891,On or near Clarkson Road,E01026867,Norwich 006E,Violence and sexual offences,Unable to prosecute suspect,
f61d7875cd19e98e18afbaff663bf7ea589422406bbefa35937f8e392ddd4b45,2020-02,Norfolk Constabulary,Norfolk Constabulary,1.246200,52.639613,On or near Jex Lane,E01026867,Norwich 006E,Violence and sexual offences,Status update unavailable,
78c487eacc567bacdea146daf8b19def49299a83c5762fa8908242f3210294b0,2020-02,Norfolk Constabulary,Norfolk Constabulary,1.243751,52.637891,On or near Clarkson Road,E01026867,Norwich 006E,Violence and sexual offences,Unable to prosecute suspect,
1efa3ba15713fbb1c38cf0abf9473ca611c1a1b8cd1f976e53a577d103555f21,2020-02,Norfolk Constabulary,Norfolk Constabulary,1.243751,52.637891,On or near Clarkson Road,E01026867,Norwich 006E,Violence and sexual offences,Unable to prosecute suspect,
d36b903eab940e77451ac47cf466e9a801f4c7d1230660cdac8ae000821386c8,2020-02,Norfolk Constabulary,Norfolk Constabulary,1.246200,52.639613,On or near Jex Lane,E01026867,Norwich 006E,Other crime,Investigation complete; no suspect identified,
,2020-02,Norfolk Constabulary,Norfolk Constabulary,1.249069,52.630262,On or near Gipsy Close,E01026868,Norwich 006F,Anti-social behaviour,,
,2020-02,Norfolk Constabulary,Norfolk Constabulary,1.248394,52.633914,On or near Earlham Grove,E01026868,Norwich 006F,Anti-social behaviour,,
b768550ce60dde8a1cf08544767781b0363f2f5c9b3f04f9d37c1fb759681a41,2020-02,Norfolk Constabulary,Norfolk Constabulary,1.247891,52.630519,On or near Charge Road,E01026868,Norwich 006F,Criminal damage and arson,Investigation complete; no suspect identified,
f329792e396cbf6a41675b3afbb3f111fe0432300eb95bb80fb3a26b756830d2,2020-02,Norfolk Constabulary,Norfolk Constabulary,1.254251,52.629976,On or near Earles Gardens,E01026868,Norwich 006F,Criminal damage and arson,Investigation complete; no suspect identified,
a34031f2f12b58aa409fb8cfeaaae44bd02bf93cbddb2bacfa15a5ecd5dcbeb8,2020-02,Norfolk Constabulary,Norfolk Constabulary,1.246457,52.635298,On or near Cadge Close,E01026868,Norwich 006F,Other theft,Unable to prosecute suspect,
9132deb7adde1d420c091be6025149435a812f7f7f22e3778428a78dd07bbb77,2020-02,Norfolk Constabulary,Norfolk Constabulary,1.246457,52.635298,On or near Cadge Close,E01026868,Norwich 006F,Other theft,Investigation complete; no suspect identified,
6807d23059046a81e66353f5296ad93ce15cda8b2e085ab22b4d800f4f28d933,2020-02,Norfolk Constabulary,Norfolk Constabulary,1.248394,52.633914,On or near Earlham Grove,E01026868,Norwich 006F,Public order,Unable to prosecute suspect,
0bf1b26fe17007f0496e40fe9ae98c76baaa8875edd25573d10fed8afa206260,2020-02,Norfolk Constabulary,Norfolk Constabulary,1.247891,52.630519,On or near Charge Road,E01026868,Norwich 006F,Public order,Awaiting court outcome,
c1174e46285daf55fb55171b9b20dbfe8b8ae34d0425edbda9da5ece2a36a4a7,2020-02,Norfolk Constabulary,Norfolk Constabulary,1.249069,52.630262,On or near Gipsy Close,E01026868,Norwich 006F,Violence and sexual offences,Status update unavailable,
fd8b01608aa26056f673325b5e14caf0bce5fdf3e527f554b43f90a106a8aa9d,2020-02,Norfolk Constabulary,Norfolk Constabulary,1.247891,52.630519,On or near Charge Road,E01026868,Norwich 006F,Violence and sexual offences,Awaiting court outcome,
2c1dcb61637cdb7e88cf0004e0e06a7b941325364ed9bfde48ab6443877a06da,2020-02,Norfolk Constabulary,Norfolk Constabulary,1.247502,52.633048,On or near Foxley Close,E01026868,Norwich 006F,Violence and sexual offences,Investigation complete; no suspect identified,
c5e0a28decab2086765dc079cb4a6c30a3adfd6146d698d85ede1b645cd27087,2020-02,Norfolk Constabulary,Norfolk Constabulary,1.247312,52.635266,On or near Cadge Road,E01026868,Norwich 006F,Violence and sexual offences,Unable to prosecute suspect,
05e9cdb709070fc1ced6b0792cc128f5e26a4259fbb5205c949188cfe458ef62,2020-02,Norfolk Constabulary,Norfolk Constabulary,1.247502,52.633048,On or near Foxley Close,E01026868,Norwich 006F,Violence and sexual offences,Unable to prosecute suspect,
50cfe1243bdbf6a78ee65e54a99232666ed92ac283f68cd2de34c8d9c3f3ffe6,2020-02,Norfolk Constabulary,Norfolk Constabulary,1.247502,52.633048,On or near Foxley Close,E01026868,Norwich 006F,Violence and sexual offences,Unable to prosecute suspect,
2100819db1b283c57a403d66cab2ccf813a321d90b429d429cbfacb567bb8164,2020-02,Norfolk Constabulary,Norfolk Constabulary,1.247312,52.635266,On or near Cadge Road,E01026868,Norwich 006F,Violence and sexual offences,Court result unavailable,
218bfe827da7a2753b4a38f1501079420c4644a983dfc5f06cc75235c451cc2e,2020-02,Norfolk Constabulary,Norfolk Constabulary,1.247312,52.635266,On or near Cadge Road,E01026868,Norwich 006F,Violence and sexual offences,Unable to prosecute suspect,
103a879977615e6e58d2b99ffd539c094d76febc66a48e81574988f29320231e,2020-02,Norfolk Constabulary,Norfolk Constabulary,1.254251,52.629976,On or near Earles Gardens,E01026868,Norwich 006F,Other crime,Unable to prosecute suspect,
89550fac10cf15226e7ea5ce342eb6bd691f11108463586a7a47eb4d8c15fe56,2020-02,Norfolk Constabulary,Norfolk Constabulary,1.247891,52.630519,On or near Charge Road,E01026868,Norwich 006F,Other crime,Status update unavailable,
,2020-02,Norfolk Constabulary,Norfolk Constabulary,1.238933,52.640900,On or near Knowland Grove,E01026869,Norwich 006G,Anti-social behaviour,,
,2020-02,Norfolk Constabulary,Norfolk Constabulary,1.238933,52.640900,On or near Knowland Grove,E01026869,Norwich 006G,Anti-social behaviour,,
,2020-02,Norfolk Constabulary,Norfolk Constabulary,1.245618,52.641131,On or near Hellesdon Close,E01026869,Norwich 006G,Anti-social behaviour,,
f8edf2fd07362e8c33d5968f36c37d2ab797866151884d347b31d9473f118337,2020-02,Norfolk Constabulary,Norfolk Constabulary,1.242924,52.641088,On or near Marl Pit Lane,E01026869,Norwich 006G,Burglary,Unable to prosecute suspect,
5d17793692698347a9b43ed63dbc83a08eb987a234ed294b5d2ce578441ebd7c,2020-02,Norfolk Constabulary,Norfolk Constabulary,1.242234,52.641557,On or near Gentry Place,E01026869,Norwich 006G,Criminal damage and arson,Investigation complete; no suspect identified,
a1d46be38ab8aefb09e8b2b63b875fb30809e32020dd44a5f247e1741aa31755,2020-02,Norfolk Constabulary,Norfolk Constabulary,1.235551,52.640948,On or near Norwich Road,E01026869,Norwich 006G,Drugs,Court result unavailable,
3e84cf40267a1f1f9294c2fa7929cf3c7c3f7e02fbc118035ec9674e7721013f,2020-02,Norfolk Constabulary,Norfolk Constabulary,1.240803,52.640795,On or near Gristock Place,E01026869,Norwich 006G,Drugs,Offender given a caution,
18421311036338df2276aa9ad6b2d1ca53ac335440a356f32d033bb7df465548,2020-02,Norfolk Constabulary,Norfolk Constabulary,1.242924,52.641088,On or near Marl Pit Lane,E01026869,Norwich 006G,Other theft,Investigation complete; no suspect identified,
b8c3efcf2db4578c65398271fb9101bd83ca2001e4362adbd55fbe4322d59f3a,2020-02,Norfolk Constabulary,Norfolk Constabulary,1.237933,52.642780,On or near Oval Avenue,E01026869,Norwich 006G,Other theft,Investigation complete; no suspect identified,
b4330fc9f38c58d56ace35fec5076b7cf8c23b5310a4323ab453ca733bb08614,2020-02,Norfolk Constabulary,Norfolk Constabulary,1.244046,52.640473,On or near Jex Avenue,E01026869,Norwich 006G,Vehicle crime,Investigation complete; no suspect identified,
a5ea4fdaa9cfcdfee6588efc27681673dc4eaa1e9dbdd1f28e55dc949ba61440,2020-02,Norfolk Constabulary,Norfolk Constabulary,1.245332,52.640473,On or near Jex Road,E01026869,Norwich 006G,Violence and sexual offences,Action to be taken by another organisation,
9d34b4a1e2f78cfd95ad46b1dc0afeb6a89308b7240b0a6acaa157a385eb4a1e,2020-02,Norfolk Constabulary,Norfolk Constabulary,1.242924,52.641088,On or near Marl Pit Lane,E01026869,Norwich 006G,Violence and sexual offences,Investigation complete; no suspect identified,
5bafa1a24bd4ba0e56822f33e012e0174a93110f295372852f37bc7e0d2969e5,2020-02,Norfolk Constabulary,Norfolk Constabulary,1.245332,52.640473,On or near Jex Road,E01026869,Norwich 006G,Violence and sexual offences,Action to be taken by another organisation,
04bd4e09e49af118dd02832bc99c76750d581cfe869d9125a007abc35d95e7ae,2020-02,Norfolk Constabulary,Norfolk Constabulary,1.238919,52.641908,On or near Randle Green,E01026869,Norwich 006G,Violence and sexual offences,Status update unavailable,
676105aa1c29e22a7e03fd6df87379303bbcb3e9a9155a5139ac2459765dee3c,2020-02,Norfolk Constabulary,Norfolk Constabulary,1.245332,52.640473,On or near Jex Road,E01026869,Norwich 006G,Violence and sexual offences,Unable to prosecute suspect,
50786e1b29b7c809725cfd67d619d02f196b973dcd2b54b3187fc9c741333e13,2020-02,Norfolk Constabulary,Norfolk Constabulary,1.235551,52.640948,On or near Norwich Road,E01026869,Norwich 006G,Violence and sexual offences,Unable to prosecute suspect,
48bee5092f182eddcb414bdb9669d94a3a8e8bcc3b870f9f4d03265fb06f7fbd,2020-02,Norfolk Constabulary,Norfolk Constabulary,1.238603,52.640433,On or near Jamieson Place,E01026869,Norwich 006G,Violence and sexual offences,Unable to prosecute suspect,
11fc1fcd6f667b8ec381f033d6a28cce8cfe07c6faf711c2dd69de383343542d,2020-02,Norfolk Constabulary,Norfolk Constabulary,1.238919,52.641908,On or near Randle Green,E01026869,Norwich 006G,Violence and sexual offences,Unable to prosecute suspect,
6e6f9ab802d729437e7c21b842867e7875562d1513f218ea331fc614609c3c3f,2020-02,Norfolk Constabulary,Norfolk Constabulary,1.245618,52.641131,On or near Hellesdon Close,E01026869,Norwich 006G,Violence and sexual offences,Unable to prosecute suspect,
e866b1a626dbd739fa8c7254af5d298ada8f2d3446aa4e2ebc206927ccf68db0,2020-02,Norfolk Constabulary,Norfolk Constabulary,1.238919,52.641908,On or near Randle Green,E01026869,Norwich 006G,Violence and sexual offences,Status update unavailable,
e803311462b64778fa61bbb08e89e8ea5f03f5f1b62eb29ec589182b6475064d,2020-02,Norfolk Constabulary,Norfolk Constabulary,1.242234,52.641557,On or near Gentry Place,E01026869,Norwich 006G,Violence and sexual offences,Action to be taken by another organisation,
09fea89aafc07a7536346c873d73b118e823d6f0c014e5621f083167d23b7989,2020-02,Norfolk Constabulary,Norfolk Constabulary,1.245332,52.640473,On or near Jex Road,E01026869,Norwich 006G,Violence and sexual offences,Action to be taken by another organisation,
524a493966ccb5b392dfd03784049bfff654e99021f6188efa4de5479b928d50,2020-02,Norfolk Constabulary,Norfolk Constabulary,1.242234,52.641557,On or near Gentry Place,E01026869,Norwich 006G,Other crime,Unable to prosecute suspect,
,2020-02,Norfolk Constabulary,Norfolk Constabulary,1.291218,52.624268,On or near Supermarket,E01026822,Norwich 007A,Anti-social behaviour,,
,2020-02,Norfolk Constabulary,Norfolk Constabulary,1.295858,52.627017,On or near Parking Area,E01026822,Norwich 007A,Anti-social behaviour,,
,2020-02,Norfolk Constabulary,Norfolk Constabulary,1.292693,52.625018,On or near Shopping Area,E01026822,Norwich 007A,Anti-social behaviour,,
,2020-02,Norfolk Constabulary,Norfolk Constabulary,1.295902,52.626620,On or near Shopping Area,E01026822,Norwich 007A,Anti-social behaviour,,
,2020-02,Norfolk Constabulary,Norfolk Constabulary,1.289771,52.625864,On or near Shopping Area,E01026822,Norwich 007A,Anti-social behaviour,,
,2020-02,Norfolk Constabulary,Norfolk Constabulary,1.287571,52.628255,On or near Chapel Field North,E01026822,Norwich 007A,Anti-social behaviour,,
,2020-02,Norfolk Constabulary,Norfolk Constabulary,1.292417,52.627050,On or near William Booth Street,E01026822,Norwich 007A,Anti-social behaviour,,
,2020-02,Norfolk Constabulary,Norfolk Constabulary,1.284956,52.631817,On or near Grapes Hill,E01026822,Norwich 007A,Anti-social behaviour,,
,2020-02,Norfolk Constabulary,Norfolk Constabulary,1.294877,52.627539,On or near Bus/Coach Station,E01026822,Norwich 007A,Anti-social behaviour,,
,2020-02,Norfolk Constabulary,Norfolk Constabulary,1.292417,52.627050,On or near William Booth Street,E01026822,Norwich 007A,Anti-social behaviour,,
,2020-02,Norfolk Constabulary,Norfolk Constabulary,1.292206,52.625221,On or near St Stephens Street,E01026822,Norwich 007A,Anti-social behaviour,,
,2020-02,Norfolk Constabulary,Norfolk Constabulary,1.291049,52.627726,On or near Parking Area,E01026822,Norwich 007A,Anti-social behaviour,,
,2020-02,Norfolk Constabulary,Norfolk Constabulary,1.289941,52.627146,On or near Theatre/Concert Hall,E01026822,Norwich 007A,Anti-social behaviour,,
,2020-02,Norfolk Constabulary,Norfolk Constabulary,1.290087,52.630469,On or near St Lawrence Lane,E01026822,Norwich 007A,Anti-social behaviour,,
,2020-02,Norfolk Constabulary,Norfolk Constabulary,1.295529,52.623824,On or near Surrey Grove,E01026822,Norwich 007A,Anti-social behaviour,,
,2020-02,Norfolk Constabulary,Norfolk Constabulary,1.295902,52.626620,On or near Shopping Area,E01026822,Norwich 007A,Anti-social behaviour,,
,2020-02,Norfolk Constabulary,Norfolk Constabulary,1.290984,52.628241,On or near Norwich Police Station,E01026822,Norwich 007A,Anti-social behaviour,,
,2020-02,Norfolk Constabulary,Norfolk Constabulary,1.292693,52.625018,On or near Shopping Area,E01026822,Norwich 007A,Anti-social behaviour,,
,2020-02,Norfolk Constabulary,Norfolk Constabulary,1.292417,52.627050,On or near William Booth Street,E01026822,Norwich 007A,Anti-social behaviour,,
,2020-02,Norfolk Constabulary,Norfolk Constabulary,1.284919,52.630739,On or near Pedestrian Subway,E01026822,Norwich 007A,Anti-social behaviour,,
,2020-02,Norfolk Constabulary,Norfolk Constabulary,1.292417,52.627050,On or near William Booth Street,E01026822,Norwich 007A,Anti-social behaviour,,
,2020-02,Norfolk Constabulary,Norfolk Constabulary,1.297158,52.629958,On or near Bank Plain,E01026822,Norwich 007A,Anti-social behaviour,,
,2020-02,Norfolk Constabulary,Norfolk Constabulary,1.292417,52.627050,On or near William Booth Street,E01026822,Norwich 007A,Anti-social behaviour,,
,2020-02,Norfolk Constabulary,Norfolk Constabulary,1.291049,52.627726,On or near Parking Area,E01026822,Norwich 007A,Anti-social behaviour,,
,2020-02,Norfolk Constabulary,Norfolk Constabulary,1.297158,52.629958,On or near Bank Plain,E01026822,Norwich 007A,Anti-social behaviour,,
,2020-02,Norfolk Constabulary,Norfolk Constabulary,1.292417,52.627050,On or near William Booth Street,E01026822,Norwich 007A,Anti-social behaviour,,
,2020-02,Norfolk Constabulary,Norfolk Constabulary,1.287181,52.630937,On or near Ten Bell Lane,E01026822,Norwich 007A,Anti-social behaviour,,
,2020-02,Norfolk Constabulary,Norfolk Constabulary,1.298389,52.623331,On or near Ber Street,E01026822,Norwich 007A,Anti-social behaviour,,
,2020-02,Norfolk Constabulary,Norfolk Constabulary,1.292417,52.627050,On or near William Booth Street,E01026822,Norwich 007A,Anti-social behaviour,,
,2020-02,Norfolk Constabulary,Norfolk Constabulary,1.298268,52.625061,On or near Thorn Lane,E01026822,Norwich 007A,Anti-social behaviour,,
,2020-02,Norfolk Constabulary,Norfolk Constabulary,1.292417,52.627050,On or near William Booth Street,E01026822,Norwich 007A,Anti-social behaviour,,
,2020-02,Norfolk Constabulary,Norfolk Constabulary,1.291218,52.624268,On or near Supermarket,E01026822,Norwich 007A,Anti-social behaviour,,
,2020-02,Norfolk Constabulary,Norfolk Constabulary,1.297304,52.629936,On or near Redwell Street,E01026822,Norwich 007A,Anti-social behaviour,,
,2020-02,Norfolk Constabulary,Norfolk Constabulary,1.290984,52.628241,On or near Norwich Police Station,E01026822,Norwich 007A,Anti-social behaviour,,
,2020-02,Norfolk Constabulary,Norfolk Constabulary,1.297304,52.629936,On or near Redwell Street,E01026822,Norwich 007A,Anti-social behaviour,,
,2020-02,Norfolk Constabulary,Norfolk Constabulary,1.293246,52.626082,On or near Shopping Area,E01026822,Norwich 007A,Anti-social behaviour,,
,2020-02,Norfolk Constabulary,Norfolk Constabulary,1.293572,52.623339,On or near Further/Higher Educational Building,E01026822,Norwich 007A,Anti-social behaviour,,
,2020-02,Norfolk Constabulary,Norfolk Constabulary,1.292730,52.628858,On or near Gaol Hill,E01026822,Norwich 007A,Anti-social behaviour,,
,2020-02,Norfolk Constabulary,Norfolk Constabulary,1.290984,52.628241,On or near Norwich Police Station,E01026822,Norwich 007A,Anti-social behaviour,,
,2020-02,Norfolk Constabulary,Norfolk Constabulary,1.292417,52.627050,On or near William Booth Street,E01026822,Norwich 007A,Anti-social behaviour,,
,2020-02,Norfolk Constabulary,Norfolk Constabulary,1.292052,52.628490,On or near St Peters Street,E01026822,Norwich 007A,Anti-social behaviour,,
7fd3e196a6018fba3208527ad61b465ac396c83926b2e9aa93cf36bdd3b4f47b,2020-02,Norfolk Constabulary,Norfolk Constabulary,1.294860,52.625929,On or near Westlegate,E01026822,Norwich 007A,Bicycle theft,Investigation complete; no suspect identified,
66d08df6e3aaee842d35f71f515244ce6ab7cabb41b438f6f4018d5d39b552f3,2020-02,Norfolk Constabulary,Norfolk Constabulary,1.292693,52.625018,On or near Shopping Area,E01026822,Norwich 007A,Bicycle theft,Investigation complete; no suspect identified,
498ed2561116981c4a750accfb2bb0b5b3550fde71b42f75c2a86cf1a0a12600,2020-02,Norfolk Constabulary,Norfolk Constabulary,1.294860,52.625929,On or near Westlegate,E01026822,Norwich 007A,Bicycle theft,Investigation complete; no suspect identified,
22451ebe077081685867654375037b0f19c6ce26abc4467093bab859b1096ff7,2020-02,Norfolk Constabulary,Norfolk Constabulary,1.289771,52.625864,On or near Shopping Area,E01026822,Norwich 007A,Bicycle theft,Investigation complete; no suspect identified,
45143208e493c8adb90e957e1d849bea1fe96f66c1633a3c97a1b4642a529f06,2020-02,Norfolk Constabulary,Norfolk Constabulary,1.294877,52.627539,On or near Bus/Coach Station,E01026822,Norwich 007A,Bicycle theft,Investigation complete; no suspect identified,
43c28e307098e231e49e1e5c0eb5042bd1e4f590a7a53ed14b755070680cd674,2020-02,Norfolk Constabulary,Norfolk Constabulary,1.290679,52.624175,On or near Pedestrian Subway,E01026822,Norwich 007A,Bicycle theft,Investigation complete; no suspect identified,
53718f3362ddb7d342cd1bfebd3d44520fed4777541f28258f2ab1b36cf152a8,2020-02,Norfolk Constabulary,Norfolk Constabulary,1.290087,52.630469,On or near St Lawrence Lane,E01026822,Norwich 007A,Bicycle theft,Investigation complete; no suspect identified,
6a3676ed48a66d24f65353b74718f66b7c4766c739aff9ca3df0e3a5c61c46ab,2020-02,Norfolk Constabulary,Norfolk Constabulary,1.292693,52.625018,On or near Shopping Area,E01026822,Norwich 007A,Bicycle theft,Investigation complete; no suspect identified,
69856c0157837d52c50d29c74fdcab6652bde7b7c2a81621fb5dcfb254f87c1d,2020-02,Norfolk Constabulary,Norfolk Constabulary,1.292417,52.627050,On or near William Booth Street,E01026822,Norwich 007A,Bicycle theft,Investigation complete; no suspect identified,
a78af45383c7701c6c51ec675d67e5e704ebd637d03eea0950b85288628fbfae,2020-02,Norfolk Constabulary,Norfolk Constabulary,1.295876,52.627061,On or near Parking Area,E01026822,Norwich 007A,Bicycle theft,Status update unavailable,
67f1af0ecd78f75ada423e5be597ccfe91bf3c05ce749b8cd62d912076c26413,2020-02,Norfolk Constabulary,Norfolk Constabulary,1.288289,52.628172,On or near Theatre/Concert Hall,E01026822,Norwich 007A,Bicycle theft,Unable to prosecute suspect,
a522cec9b9eeb2caa341fb9fd180776593bf46363a4f5b1d1384f8f3a0dbc202,2020-02,Norfolk Constabulary,Norfolk Constabulary,1.301229,52.621399,On or near Foulgers Opening,E01026822,Norwich 007A,Bicycle theft,Investigation complete; no suspect identified,
1e81d211ca5cf1d48d43c601ebe259ccdd626829c023167f0bc799bb6fa402e4,2020-02,Norfolk Constabulary,Norfolk Constabulary,1.295876,52.627061,On or near Parking Area,E01026822,Norwich 007A,Bicycle theft,Investigation complete; no suspect identified,
8ee9d9fbddc298cebcddc373e5b9cab0acb5b7c42f0619990bfd27a468cfdad6,2020-02,Norfolk Constabulary,Norfolk Constabulary,1.295166,52.628430,On or near Castle Meadow,E01026822,Norwich 007A,Burglary,Investigation complete; no suspect identified,
c222ca271763dd1fcb8d56b869472a086f83a8b19bf4f2fc41fe36964bc05aac,2020-02,Norfolk Constabulary,Norfolk Constabulary,1.294877,52.627539,On or near Bus/Coach Station,E01026822,Norwich 007A,Burglary,Investigation complete; no suspect identified,
e6383d4ffbaaa53d9afd6972b6eee38925f67c4acee64da2fcfe8eb46f648718,2020-02,Norfolk Constabulary,Norfolk Constabulary,1.295876,52.627061,On or near Parking Area,E01026822,Norwich 007A,Burglary,Investigation complete; no suspect identified,
b31eff63c0ffc54a84cd1055756eb609b661f9d7ac90042c28b87ee738218295,2020-02,Norfolk Constabulary,Norfolk Constabulary,1.288289,52.628172,On or near Theatre/Concert Hall,E01026822,Norwich 007A,Burglary,Investigation complete; no suspect identified,
f36854171c19c140b86c9e9c746623132207495d186997d85e74abe204eb697d,2020-02,Norfolk Constabulary,Norfolk Constabulary,1.293246,52.626082,On or near Shopping Area,E01026822,Norwich 007A,Burglary,Investigation complete; no suspect identified,
4cb4b05f05d5ccaaf195e739c15601fa3339b0779a43e69df5234a8bd58564ce,2020-02,Norfolk Constabulary,Norfolk Constabulary,1.293572,52.623339,On or near Further/Higher Educational Building,E01026822,Norwich 007A,Criminal damage and arson,Unable to prosecute suspect,
811ec336ebaf1d57875a94e96915eeb4a0183d9d697bb2cb90cc24c2bedcdecc,2020-02,Norfolk Constabulary,Norfolk Constabulary,1.295876,52.627061,On or near Parking Area,E01026822,Norwich 007A,Criminal damage and arson,Unable to prosecute suspect,
8defd2615c2982ca74c891901ddff81768f4a7cbd095ef6eebdf42d90775d4dc,2020-02,Norfolk Constabulary,Norfolk Constabulary,1.292693,52.625018,On or near Shopping Area,E01026822,Norwich 007A,Criminal damage and arson,Investigation complete; no suspect identified,
2f6400f80b1497bb0ba28b182bf8a2fae480a16a4df862899fc2085e8fb1de15,2020-02,Norfolk Constabulary,Norfolk Constabulary,1.286924,52.629882,On or near Cow Hill,E01026822,Norwich 007A,Criminal damage and arson,Investigation complete; no suspect identified,
bc01f78f4d2b8a89c8e4e99530804a4d8e7a23237744462b7d054fa7d23a1eb9,2020-02,Norfolk Constabulary,Norfolk Constabulary,1.290087,52.630469,On or near St Lawrence Lane,E01026822,Norwich 007A,Criminal damage and arson,Court result unavailable,
6bc04f7987bef0b0731bbfa3199e059fd872eca2b43db66eb7b80aebb3d58e77,2020-02,Norfolk Constabulary,Norfolk Constabulary,1.295166,52.628430,On or near Castle Meadow,E01026822,Norwich 007A,Criminal damage and arson,Investigation complete; no suspect identified,
a47d2205b3232764ab219f1dbd8ff1d2e51850f77a5fdebca4bbe81d1be5324c,2020-02,Norfolk Constabulary,Norfolk Constabulary,1.300313,52.621991,On or near Lily Terrace,E01026822,Norwich 007A,Drugs,Court result unavailable,
84bcb3e9f874dd6efac903efb5b4d7b651096ff7d97439a71753c8120807bf75,2020-02,Norfolk Constabulary,Norfolk Constabulary,1.290782,52.625350,On or near Malthouse Road,E01026822,Norwich 007A,Drugs,Court result unavailable,
13c0d8d415edd33c1e9b888f9f123bf16e238f78c78dc80c13453188bac8c567,2020-02,Norfolk Constabulary,Norfolk Constabulary,1.295166,52.628430,On or near Castle Meadow,E01026822,Norwich 007A,Drugs,Status update unavailable,
75a9ca326b1f00613a066733a4109d44bb6dbcd8453b74410bdab5667b373cbb,2020-02,Norfolk Constabulary,Norfolk Constabulary,1.297304,52.629936,On or near Redwell Street,E01026822,Norwich 007A,Drugs,Court result unavailable,
cc0191fbe00e60c6713a81f04f60c37b0ae4545547fc1e74c5a79a9aa905fc7a,2020-02,Norfolk Constabulary,Norfolk Constabulary,1.285048,52.630285,On or near Grapes Hill,E01026822,Norwich 007A,Drugs,Offender given a caution,
b4b5987cbd17831dc97d291dc3f4c2b51735e9e968510ade8d00595772942022,2020-02,Norfolk Constabulary,Norfolk Constabulary,1.295166,52.628430,On or near Castle Meadow,E01026822,Norwich 007A,Drugs,Court result unavailable,
48e9a4a90120c28424a32821e2d940c404347e26ba9f4d2f7cc538fa73b2b581,2020-02,Norfolk Constabulary,Norfolk Constabulary,1.290782,52.625350,On or near Malthouse Road,E01026822,Norwich 007A,Drugs,Offender given a caution,
0def3fba7264020a942dd589a9b4e0afbb161c14fa3fc13c7f992e5b4eeea989,2020-02,Norfolk Constabulary,Norfolk Constabulary,1.298389,52.623331,On or near Ber Street,E01026822,Norwich 007A,Drugs,Local resolution,
8ca85873da20ee55b8ea4c1110ddd855ec50ee950ba57356be5d38d0641d0d69,2020-02,Norfolk Constabulary,Norfolk Constabulary,1.284956,52.631817,On or near Grapes Hill,E01026822,Norwich 007A,Drugs,Court result unavailable,
902c6da07ab756ee29b07db22f2c6e19af8b1058f5f9924e949e22de509abca2,2020-02,Norfolk Constabulary,Norfolk Constabulary,1.297025,52.624448,On or near Brooke Place,E01026822,Norwich 007A,Drugs,Offender given a drugs possession warning,
b0d65f9483f445df276dfc7fd3c51445ffeab62ccf16dfda2338d07be5b5369d,2020-02,Norfolk Constabulary,Norfolk Constabulary,1.284956,52.631817,On or near Grapes Hill,E01026822,Norwich 007A,Drugs,Offender given a caution,
578fb3f5ecb7d666b914a85c11603bcdbe39df23d8c30dc754e52e42d4743029,2020-02,Norfolk Constabulary,Norfolk Constabulary,1.288975,52.628063,On or near Little Bethel Street,E01026822,Norwich 007A,Drugs,Further action is not in the public interest,
d77bac83759bc0d602df57a5c23761369a40ada64adf0216c6177131c961b4b8,2020-02,Norfolk Constabulary,Norfolk Constabulary,1.292693,52.625018,On or near Shopping Area,E01026822,Norwich 007A,Other theft,Investigation complete; no suspect identified,
c375e3eadc595bd60bedf6ef6a52b467d1590febe1c1290f881fb6f4597bb121,2020-02,Norfolk Constabulary,Norfolk Constabulary,1.287571,52.628255,On or near Chapel Field North,E01026822,Norwich 007A,Other theft,Unable to prosecute suspect,
87192727a16c755eedd77004aae1cb9effed648c766ac98e4b9ba15ab3c81ebb,2020-02,Norfolk Constabulary,Norfolk Constabulary,1.294877,52.627539,On or near Bus/Coach Station,E01026822,Norwich 007A,Other theft,Investigation complete; no suspect identified,
8e353bcb40be7f70ca25eef1a4da2db469e9ba2a9fc3385106fb30de89fda7a5,2020-02,Norfolk Constabulary,Norfolk Constabulary,1.292730,52.628858,On or near Gaol Hill,E01026822,Norwich 007A,Other theft,Awaiting court outcome,
f2d1534b4181afb00f5674331bdfedc0d7082e9abc16e0db98e2aa287202ed87,2020-02,Norfolk Constabulary,Norfolk Constabulary,1.295876,52.627061,On or near Parking Area,E01026822,Norwich 007A,Other theft,Unable to prosecute suspect,
78f56a50d2e2ff882f2f310ca2d408b8b68502f35c4402b1fb318a4731185049,2020-02,Norfolk Constabulary,Norfolk Constabulary,1.292206,52.625221,On or near St Stephens Street,E01026822,Norwich 007A,Other theft,Investigation complete; no suspect identified,
89d74cfbf41d224d48bea2109096379f4c7eccfc4bb1aa9c42ce4fe0a983f743,2020-02,Norfolk Constabulary,Norfolk Constabulary,1.298389,52.623331,On or near Ber Street,E01026822,Norwich 007A,Other theft,Investigation complete; no suspect identified,
31cc9a928f19a7a3c21ee2c9404cae536254a0b3a8bf3f29d0b8452610b2f804,2020-02,Norfolk Constabulary,Norfolk Constabulary,1.291218,52.624268,On or near Supermarket,E01026822,Norwich 007A,Other theft,Investigation complete; no suspect identified,
6152f479592978116182616fff4385741c3d5ac47b2a861e5cd33e3d09e68db3,2020-02,Norfolk Constabulary,Norfolk Constabulary,1.290782,52.625350,On or near Malthouse Road,E01026822,Norwich 007A,Other theft,Formal action is not in the public interest,
e7295791e26fa7cc5526545d68cb2c5f1724b6ddebd64335537a9e6d23ca752f,2020-02,Norfolk Constabulary,Norfolk Constabulary,1.286924,52.629882,On or near Cow Hill,E01026822,Norwich 007A,Other theft,Formal action is not in the public interest,
73e31d1df45eb518fbb44b1e70246808002930c46a498f313a0e7e75eb647786,2020-02,Norfolk Constabulary,Norfolk Constabulary,1.295876,52.627061,On or near Parking Area,E01026822,Norwich 007A,Other theft,Investigation complete; no suspect identified,
ea3a9d44adc22a1609ae891d1e7992b416a88eb8d299e0db3f66f48fda457192,2020-02,Norfolk Constabulary,Norfolk Constabulary,1.295876,52.627061,On or near Parking Area,E01026822,Norwich 007A,Other theft,Investigation complete; no suspect identified,
9c0bc096945130bbb23e78bc3da865c9334a90bda48081c810669ff0a4a7c9c5,2020-02,Norfolk Constabulary,Norfolk Constabulary,1.291049,52.627726,On or near Parking Area,E01026822,Norwich 007A,Other theft,Investigation complete; no suspect identified,
31562a6712ca76eaca731cf37b28a673e1f71e1c22be3da8e9e2f58697ee44c2,2020-02,Norfolk Constabulary,Norfolk Constabulary,1.290782,52.625350,On or near Malthouse Road,E01026822,Norwich 007A,Other theft,Investigation complete; no suspect identified,
fbfece9ef534c7cf5cd5fe7db7afbdbea1f2259ac165c601628fddc912780e5a,2020-02,Norfolk Constabulary,Norfolk Constabulary,1.295876,52.627061,On or near Parking Area,E01026822,Norwich 007A,Other theft,Investigation complete; no suspect identified,
1224a0bee781512e85526b75137754b405c616f71cafc4b4241ad61fdb0fc214,2020-02,Norfolk Constabulary,Norfolk Constabulary,1.294877,52.627539,On or near Bus/Coach Station,E01026822,Norwich 007A,Other theft,Investigation complete; no suspect identified,
c30f013e6d19610673d0a93e28b8631904e75233f4d34e718d0c559e02669784,2020-02,Norfolk Constabulary,Norfolk Constabulary,1.286924,52.629882,On or near Cow Hill,E01026822,Norwich 007A,Other theft,Formal action is not in the public interest,
6dafef62de09a4c260a2e1b5b7731d729535524d65b92c16f096f5372095c633,2020-02,Norfolk Constabulary,Norfolk Constabulary,1.292206,52.625221,On or near St Stephens Street,E01026822,Norwich 007A,Other theft,Investigation complete; no suspect identified,
74c98544b58d7ddefa7a23a17a66e57d1e9f604ee0484a95ed01379f9e56c6db,2020-02,Norfolk Constabulary,Norfolk Constabulary,1.289771,52.625864,On or near Shopping Area,E01026822,Norwich 007A,Possession of weapons,Further action is not in the public interest,
06458ade6d5adb4cf22c51a896e88c74d30edfaeebff3ac083fc980b4cf2165c,2020-02,Norfolk Constabulary,Norfolk Constabulary,1.293246,52.626082,On or near Shopping Area,E01026822,Norwich 007A,Possession of weapons,Further action is not in the public interest,
8fde20dd9dcecc2379ec74e8ab8f81ddc5f94a569eb1fc936f2b7849676a0a9b,2020-02,Norfolk Constabulary,Norfolk Constabulary,1.285537,52.628131,On or near A147,E01026822,Norwich 007A,Possession of weapons,Court result unavailable,
1c9493c2fbbbdb824d861daf217e771fd5aef2f6a83f5c41f2daf35a1c2e6986,2020-02,Norfolk Constabulary,Norfolk Constabulary,1.292052,52.628490,On or near St Peters Street,E01026822,Norwich 007A,Possession of weapons,Unable to prosecute suspect,
8b41b4323f3dce90d68ad23b676fb736e5748916a8280295739bf12c31c67d7a,2020-02,Norfolk Constabulary,Norfolk Constabulary,1.293572,52.623339,On or near Further/Higher Educational Building,E01026822,Norwich 007A,Public order,Investigation complete; no suspect identified,
b854660624c86078dec71b9f17ae9ef631ec7e938a9f8715ab7ccd870aad2112,2020-02,Norfolk Constabulary,Norfolk Constabulary,1.291149,52.626896,On or near The Chantry,E01026822,Norwich 007A,Public order,Unable to prosecute suspect,
f4919dd2273ff4fa9715f6ecbfc63b468bc93883a67ddae4fb8f064c7a0b961f,2020-02,Norfolk Constabulary,Norfolk Constabulary,1.289071,52.630326,On or near Pottergate,E01026822,Norwich 007A,Public order,Court result unavailable,
ecbe9a9658b2b9f3970861b0ff9b14720e8063bbb82d8be397850df07c6f6b7b,2020-02,Norfolk Constabulary,Norfolk Constabulary,1.295166,52.628430,On or near Castle Meadow,E01026822,Norwich 007A,Public order,Status update unavailable,
1fb46b5e9470701c4784da4ade5cbbf3260bd418a96e8d11df5361273387bbd8,2020-02,Norfolk Constabulary,Norfolk Constabulary,1.293572,52.623339,On or near Further/Higher Educational Building,E01026822,Norwich 007A,Public order,Investigation complete; no suspect identified,
7d233f0ee6509eb8ef974f00f23514c2b4acb9177e63932cdf09fcf834fafcfd,2020-02,Norfolk Constabulary,Norfolk Constabulary,1.290782,52.625350,On or near Malthouse Road,E01026822,Norwich 007A,Public order,Court result unavailable,
a979dd74ccb9a612b56f838247030b18fdde90f3beeb5f952ddbeb3f25ed641d,2020-02,Norfolk Constabulary,Norfolk Constabulary,1.295166,52.628430,On or near Castle Meadow,E01026822,Norwich 007A,Public order,Unable to prosecute suspect,
acf9d56516cd98ea98f4fd739362af5db11d21b06492b64d4431f54aae624c73,2020-02,Norfolk Constabulary,Norfolk Constabulary,1.290984,52.628241,On or near Norwich Police Station,E01026822,Norwich 007A,Public order,Awaiting court outcome,
7fca199a3fb6e1e3ce5189c23d9237170e5b0f85be9900e07559b4139fd5d7b3,2020-02,Norfolk Constabulary,Norfolk Constabulary,1.290782,52.625350,On or near Malthouse Road,E01026822,Norwich 007A,Public order,Court result unavailable,
f601c670f29a87a9af147354e0f5fded140b0a3d11c795bb0c72cc8c1f0067c5,2020-02,Norfolk Constabulary,Norfolk Constabulary,1.297158,52.629958,On or near Bank Plain,E01026822,Norwich 007A,Public order,Court result unavailable,
f347da8d6b01b09582935ed55ae9a5d85e797066e2f0b4fc076d668b49f32d4f,2020-02,Norfolk Constabulary,Norfolk Constabulary,1.289941,52.627146,On or near Theatre/Concert Hall,E01026822,Norwich 007A,Public order,Further action is not in the public interest,
aba4c433615df3c25c8a803902a1d6636dae39d8c621a1c53cc9db4e6e4f3000,2020-02,Norfolk Constabulary,Norfolk Constabulary,1.293246,52.626082,On or near Shopping Area,E01026822,Norwich 007A,Public order,Court result unavailable,
6368c6402fa8752b3e525b1f88b83421112a784cc3b2fb5ce20994b27fd59dd1,2020-02,Norfolk Constabulary,Norfolk Constabulary,1.294877,52.627539,On or near Bus/Coach Station,E01026822,Norwich 007A,Public order,Court result unavailable,
11ae833d7af4bfc6532ea16c6a097ca6b331a34c33d581deb3d4d5fd57ca9a6f,2020-02,Norfolk Constabulary,Norfolk Constabulary,1.292417,52.627050,On or near William Booth Street,E01026822,Norwich 007A,Public order,Court result unavailable,
3177695a8c9aae6e8b840d94511e422f56aba2aeeeffe39e3aae235863bf35b7,2020-02,Norfolk Constabulary,Norfolk Constabulary,1.297304,52.629936,On or near Redwell Street,E01026822,Norwich 007A,Public order,Unable to prosecute suspect,
110dca46ac2d7d8e805e90d13e17e8f76067e8ccf68c49d58ae1441ee0749f9b,2020-02,Norfolk Constabulary,Norfolk Constabulary,1.292052,52.628490,On or near St Peters Street,E01026822,Norwich 007A,Public order,Court result unavailable,
427a6792e520631808355ca2ed42c354972808923e53e9636b5cb7f3654ccdce,2020-02,Norfolk Constabulary,Norfolk Constabulary,1.296103,52.625760,On or near All Saints Street,E01026822,Norwich 007A,Public order,Court result unavailable,
25ffbcb39cd293f2b625dfdf349eb872f7f57cb71ddd60a84c9b32221a053ff1,2020-02,Norfolk Constabulary,Norfolk Constabulary,1.293246,52.626082,On or near Shopping Area,E01026822,Norwich 007A,Public order,Court result unavailable,
c0f737720ce2ab87625d96e33e84c4cdb0023c46f149dbc9ca3c853885f26b29,2020-02,Norfolk Constabulary,Norfolk Constabulary,1.290984,52.628241,On or near Norwich Police Station,E01026822,Norwich 007A,Public order,Court result unavailable,
b58e771f3463ca5dc0021dad69073bad66148a0544393b24ab297eec8d605d73,2020-02,Norfolk Constabulary,Norfolk Constabulary,1.292206,52.625221,On or near St Stephens Street,E01026822,Norwich 007A,Robbery,Unable to prosecute suspect,
6fdd4bc29b7bf5e27350abba475d76a03cfff2e73b0cd3f712fa61bb9eddd5f5,2020-02,Norfolk Constabulary,Norfolk Constabulary,1.287517,52.632069,On or near St Swithins Road,E01026822,Norwich 007A,Shoplifting,Court result unavailable,
db93a79d701b1bef50b634c6d4c139ae8a2e44e39d215a4463088a474a2163bd,2020-02,Norfolk Constabulary,Norfolk Constabulary,1.292417,52.627050,On or near William Booth Street,E01026822,Norwich 007A,Shoplifting,Formal action is not in the public interest,
fc38b9fdd85869be5bfb7faff0a593a1ebfe7b9c4ec6f83a01044004a629ce80,2020-02,Norfolk Constabulary,Norfolk Constabulary,1.292052,52.628490,On or near St Peters Street,E01026822,Norwich 007A,Shoplifting,Awaiting court outcome,
fc5788ec9c9111875ac8fe6f58f2c48b136c2e73e935d688c50500977b6ce424,2020-02,Norfolk Constabulary,Norfolk Constabulary,1.289771,52.625864,On or near Shopping Area,E01026822,Norwich 007A,Shoplifting,Formal action is not in the public interest,
5dd8264317ae6f7232415fad82641f2341896f62d8bb48e84eb1277d7b972ff8,2020-02,Norfolk Constabulary,Norfolk Constabulary,1.295876,52.627061,On or near Parking Area,E01026822,Norwich 007A,Shoplifting,Formal action is not in the public interest,
da46c905e2e1deb7a8c37fa3ae7a3a761b55530330c463e383d7e7148fd9baaa,2020-02,Norfolk Constabulary,Norfolk Constabulary,1.289771,52.625864,On or near Shopping Area,E01026822,Norwich 007A,Shoplifting,Court result unavailable,
1baf17060c5be1208ecc228b021d443181d356332f15bff96f8274cfb49577bf,2020-02,Norfolk Constabulary,Norfolk Constabulary,1.289771,52.625864,On or near Shopping Area,E01026822,Norwich 007A,Shoplifting,Unable to prosecute suspect,
b47a50f186241317bb39c7bd177b8e622a438da0e8ddb13881a796694ad0099f,2020-02,Norfolk Constabulary,Norfolk Constabulary,1.289771,52.625864,On or near Shopping Area,E01026822,Norwich 007A,Shoplifting,Investigation complete; no suspect identified,
d5cf839f85a6878d27df7e5274159cdaebd906db19622722ee49e7af858bed80,2020-02,Norfolk Constabulary,Norfolk Constabulary,1.287517,52.632069,On or near St Swithins Road,E01026822,Norwich 007A,Shoplifting,Formal action is not in the public interest,
0d88822bad01e48c255b3f78cff65977414464b2a8dc916d8c225cd23b495d2b,2020-02,Norfolk Constabulary,Norfolk Constabulary,1.289771,52.625864,On or near Shopping Area,E01026822,Norwich 007A,Shoplifting,Court result unavailable,
3f90facee70f626da8d4aac8a1398a55f8e03f36c48f0b389a347018b2769e5d,2020-02,Norfolk Constabulary,Norfolk Constabulary,1.293246,52.626082,On or near Shopping Area,E01026822,Norwich 007A,Shoplifting,Unable to prosecute suspect,
d2beaea8eb0edfc3453a46ef10527e692b27d15419955e205d9e8a86c17c4aeb,2020-02,Norfolk Constabulary,Norfolk Constabulary,1.287517,52.632069,On or near St Swithins Road,E01026822,Norwich 007A,Shoplifting,Court result unavailable,
8cd958928eb51cc1120e1649008c861450e3b04a054147a4009aba61c671438a,2020-02,Norfolk Constabulary,Norfolk Constabulary,1.294877,52.627539,On or near Bus/Coach Station,E01026822,Norwich 007A,Shoplifting,Investigation complete; no suspect identified,
01072bf77024dd8555f7e94f53c41e1a00ef520a71788e13c31cddea0489bfff,2020-02,Norfolk Constabulary,Norfolk Constabulary,1.295876,52.627061,On or near Parking Area,E01026822,Norwich 007A,Shoplifting,Court result unavailable,
507580e2f5ab750d90e230acbd814a473d10aa7503324062a6c9295db9b8b0ca,2020-02,Norfolk Constabulary,Norfolk Constabulary,1.295876,52.627061,On or near Parking Area,E01026822,Norwich 007A,Shoplifting,Court result unavailable,
00fe6e86aa926e8f752661a7a10e902295ca2d845d666db051a28d02eb6a0578,2020-02,Norfolk Constabulary,Norfolk Constabulary,1.295876,52.627061,On or near Parking Area,E01026822,Norwich 007A,Shoplifting,Court result unavailable,
018a9efb271be5076bfc390b7703f5bbb94510ef8c1f9c5617929307349c1d41,2020-02,Norfolk Constabulary,Norfolk Constabulary,1.292417,52.627050,On or near William Booth Street,E01026822,Norwich 007A,Shoplifting,Investigation complete; no suspect identified,
b13c812b46ae2b47801cfcc878545bc3298df097447a58d2c4a61a0434ccbfb0,2020-02,Norfolk Constabulary,Norfolk Constabulary,1.292693,52.625018,On or near Shopping Area,E01026822,Norwich 007A,Shoplifting,Investigation complete; no suspect identified,
646d6482b7e70bc9923ae7f587de2e324f91413fb8eb0f5f5e2953c919808369,2020-02,Norfolk Constabulary,Norfolk Constabulary,1.295876,52.627061,On or near Parking Area,E01026822,Norwich 007A,Shoplifting,Court result unavailable,
bee69b8cae03aad2960fc0983d8be6e4efdab1d99a0faf0296bb827d7933dfaa,2020-02,Norfolk Constabulary,Norfolk Constabulary,1.292417,52.627050,On or near William Booth Street,E01026822,Norwich 007A,Shoplifting,Court result unavailable,
8d832c8d388f15fc2d2156689d7ece2a8cc47bd020d43ecde082f9c61255bfb6,2020-02,Norfolk Constabulary,Norfolk Constabulary,1.287517,52.632069,On or near St Swithins Road,E01026822,Norwich 007A,Shoplifting,Court result unavailable,
22a1e0893d33efdc517a909ef87673028d43f46dde1cbb33dfce9039ec9d6570,2020-02,Norfolk Constabulary,Norfolk Constabulary,1.293246,52.626082,On or near Shopping Area,E01026822,Norwich 007A,Shoplifting,Court result unavailable,
948726a62938ff2b37babad3d34ae816bb63d1dac0d7a27fe8b21428e6e3c926,2020-02,Norfolk Constabulary,Norfolk Constabulary,1.292417,52.627050,On or near William Booth Street,E01026822,Norwich 007A,Shoplifting,Awaiting court outcome,
84ca2df9fd5cb2fe8688c7aa91b37571c15921e047e46b34eeb4cbd9d9226ecd,2020-02,Norfolk Constabulary,Norfolk Constabulary,1.289771,52.625864,On or near Shopping Area,E01026822,Norwich 007A,Shoplifting,Action to be taken by another organisation,
ff1d99b60530ba822c273773704bfe61b99c79ffa3d8c5eef7e643df1033b304,2020-02,Norfolk Constabulary,Norfolk Constabulary,1.292417,52.627050,On or near William Booth Street,E01026822,Norwich 007A,Shoplifting,Investigation complete; no suspect identified,
c94a433267e5a8c5f4447eeb653043989d135f26c7fd08664b6bbbe7e2a52e5d,2020-02,Norfolk Constabulary,Norfolk Constabulary,1.289771,52.625864,On or near Shopping Area,E01026822,Norwich 007A,Shoplifting,Court result unavailable,
43750bea82276a0cf4dc8288b95c5cfc6acfa9a1327be0b174a3975f79c09442,2020-02,Norfolk Constabulary,Norfolk Constabulary,1.289771,52.625864,On or near Shopping Area,E01026822,Norwich 007A,Shoplifting,Offender given a caution,
d270c5f05f01b1a20642e642f4dc82f89a4c749f12021f8f541a060b780966ac,2020-02,Norfolk Constabulary,Norfolk Constabulary,1.289771,52.625864,On or near Shopping Area,E01026822,Norwich 007A,Shoplifting,Unable to prosecute suspect,
6a43a193cd286ecc88e8c30ff098b96c7376a1b7fdc417cb157d464c97643a04,2020-02,Norfolk Constabulary,Norfolk Constabulary,1.290782,52.625350,On or near Malthouse Road,E01026822,Norwich 007A,Shoplifting,Further action is not in the public interest,
68bf9ad446a44cc4c36dc941892639f96dcdff6d8759e571134d956eb54b2751,2020-02,Norfolk Constabulary,Norfolk Constabulary,1.289771,52.625864,On or near Shopping Area,E01026822,Norwich 007A,Shoplifting,Court result unavailable,
7e375df670afcfa87bf9ce370334b8c6e4916b16152c19ee9c8638a508757358,2020-02,Norfolk Constabulary,Norfolk Constabulary,1.292417,52.627050,On or near William Booth Street,E01026822,Norwich 007A,Shoplifting,Court result unavailable,
98f01ee20f6c2282d0ffa48e633e20ff045555ec4ea38492cfa3d5a28f86d569,2020-02,Norfolk Constabulary,Norfolk Constabulary,1.294877,52.627539,On or near Bus/Coach Station,E01026822,Norwich 007A,Shoplifting,Court result unavailable,
a5dfa816161faeebf61441cee6e9049e8ffca9b19cf6b80aa600bbc451151ff6,2020-02,Norfolk Constabulary,Norfolk Constabulary,1.287517,52.632069,On or near St Swithins Road,E01026822,Norwich 007A,Shoplifting,Court result unavailable,
508d9ffa903008d18f7a6155a6a513548dce962e8e65b4f7ae60136fb2c404ef,2020-02,Norfolk Constabulary,Norfolk Constabulary,1.296103,52.625760,On or near All Saints Street,E01026822,Norwich 007A,Shoplifting,Investigation complete; no suspect identified,
4b4f6a87171f38cda3b30f86d0789491ab0cb06c222a3fb12ac2767eb442d6ac,2020-02,Norfolk Constabulary,Norfolk Constabulary,1.290679,52.624175,On or near Pedestrian Subway,E01026822,Norwich 007A,Shoplifting,Court result unavailable,
ce81c6306f1a5e5c4c9a9d89b046e6c34b56abcd0048b0aaf3cfa85e60695d34,2020-02,Norfolk Constabulary,Norfolk Constabulary,1.287517,52.632069,On or near St Swithins Road,E01026822,Norwich 007A,Shoplifting,Court result unavailable,
c6495fa2ec4ec77236f605579bf453133c556f8c51ec273c53cf480bc4c9fa0f,2020-02,Norfolk Constabulary,Norfolk Constabulary,1.296103,52.625760,On or near All Saints Street,E01026822,Norwich 007A,Shoplifting,Investigation complete; no suspect identified,
e4cacb208b1f90ba22ad963b9cde990374d6ca9ee77446eeffc0d6d1fdc3e12d,2020-02,Norfolk Constabulary,Norfolk Constabulary,1.287517,52.632069,On or near St Swithins Road,E01026822,Norwich 007A,Shoplifting,Court result unavailable,
227bef1cb53b59dcdef85e1a90eaae3ff9cb3c038e392090781f94c67b8072ac,2020-02,Norfolk Constabulary,Norfolk Constabulary,1.289771,52.625864,On or near Shopping Area,E01026822,Norwich 007A,Shoplifting,Status update unavailable,
6315a47a4bab8159b4b30c6dfb76417981f239e23379259d0c9d7bd1c1067860,2020-02,Norfolk Constabulary,Norfolk Constabulary,1.290782,52.625350,On or near Malthouse Road,E01026822,Norwich 007A,Shoplifting,Further action is not in the public interest,
760ad43a244d3b3ef82930d9e7af57eee863de346d2686d132ab7b11a89c398d,2020-02,Norfolk Constabulary,Norfolk Constabulary,1.292417,52.627050,On or near William Booth Street,E01026822,Norwich 007A,Shoplifting,Investigation complete; no suspect identified,
c36118da31222a85d9271136a9a9cd83a96473a68a1c80abe114b4bbe857db4c,2020-02,Norfolk Constabulary,Norfolk Constabulary,1.296103,52.625760,On or near All Saints Street,E01026822,Norwich 007A,Shoplifting,Court result unavailable,
e5048d364fec25b6a744d87a016368376fb62cef1011b40a2e5fe55cab04b6dc,2020-02,Norfolk Constabulary,Norfolk Constabulary,1.292206,52.625221,On or near St Stephens Street,E01026822,Norwich 007A,Shoplifting,Investigation complete; no suspect identified,
ecba62d3d6ef568a424b35125045ae571b56f1ad91e189e5092433ba16e9c67b,2020-02,Norfolk Constabulary,Norfolk Constabulary,1.293790,52.626634,On or near Shopping Area,E01026822,Norwich 007A,Shoplifting,Investigation complete; no suspect identified,
f5ed43c7d4d95d7e87cd4b6f8ae223b0a919cd2d6a397588636108c1eecb4944,2020-02,Norfolk Constabulary,Norfolk Constabulary,1.292417,52.627050,On or near William Booth Street,E01026822,Norwich 007A,Shoplifting,Local resolution,
855f11fc5bbcd997b26e0fb270a0cadc3605bfa5f45d886fec5d83349da82e81,2020-02,Norfolk Constabulary,Norfolk Constabulary,1.292693,52.625018,On or near Shopping Area,E01026822,Norwich 007A,Shoplifting,Local resolution,
da69f91c609b1c9ec569ba8dd7c461ff49ab0c31e88bdf13c83a465b5f1919e5,2020-02,Norfolk Constabulary,Norfolk Constabulary,1.295876,52.627061,On or near Parking Area,E01026822,Norwich 007A,Shoplifting,Unable to prosecute suspect,
6ad0f93c1252d103e81d207e1b84eabe6797710fbc3fe6184298b5c5e2fb409e,2020-02,Norfolk Constabulary,Norfolk Constabulary,1.296103,52.625760,On or near All Saints Street,E01026822,Norwich 007A,Shoplifting,Court result unavailable,
c7511e157c0a53597c3ed1c2fa398839ffcc19d07f99ddeaa9748021da1f3c13,2020-02,Norfolk Constabulary,Norfolk Constabulary,1.289771,52.625864,On or near Shopping Area,E01026822,Norwich 007A,Shoplifting,Unable to prosecute suspect,
53250502d91a70df5099f3e6ea40f0aaacdc35be07f325f0fd7be1646dce86f9,2020-02,Norfolk Constabulary,Norfolk Constabulary,1.295876,52.627061,On or near Parking Area,E01026822,Norwich 007A,Shoplifting,Investigation complete; no suspect identified,
3835a201154974600cf0c0568172b2864ca68e1c4e3760b626089e3b3af5d3a1,2020-02,Norfolk Constabulary,Norfolk Constabulary,1.296103,52.625760,On or near All Saints Street,E01026822,Norwich 007A,Shoplifting,Awaiting court outcome,
47a1057fc7008694b0133e996d768a12942f36698e2bfe9dc14f3886057a99c4,2020-02,Norfolk Constabulary,Norfolk Constabulary,1.290087,52.630469,On or near St Lawrence Lane,E01026822,Norwich 007A,Shoplifting,Unable to prosecute suspect,
e9de34868f90b18bceaa03e7855983b09fc849234aacc6c98784b5cfa4f15de2,2020-02,Norfolk Constabulary,Norfolk Constabulary,1.289771,52.625864,On or near Shopping Area,E01026822,Norwich 007A,Shoplifting,Investigation complete; no suspect identified,
e72420be1fdfa99d0d9ac9ee0e5833fb1b40af221582faa411cb8ccabc30cde1,2020-02,Norfolk Constabulary,Norfolk Constabulary,1.289771,52.625864,On or near Shopping Area,E01026822,Norwich 007A,Shoplifting,Investigation complete; no suspect identified,
343b9d90079e208bffc82b9548575109acf88556ecfb5d5d61eacfba3e4ad96b,2020-02,Norfolk Constabulary,Norfolk Constabulary,1.289771,52.625864,On or near Shopping Area,E01026822,Norwich 007A,Shoplifting,Action to be taken by another organisation,
0cd93a75a9de787230d6a6341b5bd5210366cc4c18aa9bcbdb10eeb32c15aeef,2020-02,Norfolk Constabulary,Norfolk Constabulary,1.289771,52.625864,On or near Shopping Area,E01026822,Norwich 007A,Shoplifting,Awaiting court outcome,
6946560571ef6bdfa3fe044d485079c8fed67bf2210ad4c9eab9628c7853b0c5,2020-02,Norfolk Constabulary,Norfolk Constabulary,1.292417,52.627050,On or near William Booth Street,E01026822,Norwich 007A,Shoplifting,Investigation complete; no suspect identified,
3fbeeae19c4507c6555a968d5fbf608aa0c04f5b18109fd1b12d29d36458e00c,2020-02,Norfolk Constabulary,Norfolk Constabulary,1.293246,52.626082,On or near Shopping Area,E01026822,Norwich 007A,Shoplifting,Awaiting court outcome,
598d25fc35e3e1f714d9c40762339cad3ca59c0e1008b475485bff83e28512f1,2020-02,Norfolk Constabulary,Norfolk Constabulary,1.290782,52.625350,On or near Malthouse Road,E01026822,Norwich 007A,Shoplifting,Unable to prosecute suspect,
181432ccd8a16f0021401ee6798b4333b96ecf58365706d5517e652aa7cd37b0,2020-02,Norfolk Constabulary,Norfolk Constabulary,1.290679,52.624175,On or near Pedestrian Subway,E01026822,Norwich 007A,Shoplifting,Unable to prosecute suspect,
8d7e58eb1fafe371d07a166ec5e7ae908b22ac4a63b581f066fbb6fb78279389,2020-02,Norfolk Constabulary,Norfolk Constabulary,1.296103,52.625760,On or near All Saints Street,E01026822,Norwich 007A,Shoplifting,Court result unavailable,
f2b6e18ca1f8cf27ac425e781cd173105209c693feed28fe515149a4b172c114,2020-02,Norfolk Constabulary,Norfolk Constabulary,1.295876,52.627061,On or near Parking Area,E01026822,Norwich 007A,Shoplifting,Investigation complete; no suspect identified,
d22871f4a70d0f8239f83cf0968d435b38a960c8f0217cce40d033036b0ac6df,2020-02,Norfolk Constabulary,Norfolk Constabulary,1.287517,52.632069,On or near St Swithins Road,E01026822,Norwich 007A,Shoplifting,Formal action is not in the public interest,
57fb4a899e7087fee4d865bde54f0044412b45e381f1b3ac7a47347b937214a3,2020-02,Norfolk Constabulary,Norfolk Constabulary,1.294860,52.625929,On or near Westlegate,E01026822,Norwich 007A,Shoplifting,Suspect charged as part of another case,
6c85267aed856dd3f80e042d675e27c9c156ea9227829e7d761c153069ceedaa,2020-02,Norfolk Constabulary,Norfolk Constabulary,1.290782,52.625350,On or near Malthouse Road,E01026822,Norwich 007A,Shoplifting,Further action is not in the public interest,
c9ab7a7a82a25e4fb7883aafde32d699fd4ec010d09222a66f2c4d6830823a50,2020-02,Norfolk Constabulary,Norfolk Constabulary,1.293246,52.626082,On or near Shopping Area,E01026822,Norwich 007A,Shoplifting,Unable to prosecute suspect,
cc4ec939afcc436298fec908c1e1924fd18c06e24fb93bcbc07cab50249f69ad,2020-02,Norfolk Constabulary,Norfolk Constabulary,1.292417,52.627050,On or near William Booth Street,E01026822,Norwich 007A,Shoplifting,Local resolution,
bf5763de16d9d0872fb374420b81926e6a377dfc39dcebb52c5b996ffea6c379,2020-02,Norfolk Constabulary,Norfolk Constabulary,1.292417,52.627050,On or near William Booth Street,E01026822,Norwich 007A,Shoplifting,Offender given a caution,
bc6babbfb726cd3c6fdab06fcc7feb1b761f8073fcdc3b5c6e73a95a7a41b462,2020-02,Norfolk Constabulary,Norfolk Constabulary,1.290679,52.624175,On or near Pedestrian Subway,E01026822,Norwich 007A,Shoplifting,Unable to prosecute suspect,
198d1d6e2b43b9bee49b4a4b56098a3c8e997d493cdcf1a05a42a052263114f9,2020-02,Norfolk Constabulary,Norfolk Constabulary,1.287517,52.632069,On or near St Swithins Road,E01026822,Norwich 007A,Shoplifting,Court result unavailable,
d78ff3b395431e7a188cc4d25f21a08025812e5924736cde09c99d70c5d75e0e,2020-02,Norfolk Constabulary,Norfolk Constabulary,1.295166,52.628430,On or near Castle Meadow,E01026822,Norwich 007A,Theft from the person,Investigation complete; no suspect identified,
3700e1403baa1fd2867ed56072299a7e7ff0e12c5de1f341e3cbe536491f1f6e,2020-02,Norfolk Constabulary,Norfolk Constabulary,1.294860,52.625929,On or near Westlegate,E01026822,Norwich 007A,Theft from the person,Investigation complete; no suspect identified,
071ea7b74e54597fd438831531af175169a0168bdf329219f97fad48926e2587,2020-02,Norfolk Constabulary,Norfolk Constabulary,1.290782,52.625350,On or near Malthouse Road,E01026822,Norwich 007A,Theft from the person,Investigation complete; no suspect identified,
8647a0766fee05ad15910a9d899e284253ea43ff6d637c9aa22fd550b0814ff1,2020-02,Norfolk Constabulary,Norfolk Constabulary,1.292417,52.627050,On or near William Booth Street,E01026822,Norwich 007A,Theft from the person,Investigation complete; no suspect identified,
8796fa4cd48f15ca4843d9dfd156b932d7aca63ef8700853ae1b9c19edddaff4,2020-02,Norfolk Constabulary,Norfolk Constabulary,1.292417,52.627050,On or near William Booth Street,E01026822,Norwich 007A,Theft from the person,Unable to prosecute suspect,
05b699d6b594c9c171a85029b41174d94fa3801b2c839538d05a8138dd02c8fe,2020-02,Norfolk Constabulary,Norfolk Constabulary,1.290782,52.625350,On or near Malthouse Road,E01026822,Norwich 007A,Theft from the person,Investigation complete; no suspect identified,
91b6de5bc59f93205bdc350bc325768cc5306aca44ba41985e14cab9e6fe53c4,2020-02,Norfolk Constabulary,Norfolk Constabulary,1.293790,52.626634,On or near Shopping Area,E01026822,Norwich 007A,Theft from the person,Investigation complete; no suspect identified,
c53e090df3c77e3eb2cf3838be1574f3b1f84f14db71c7eb8301024f3a048a28,2020-02,Norfolk Constabulary,Norfolk Constabulary,1.285537,52.628131,On or near A147,E01026822,Norwich 007A,Theft from the person,Unable to prosecute suspect,
db0b7c1ab4cac83904fe006091c310bf668cd63f80ca368f799644f205d67db9,2020-02,Norfolk Constabulary,Norfolk Constabulary,1.293246,52.626082,On or near Shopping Area,E01026822,Norwich 007A,Theft from the person,Investigation complete; no suspect identified,
651861f4feec256ab87f006ebeb0b587fcc51dec439830776e14bf9519020501,2020-02,Norfolk Constabulary,Norfolk Constabulary,1.290782,52.625350,On or near Malthouse Road,E01026822,Norwich 007A,Theft from the person,Investigation complete; no suspect identified,
ddb8fda927d2d521bcb0de7c81dd4979655690143d385112011186c00c2e9b21,2020-02,Norfolk Constabulary,Norfolk Constabulary,1.292417,52.627050,On or near William Booth Street,E01026822,Norwich 007A,Vehicle crime,Investigation complete; no suspect identified,
cf4e25f9b11127544d81da556e3e6dd844bf1f84fb1ad8bf07a6a5b220a251fd,2020-02,Norfolk Constabulary,Norfolk Constabulary,1.295656,52.622364,On or near Parking Area,E01026822,Norwich 007A,Vehicle crime,Unable to prosecute suspect,
266bb11377dd258db723806417bc2be822c05d8e2d055c0effbef704ae321b2a,2020-02,Norfolk Constabulary,Norfolk Constabulary,1.296103,52.625760,On or near All Saints Street,E01026822,Norwich 007A,Violence and sexual offences,Unable to prosecute suspect,
cb5bfa1c66581fe975dad0b16bef20d580192e97092e65064e96b0d2f8e3a9fb,2020-02,Norfolk Constabulary,Norfolk Constabulary,1.284919,52.630739,On or near Pedestrian Subway,E01026822,Norwich 007A,Violence and sexual offences,Court result unavailable,
448998cd1898fce32c17718d55d420d35598727bafdafa2b54c619f8a6e9af76,2020-02,Norfolk Constabulary,Norfolk Constabulary,1.299832,52.622877,On or near Parking Area,E01026822,Norwich 007A,Violence and sexual offences,Further action is not in the public interest,
2269b7d902e3ee29c30d2be46eca2e8e469d1e4f25b279ffb30d70e40823a0e5,2020-02,Norfolk Constabulary,Norfolk Constabulary,1.287571,52.628255,On or near Chapel Field North,E01026822,Norwich 007A,Violence and sexual offences,Unable to prosecute suspect,
9b06a918a5ceb7060f8bfc433ea84873b8aaa0813f68790079a92a738416b8fa,2020-02,Norfolk Constabulary,Norfolk Constabulary,1.290782,52.625350,On or near Malthouse Road,E01026822,Norwich 007A,Violence and sexual offences,Unable to prosecute suspect,
8bddddf41cd49d8df8178d4ad19f41ffd01c98c769c6fce3b73832d7fee730f5,2020-02,Norfolk Constabulary,Norfolk Constabulary,1.292730,52.628858,On or near Gaol Hill,E01026822,Norwich 007A,Violence and sexual offences,Investigation complete; no suspect identified,
73c61fefa5421e113770b21abfb70f23b24fdb5d244de8243096f85d5dfa9c7b,2020-02,Norfolk Constabulary,Norfolk Constabulary,1.301229,52.621399,On or near Foulgers Opening,E01026822,Norwich 007A,Violence and sexual offences,Unable to prosecute suspect,
7b6660f3297a660068c85fbcf107fe7dc14c634437b9aa4d21436ff41dec0b79,2020-02,Norfolk Constabulary,Norfolk Constabulary,1.284919,52.630739,On or near Pedestrian Subway,E01026822,Norwich 007A,Violence and sexual offences,Unable to prosecute suspect,
41c221362d5f795813eadc079866cdab67117b08204d6af9c6e2e5ce97d0d201,2020-02,Norfolk Constabulary,Norfolk Constabulary,1.287517,52.632069,On or near St Swithins Road,E01026822,Norwich 007A,Violence and sexual offences,Unable to prosecute suspect,
180ea90ae10ccd9ffec8f9d37e1a619c60f5cfe9eb0b0288b75e81f1cbb80858,2020-02,Norfolk Constabulary,Norfolk Constabulary,1.289771,52.625864,On or near Shopping Area,E01026822,Norwich 007A,Violence and sexual offences,Investigation complete; no suspect identified,
b7000ac06269bd3bf6b350680c8c3a5fad4d802e0ba8594d7add734f03fe94ec,2020-02,Norfolk Constabulary,Norfolk Constabulary,1.290984,52.628241,On or near Norwich Police Station,E01026822,Norwich 007A,Violence and sexual offences,Unable to prosecute suspect,
346794a22df2f14b461bccedd6072d5b3c2880857b086155cb0eb367e2430465,2020-02,Norfolk Constabulary,Norfolk Constabulary,1.292052,52.628490,On or near St Peters Street,E01026822,Norwich 007A,Violence and sexual offences,Unable to prosecute suspect,
bb341c28ea921e86c174bbca7542d9ad0ca67eb3313c5c7014846ee3f074437e,2020-02,Norfolk Constabulary,Norfolk Constabulary,1.292417,52.627050,On or near William Booth Street,E01026822,Norwich 007A,Violence and sexual offences,Court result unavailable,
4e962e6e6db0f05ed73f45aa0673b55657005b174b9def4c94cf68d5339e7384,2020-02,Norfolk Constabulary,Norfolk Constabulary,1.292417,52.627050,On or near William Booth Street,E01026822,Norwich 007A,Violence and sexual offences,Unable to prosecute suspect,
2fe080d57f5aad6702f7ca3b20d560ea6c02028b6efbb6727354fc2e6c310f3e,2020-02,Norfolk Constabulary,Norfolk Constabulary,1.299832,52.622877,On or near Parking Area,E01026822,Norwich 007A,Violence and sexual offences,Unable to prosecute suspect,
4aaaba5d012355bc36497bb3d9b101e63f440875243b30f04af434d9b848d1c5,2020-02,Norfolk Constabulary,Norfolk Constabulary,1.292693,52.625018,On or near Shopping Area,E01026822,Norwich 007A,Violence and sexual offences,Local resolution,
cbcb291759e7fa484969bf915358cff76c42b3e842491eed35a8ac1c0005d862,2020-02,Norfolk Constabulary,Norfolk Constabulary,1.297158,52.629958,On or near Bank Plain,E01026822,Norwich 007A,Violence and sexual offences,Unable to prosecute suspect,
44d2c731b407e44836aacadbbe954b90ff638f245a7bef2b5c14b53f423964ad,2020-02,Norfolk Constabulary,Norfolk Constabulary,1.293572,52.623339,On or near Further/Higher Educational Building,E01026822,Norwich 007A,Violence and sexual offences,Awaiting court outcome,
6c85fa3a58cb458328e1e4a7db9dc983b00aa53b4ec7388ac6e2f40359d0f3d3,2020-02,Norfolk Constabulary,Norfolk Constabulary,1.292417,52.627050,On or near William Booth Street,E01026822,Norwich 007A,Violence and sexual offences,Unable to prosecute suspect,
e18ebcf8a38da5b48e35c552198ff80b5f5b561786e6a086977d76b726e433fb,2020-02,Norfolk Constabulary,Norfolk Constabulary,1.292417,52.627050,On or near William Booth Street,E01026822,Norwich 007A,Violence and sexual offences,Unable to prosecute suspect,
e5bfc6b991f6a37346739f571d0f3aa239228e1320c64f3d31a736f18be13ea1,2020-02,Norfolk Constabulary,Norfolk Constabulary,1.295876,52.627061,On or near Parking Area,E01026822,Norwich 007A,Violence and sexual offences,Unable to prosecute suspect,
42f5141d4bb226fdee63f8c4f8046f756fcd5008f5a99ef687c59fe5686e2159,2020-02,Norfolk Constabulary,Norfolk Constabulary,1.292417,52.627050,On or near William Booth Street,E01026822,Norwich 007A,Violence and sexual offences,Investigation complete; no suspect identified,
7f91137c045f580836474aa65decb510e042cbde567e4075f377f8b525234ecb,2020-02,Norfolk Constabulary,Norfolk Constabulary,1.299100,52.621593,On or near Finkelgate,E01026822,Norwich 007A,Violence and sexual offences,Unable to prosecute suspect,
d6111a255e5303f21cf2bb8648ab100b90cab1e9bf4fc7462f0fd818af1aa1b0,2020-02,Norfolk Constabulary,Norfolk Constabulary,1.296103,52.625760,On or near All Saints Street,E01026822,Norwich 007A,Violence and sexual offences,Unable to prosecute suspect,
826b0e4d1eaa076d434e7f5bd4d2192dd5643b9bbec649885cc0a7649d590e37,2020-02,Norfolk Constabulary,Norfolk Constabulary,1.290087,52.630469,On or near St Lawrence Lane,E01026822,Norwich 007A,Violence and sexual offences,Unable to prosecute suspect,
34e4340ddef5919833a7761ec0efc66993bf388944c5cc7ff2be73986cdbab33,2020-02,Norfolk Constabulary,Norfolk Constabulary,1.292417,52.627050,On or near William Booth Street,E01026822,Norwich 007A,Violence and sexual offences,Unable to prosecute suspect,
0b29bc50b2c4919bb64d652a2bd11f50dae4d79efbdd13091521344502619b19,2020-02,Norfolk Constabulary,Norfolk Constabulary,1.295902,52.626620,On or near Shopping Area,E01026822,Norwich 007A,Violence and sexual offences,Unable to prosecute suspect,
3a803a88d37e394a3371d5c98674caa416929ec0c06aca0875bfa95e79181d20,2020-02,Norfolk Constabulary,Norfolk Constabulary,1.294877,52.627539,On or near Bus/Coach Station,E01026822,Norwich 007A,Violence and sexual offences,Unable to prosecute suspect,
174bda6de3ebfc77b472f54486e07a4b0b2244f09fa94907ef9946dd55af663c,2020-02,Norfolk Constabulary,Norfolk Constabulary,1.299100,52.621593,On or near Finkelgate,E01026822,Norwich 007A,Violence and sexual offences,Unable to prosecute suspect,
6e80a4c2fd8558220adb17d402f3d370d4393653ba490947298cb9e3b4f0ab82,2020-02,Norfolk Constabulary,Norfolk Constabulary,1.294860,52.625929,On or near Westlegate,E01026822,Norwich 007A,Violence and sexual offences,Unable to prosecute suspect,
af9e47819af61e22e6a4e37ad6b08cf40a83ebde2c86e5d6748c6ebaab4fcfa2,2020-02,Norfolk Constabulary,Norfolk Constabulary,1.297304,52.629936,On or near Redwell Street,E01026822,Norwich 007A,Violence and sexual offences,Formal action is not in the public interest,
406c7458c759a24c042669ead2c52c1364e34bde407d5b4f91ad1ef704fb336d,2020-02,Norfolk Constabulary,Norfolk Constabulary,1.292052,52.628490,On or near St Peters Street,E01026822,Norwich 007A,Violence and sexual offences,Unable to prosecute suspect,
a55bb8350d91570fb754d28a91d96565c56de258b024f0fb337897ed36d019e8,2020-02,Norfolk Constabulary,Norfolk Constabulary,1.297304,52.629936,On or near Redwell Street,E01026822,Norwich 007A,Violence and sexual offences,Unable to prosecute suspect,
f9a4b539211b80b92a831cb6b328736d163661fa82aba211926161616ce428bd,2020-02,Norfolk Constabulary,Norfolk Constabulary,1.290782,52.625350,On or near Malthouse Road,E01026822,Norwich 007A,Violence and sexual offences,Unable to prosecute suspect,
b22c554f9442bb8d9590883db3947a73b9ad6972d3c115168bfa416619ca8606,2020-02,Norfolk Constabulary,Norfolk Constabulary,1.292417,52.627050,On or near William Booth Street,E01026822,Norwich 007A,Violence and sexual offences,Further action is not in the public interest,
a3be9d14516acf94052a416bc0e3d359a1d8e408b5c7923fe23632714070b91e,2020-02,Norfolk Constabulary,Norfolk Constabulary,1.294877,52.627539,On or near Bus/Coach Station,E01026822,Norwich 007A,Violence and sexual offences,Unable to prosecute suspect,
9a118ddd4dcdcbdf9226ee8106853f3803a2e3a470e24fcbb65f77a63b4ebee1,2020-02,Norfolk Constabulary,Norfolk Constabulary,1.295656,52.622364,On or near Parking Area,E01026822,Norwich 007A,Violence and sexual offences,Unable to prosecute suspect,
69316d815a663a7a46939f469eb0918b04d2a69cdf3ede81e5699d27bc57b73d,2020-02,Norfolk Constabulary,Norfolk Constabulary,1.290679,52.624175,On or near Pedestrian Subway,E01026822,Norwich 007A,Violence and sexual offences,Unable to prosecute suspect,
fc2acff9b1c12918c35ff75965acfc880a89bcf8d2f04ef40c82cec124913ff9,2020-02,Norfolk Constabulary,Norfolk Constabulary,1.290782,52.625350,On or near Malthouse Road,E01026822,Norwich 007A,Violence and sexual offences,Status update unavailable,
06c90bfe4f01d1588fb64597448fdbc4a1c2a9154662963e11d1483f7fde96a0,2020-02,Norfolk Constabulary,Norfolk Constabulary,1.297304,52.629936,On or near Redwell Street,E01026822,Norwich 007A,Violence and sexual offences,Unable to prosecute suspect,
b7a4d47bce1337a43f7a93bf39b55629db183fdcfeb8509f54812c2bb2296e73,2020-02,Norfolk Constabulary,Norfolk Constabulary,1.289771,52.625864,On or near Shopping Area,E01026822,Norwich 007A,Violence and sexual offences,Status update unavailable,
024173ca25d66e5df6e614d56b34c158af7e1d8af6eab59fa9a6898c425ae8d7,2020-02,Norfolk Constabulary,Norfolk Constabulary,1.292693,52.625018,On or near Shopping Area,E01026822,Norwich 007A,Violence and sexual offences,Unable to prosecute suspect,
8dcf6c3c5ed55e66721f2b8c6fc68bea57ccd9ee9e3af4babfb549ee63222f01,2020-02,Norfolk Constabulary,Norfolk Constabulary,1.288709,52.632000,On or near Westwick Street,E01026822,Norwich 007A,Other crime,Court result unavailable,
614a43e3ca847a834456208e0674079854b7c113021709cfd5739c2444ac9acc,2020-02,Norfolk Constabulary,Norfolk Constabulary,1.290782,52.625350,On or near Malthouse Road,E01026822,Norwich 007A,Other crime,Court result unavailable,
40fd846962089d2e8af758cb338e50995b1cc471d7398d05a76513e3e00d3d94,2020-02,Norfolk Constabulary,Norfolk Constabulary,1.289771,52.625864,On or near Shopping Area,E01026822,Norwich 007A,Other crime,Offender given a caution,
,2020-02,Norfolk Constabulary,Norfolk Constabulary,1.290758,52.629569,On or near Parking Area,E01026823,Norwich 007B,Anti-social behaviour,,
,2020-02,Norfolk Constabulary,Norfolk Constabulary,1.293856,52.633026,On or near Colegate,E01026823,Norwich 007B,Anti-social behaviour,,
,2020-02,Norfolk Constabulary,Norfolk Constabulary,1.297292,52.635071,On or near St Saviors Lane,E01026823,Norwich 007B,Anti-social behaviour,,
,2020-02,Norfolk Constabulary,Norfolk Constabulary,1.290869,52.631832,On or near Coslany Street,E01026823,Norwich 007B,Anti-social behaviour,,
,2020-02,Norfolk Constabulary,Norfolk Constabulary,1.288546,52.631007,On or near Three King Lane,E01026823,Norwich 007B,Anti-social behaviour,,
,2020-02,Norfolk Constabulary,Norfolk Constabulary,1.288546,52.631007,On or near Three King Lane,E01026823,Norwich 007B,Anti-social behaviour,,
,2020-02,Norfolk Constabulary,Norfolk Constabulary,1.291433,52.633624,On or near Rosemary Lane,E01026823,Norwich 007B,Anti-social behaviour,,
,2020-02,Norfolk Constabulary,Norfolk Constabulary,1.297660,52.636230,On or near Peacock Street,E01026823,Norwich 007B,Anti-social behaviour,,
,2020-02,Norfolk Constabulary,Norfolk Constabulary,1.290420,52.629983,On or near Parking Area,E01026823,Norwich 007B,Anti-social behaviour,,
,2020-02,Norfolk Constabulary,Norfolk Constabulary,1.294071,52.631357,On or near Parking Area,E01026823,Norwich 007B,Anti-social behaviour,,
,2020-02,Norfolk Constabulary,Norfolk Constabulary,1.298827,52.634066,On or near Hansard Lane,E01026823,Norwich 007B,Anti-social behaviour,,
,2020-02,Norfolk Constabulary,Norfolk Constabulary,1.289947,52.631759,On or near Robert Gybson Way,E01026823,Norwich 007B,Anti-social behaviour,,
,2020-02,Norfolk Constabulary,Norfolk Constabulary,1.294439,52.629377,On or near Shopping Area,E01026823,Norwich 007B,Anti-social behaviour,,
,2020-02,Norfolk Constabulary,Norfolk Constabulary,1.290869,52.631832,On or near Coslany Street,E01026823,Norwich 007B,Anti-social behaviour,,
,2020-02,Norfolk Constabulary,Norfolk Constabulary,1.294071,52.631357,On or near Parking Area,E01026823,Norwich 007B,Anti-social behaviour,,
,2020-02,Norfolk Constabulary,Norfolk Constabulary,1.291433,52.633624,On or near Rosemary Lane,E01026823,Norwich 007B,Anti-social behaviour,,
,2020-02,Norfolk Constabulary,Norfolk Constabulary,1.290869,52.631832,On or near Coslany Street,E01026823,Norwich 007B,Anti-social behaviour,,
,2020-02,Norfolk Constabulary,Norfolk Constabulary,1.288511,52.631133,On or near St Benedicts Street,E01026823,Norwich 007B,Anti-social behaviour,,
,2020-02,Norfolk Constabulary,Norfolk Constabulary,1.288546,52.631007,On or near Three King Lane,E01026823,Norwich 007B,Anti-social behaviour,,
,2020-02,Norfolk Constabulary,Norfolk Constabulary,1.295841,52.632692,On or near Friars Quay,E01026823,Norwich 007B,Anti-social behaviour,,
,2020-02,Norfolk Constabulary,Norfolk Constabulary,1.294439,52.629377,On or near Shopping Area,E01026823,Norwich 007B,Anti-social behaviour,,
,2020-02,Norfolk Constabulary,Norfolk Constabulary,1.290869,52.631832,On or near Coslany Street,E01026823,Norwich 007B,Anti-social behaviour,,
425f23ba849a39f03ab13c593ab3095c15dccee7c8656248e005713f9ce74c6f,2020-02,Norfolk Constabulary,Norfolk Constabulary,1.294439,52.629377,On or near Shopping Area,E01026823,Norwich 007B,Bicycle theft,Investigation complete; no suspect identified,
db411181f685070095afb3b9dd2813ffcce0597841df2c68c1ba3400b0ca224f,2020-02,Norfolk Constabulary,Norfolk Constabulary,1.294439,52.629377,On or near Shopping Area,E01026823,Norwich 007B,Bicycle theft,Investigation complete; no suspect identified,
d141d31eae4c792bed521e34c7d6f0701e32a3b7d300d465291f5b5dfa986886,2020-02,Norfolk Constabulary,Norfolk Constabulary,1.293520,52.633665,On or near Muspole Street,E01026823,Norwich 007B,Bicycle theft,Investigation complete; no suspect identified,
00377ce68a87d877a43ff28c4153fcb7766eb2bbd92ab2bdf6ef41991524674a,2020-02,Norfolk Constabulary,Norfolk Constabulary,1.294439,52.629377,On or near Shopping Area,E01026823,Norwich 007B,Bicycle theft,Investigation complete; no suspect identified,
39eaebeb4add3793cabcb57503669ab3716b0691cfd17bd3e186c124c58886c8,2020-02,Norfolk Constabulary,Norfolk Constabulary,1.293856,52.633026,On or near Colegate,E01026823,Norwich 007B,Bicycle theft,Investigation complete; no suspect identified,
dd2964ccee5c2f9ba017a7ef6359875c74f1b4a9b91be992d26b2acfd7a39ed6,2020-02,Norfolk Constabulary,Norfolk Constabulary,1.294071,52.631357,On or near Parking Area,E01026823,Norwich 007B,Bicycle theft,Formal action is not in the public interest,
23eaf134d4a83818975dc8b25cb11472d905d8eb48f3f9581e80bdd0a4fa6759,2020-02,Norfolk Constabulary,Norfolk Constabulary,1.293856,52.633026,On or near Colegate,E01026823,Norwich 007B,Bicycle theft,Investigation complete; no suspect identified,
a353f9139af1e35c207a96552cbd5262790db2dbf1ab3628aaaae8f219a3afc9,2020-02,Norfolk Constabulary,Norfolk Constabulary,1.294851,52.632495,On or near Corncutters Close,E01026823,Norwich 007B,Bicycle theft,Investigation complete; no suspect identified,
ecfbcc5dccd92e7bbe6ce34a37b3eae39ba02c8eff1a64fc1cbf4fae725a021f,2020-02,Norfolk Constabulary,Norfolk Constabulary,1.297058,52.636283,On or near Shopping Area,E01026823,Norwich 007B,Burglary,Investigation complete; no suspect identified,
385767ed2318279f0fa5fed340cac2f781e5ecee0ba6997767bce1d488925a9a,2020-02,Norfolk Constabulary,Norfolk Constabulary,1.290869,52.631832,On or near Coslany Street,E01026823,Norwich 007B,Burglary,Investigation complete; no suspect identified,
99433b6964e62b6413ca3a09cdb1efad85fc23518c3d904fc2f7dff7730ff918,2020-02,Norfolk Constabulary,Norfolk Constabulary,1.294439,52.629377,On or near Shopping Area,E01026823,Norwich 007B,Burglary,Court result unavailable,
e461c8399f901a0bb741b93a3ff95fd6a937560b1389c6a2d6537f28a7d631cd,2020-02,Norfolk Constabulary,Norfolk Constabulary,1.289378,52.634410,On or near Mandela Close,E01026823,Norwich 007B,Burglary,Investigation complete; no suspect identified,
cbe12d2aa51d8e55bb8e9a7953b65b3f140ee4b0a02ee71e9555012e405f9e52,2020-02,Norfolk Constabulary,Norfolk Constabulary,1.288435,52.636424,On or near Key And Castle Yard,E01026823,Norwich 007B,Burglary,Investigation complete; no suspect identified,
de1724b0adbc98c00b00383a237c13636e19caa682e4490b9fcb49ce7a1f0246,2020-02,Norfolk Constabulary,Norfolk Constabulary,1.294439,52.629377,On or near Shopping Area,E01026823,Norwich 007B,Criminal damage and arson,Investigation complete; no suspect identified,
500eaa5d00d407ca219b54575277393a74cfb4a9ee6474ac9b913956b90a9439,2020-02,Norfolk Constabulary,Norfolk Constabulary,1.294274,52.633078,On or near St Georges Street,E01026823,Norwich 007B,Criminal damage and arson,Unable to prosecute suspect,
2c109416c560e7db414d0f31b6adfde53a2750bee23b3fe161157fada9a48be3,2020-02,Norfolk Constabulary,Norfolk Constabulary,1.290514,52.632814,On or near Indigo Yard,E01026823,Norwich 007B,Drugs,Offender given a drugs possession warning,
d6c708c1b5e336864f9c3d17bf730d260e206de0d8bc48360fad723886ce7a1f,2020-02,Norfolk Constabulary,Norfolk Constabulary,1.293521,52.629744,On or near Exchange Street,E01026823,Norwich 007B,Other theft,Investigation complete; no suspect identified,
41685abdc36aeca2a2444e4501f919e311cc320c907c11bbd6ff6c4a6817eedc,2020-02,Norfolk Constabulary,Norfolk Constabulary,1.294274,52.633078,On or near St Georges Street,E01026823,Norwich 007B,Other theft,Court result unavailable,
b8bf3730083d596a4ff42495a0ef5d630fc28d555d2d92dabd9a31d16e78cd8f,2020-02,Norfolk Constabulary,Norfolk Constabulary,1.291433,52.633624,On or near Rosemary Lane,E01026823,Norwich 007B,Other theft,Investigation complete; no suspect identified,
7696437219caf5dd7f873c23bcb73c3cb864ddb33fc67dcb05be68eef1a85157,2020-02,Norfolk Constabulary,Norfolk Constabulary,1.289378,52.634410,On or near Mandela Close,E01026823,Norwich 007B,Other theft,Investigation complete; no suspect identified,
832263da01a0aefc53b49b21f8576b8af7d1340bf34cfaba7f188d72e776ef48,2020-02,Norfolk Constabulary,Norfolk Constabulary,1.294439,52.629377,On or near Shopping Area,E01026823,Norwich 007B,Other theft,Investigation complete; no suspect identified,
b064becb2efd36c2eb6607e42539dd777e94fb35d374359a9e441119c3f2fc04,2020-02,Norfolk Constabulary,Norfolk Constabulary,1.293856,52.633026,On or near Colegate,E01026823,Norwich 007B,Public order,Unable to prosecute suspect,
a64710fb89379568e2f2b347d08e8514f089e9dfc1e0f86e46c0be7457eeb428,2020-02,Norfolk Constabulary,Norfolk Constabulary,1.294439,52.629377,On or near Shopping Area,E01026823,Norwich 007B,Public order,Court result unavailable,
4a1567b81d148fa493da0ad57efd2a271ae826fb65dcc52a3c41a20c1f22e97c,2020-02,Norfolk Constabulary,Norfolk Constabulary,1.291433,52.633624,On or near Rosemary Lane,E01026823,Norwich 007B,Public order,Unable to prosecute suspect,
19cfc8e1694b6cfb674c2ff114187e391f11c867fe79569a6f3cef08967a8744,2020-02,Norfolk Constabulary,Norfolk Constabulary,1.294071,52.631357,On or near Parking Area,E01026823,Norwich 007B,Public order,Unable to prosecute suspect,
72adcc4e0506aaf45a539813ed33fc99b05e27c913fb9a15311dfeea87330777,2020-02,Norfolk Constabulary,Norfolk Constabulary,1.290758,52.629569,On or near Parking Area,E01026823,Norwich 007B,Public order,Unable to prosecute suspect,
c6caa1a855ed5a100ce1c42931fb822aa1eef50a5499032ae7211d69d0069c9e,2020-02,Norfolk Constabulary,Norfolk Constabulary,1.290758,52.629569,On or near Parking Area,E01026823,Norwich 007B,Public order,Unable to prosecute suspect,
f4b8ea1a45731c020e37a540c9c2dc4a1f35bd3a528a8fec05fc771e373b413b,2020-02,Norfolk Constabulary,Norfolk Constabulary,1.291239,52.633999,On or near St Marys Plain,E01026823,Norwich 007B,Public order,Awaiting court outcome,
540c856e42135b92d9f110d1af37bafb5670378819932a6d5c7f5a671845fb84,2020-02,Norfolk Constabulary,Norfolk Constabulary,1.298059,52.634267,On or near Thompsons Yard,E01026823,Norwich 007B,Robbery,Investigation complete; no suspect identified,
bf69e804973c693e8b03bde119c77b2ec99b3bcab1aba6ff2770bb1598456a1e,2020-02,Norfolk Constabulary,Norfolk Constabulary,1.289378,52.634410,On or near Mandela Close,E01026823,Norwich 007B,Robbery,Investigation complete; no suspect identified,
0a69ac6dff63cdd091295c52dba7ebabb28e6f0ab94f81ad5f36fd7869437055,2020-02,Norfolk Constabulary,Norfolk Constabulary,1.293856,52.633026,On or near Colegate,E01026823,Norwich 007B,Robbery,Investigation complete; no suspect identified,
22b56f0ef9036097109b3e706db5d022c94c827405454a3fa5c7ce069c1c5990,2020-02,Norfolk Constabulary,Norfolk Constabulary,1.292924,52.630255,On or near St John Maddermarket,E01026823,Norwich 007B,Robbery,Unable to prosecute suspect,
9437b52fa7020aaf1ef70867080c0eee6b08ab3e59f27b1c475d087699d24fff,2020-02,Norfolk Constabulary,Norfolk Constabulary,1.293950,52.629354,On or near Shopping Area,E01026823,Norwich 007B,Shoplifting,Court result unavailable,
7ae82983c252fdbd3d94a7713919f39cb68f18e479486eecde54334c113f1120,2020-02,Norfolk Constabulary,Norfolk Constabulary,1.293950,52.629354,On or near Shopping Area,E01026823,Norwich 007B,Shoplifting,Court result unavailable,
38006e139516d3cad6f378eaf8769103fb09b8366de045d7a5048ce978a85443,2020-02,Norfolk Constabulary,Norfolk Constabulary,1.293950,52.629354,On or near Shopping Area,E01026823,Norwich 007B,Shoplifting,Offender given a caution,
08d62889e9a522adbe40886fa43ce11b7aed4576b7189fac2d7427d7d560ad01,2020-02,Norfolk Constabulary,Norfolk Constabulary,1.293950,52.629354,On or near Shopping Area,E01026823,Norwich 007B,Shoplifting,Offender given a caution,
8a66c3ab13e1f12130b8b07224757894b0b849d4b3b4e54ba184776d797a83b5,2020-02,Norfolk Constabulary,Norfolk Constabulary,1.293950,52.629354,On or near Shopping Area,E01026823,Norwich 007B,Shoplifting,Court result unavailable,
c6b971cf5327a80378a8c41f3c84e29a6c5318b2e2f9812191c5e2c8d114d524,2020-02,Norfolk Constabulary,Norfolk Constabulary,1.288435,52.636424,On or near Key And Castle Yard,E01026823,Norwich 007B,Shoplifting,Investigation complete; no suspect identified,
a4e65dd9d57896f958f65e06dd62e8b4cbc7d495127f67be08a2bdd8d699fcd3,2020-02,Norfolk Constabulary,Norfolk Constabulary,1.293950,52.629354,On or near Shopping Area,E01026823,Norwich 007B,Shoplifting,Offender given a caution,
e0902bb4ffd863f979807a2d59a23bb2544202318f6543d3b6f856fc42fefa30,2020-02,Norfolk Constabulary,Norfolk Constabulary,1.288511,52.631133,On or near St Benedicts Street,E01026823,Norwich 007B,Shoplifting,Court result unavailable,
354a180cfbc405e1454dba74aeb569425828497c56589f1567bb70b73424732b,2020-02,Norfolk Constabulary,Norfolk Constabulary,1.294439,52.629377,On or near Shopping Area,E01026823,Norwich 007B,Shoplifting,Investigation complete; no suspect identified,
ad52244f90e5331173db59b0d4e1e61adb39ff89849a6860465f14bca04007d9,2020-02,Norfolk Constabulary,Norfolk Constabulary,1.293950,52.629354,On or near Shopping Area,E01026823,Norwich 007B,Shoplifting,Court result unavailable,
b540504f1c6ea06b06069c17914cf95cd102bd80433adc7ee11141d0c2708fca,2020-02,Norfolk Constabulary,Norfolk Constabulary,1.297058,52.636283,On or near Shopping Area,E01026823,Norwich 007B,Shoplifting,Court result unavailable,
5099352d7eb126f9e766cbb090b48936f419e1844d2e44c487e0df2fc7095240,2020-02,Norfolk Constabulary,Norfolk Constabulary,1.293950,52.629354,On or near Shopping Area,E01026823,Norwich 007B,Shoplifting,Offender given a caution,
db677d43843988efc69e6dafe8d160e0b484ffa467b5075830597d8b6f5d2e2f,2020-02,Norfolk Constabulary,Norfolk Constabulary,1.297058,52.636283,On or near Shopping Area,E01026823,Norwich 007B,Shoplifting,Investigation complete; no suspect identified,
1f87db0b614420f4e8dc05c1b50d5e6ef7668869a8e0a25d777cae23b411112e,2020-02,Norfolk Constabulary,Norfolk Constabulary,1.293950,52.629354,On or near Shopping Area,E01026823,Norwich 007B,Shoplifting,Awaiting court outcome,
bff371f75506345af8694b946588d535d8febbc50e48f2ddada55e6312916544,2020-02,Norfolk Constabulary,Norfolk Constabulary,1.293950,52.629354,On or near Shopping Area,E01026823,Norwich 007B,Shoplifting,Court result unavailable,
c162accff1c2aedcbf08117a6ba201e39a01710665fc6c58a7d2917d59b557b3,2020-02,Norfolk Constabulary,Norfolk Constabulary,1.288435,52.636424,On or near Key And Castle Yard,E01026823,Norwich 007B,Shoplifting,Unable to prosecute suspect,
3d4ae0f8cc35d9651517b628e3377919ed76c4862e9b754a6eb75a4f08c7c442,2020-02,Norfolk Constabulary,Norfolk Constabulary,1.292642,52.629265,On or near Supermarket,E01026823,Norwich 007B,Shoplifting,Unable to prosecute suspect,
db1ebc19fb5cf816114d9ce664944181d0dbbb992df02c34a681d73b06668cce,2020-02,Norfolk Constabulary,Norfolk Constabulary,1.292642,52.629265,On or near Supermarket,E01026823,Norwich 007B,Shoplifting,Unable to prosecute suspect,
6eb5063361c8a815b9d9e0b69fedf499118bbe775eccee3bb8b04308d8d55e7f,2020-02,Norfolk Constabulary,Norfolk Constabulary,1.293950,52.629354,On or near Shopping Area,E01026823,Norwich 007B,Shoplifting,Formal action is not in the public interest,
e2f64b8724506b563188ca59b024fcaaa734775d63ad708505ef6e690434a3f5,2020-02,Norfolk Constabulary,Norfolk Constabulary,1.293521,52.629744,On or near Exchange Street,E01026823,Norwich 007B,Theft from the person,Unable to prosecute suspect,
256bb61c458106bcf2ac360bc31e716e607f6dc321e709dacf2f2f11400fc7a5,2020-02,Norfolk Constabulary,Norfolk Constabulary,1.293950,52.629354,On or near Shopping Area,E01026823,Norwich 007B,Theft from the person,Investigation complete; no suspect identified,
f9100de402e895dcb5ebcd441f2037cd4221e3fe8d8615f7b67fd26b1ee38620,2020-02,Norfolk Constabulary,Norfolk Constabulary,1.293856,52.633026,On or near Colegate,E01026823,Norwich 007B,Vehicle crime,Court result unavailable,
5a7341cd50eb6a39dc8aa711315208886474c62403a16e3e46d139fcddbaf8bf,2020-02,Norfolk Constabulary,Norfolk Constabulary,1.290396,52.634975,On or near St Martins Lane,E01026823,Norwich 007B,Vehicle crime,Investigation complete; no suspect identified,
6d14def9c72395ba4995d9f2600450ceaf73e7c9b1e212a4fb9746f27a1973a9,2020-02,Norfolk Constabulary,Norfolk Constabulary,1.291239,52.633999,On or near St Marys Plain,E01026823,Norwich 007B,Vehicle crime,Investigation complete; no suspect identified,
e986883df567c1e6a64f79b653c2862b809eb02b03fd3ae0d7b6f8c3fc42c21d,2020-02,Norfolk Constabulary,Norfolk Constabulary,1.290396,52.634975,On or near St Martins Lane,E01026823,Norwich 007B,Vehicle crime,Investigation complete; no suspect identified,
ac96ca4467097f90da1771728da13a26400477e3ffd42a0d23009a2eb0e4bb45,2020-02,Norfolk Constabulary,Norfolk Constabulary,1.290396,52.634975,On or near St Martins Lane,E01026823,Norwich 007B,Vehicle crime,Investigation complete; no suspect identified,
cacef63db2c8ac6cbabb4f6fcf5dd36884c409d5ee7982d26f58450318ba7c57,2020-02,Norfolk Constabulary,Norfolk Constabulary,1.295841,52.632692,On or near Friars Quay,E01026823,Norwich 007B,Vehicle crime,Investigation complete; no suspect identified,
13eaf19443e31441fe622773b02e9e797f9342ed4ba8689ce6abb8267a16e8a5,2020-02,Norfolk Constabulary,Norfolk Constabulary,1.291239,52.633999,On or near St Marys Plain,E01026823,Norwich 007B,Vehicle crime,Investigation complete; no suspect identified,
c0ae4e5544a7fce422a4eaf2b67e91faf38ab1b3dd3702dd65e3206ec50d49ae,2020-02,Norfolk Constabulary,Norfolk Constabulary,1.297292,52.635071,On or near St Saviors Lane,E01026823,Norwich 007B,Vehicle crime,Investigation complete; no suspect identified,
a21000dba8d8b78ecbb26d07be87c3901e3956ad029d4d23b4a62d9845594d0a,2020-02,Norfolk Constabulary,Norfolk Constabulary,1.297292,52.635071,On or near St Saviors Lane,E01026823,Norwich 007B,Vehicle crime,Investigation complete; no suspect identified,
3c1c9f93861a201ada2bfb630fdc10cb55c658ead0cb5ddd593757f51857dfb9,2020-02,Norfolk Constabulary,Norfolk Constabulary,1.292924,52.630255,On or near St John Maddermarket,E01026823,Norwich 007B,Violence and sexual offences,Unable to prosecute suspect,
b40ba761de0a762cd1372a6b2d746698db3b9f219c90022db49249cc8b2d0d6c,2020-02,Norfolk Constabulary,Norfolk Constabulary,1.290613,52.632163,On or near Dyers Yard,E01026823,Norwich 007B,Violence and sexual offences,Unable to prosecute suspect,
299019f017c2e8c9d449be318cd2064662f61ad9cd2fe8881a4031fe5a0d08d2,2020-02,Norfolk Constabulary,Norfolk Constabulary,1.295919,52.633913,On or near Parking Area,E01026823,Norwich 007B,Violence and sexual offences,Investigation complete; no suspect identified,
2ae52cdb7ad272d6aff63e41897820dd1367983e94d8e30a57145866f6151d22,2020-02,Norfolk Constabulary,Norfolk Constabulary,1.288546,52.631007,On or near Three King Lane,E01026823,Norwich 007B,Violence and sexual offences,Court result unavailable,
30d95cebc939accce47f67aafae9d9e2222aaa61202acb115d9a5a126028d235,2020-02,Norfolk Constabulary,Norfolk Constabulary,1.294851,52.632495,On or near Corncutters Close,E01026823,Norwich 007B,Violence and sexual offences,Unable to prosecute suspect,
36bef0e41835503c873878c2c1e3c3d3e9dc1c820503b8b80acf4ac83f355a3e,2020-02,Norfolk Constabulary,Norfolk Constabulary,1.290869,52.631832,On or near Coslany Street,E01026823,Norwich 007B,Violence and sexual offences,Unable to prosecute suspect,
fe440061e4a5bbc96ce887c9bb5c789ecaea949c848ad695c8ad20153a859bd2,2020-02,Norfolk Constabulary,Norfolk Constabulary,1.290869,52.631832,On or near Coslany Street,E01026823,Norwich 007B,Violence and sexual offences,Unable to prosecute suspect,
c5f8c9ea31230314d32fa7a33525d984e3edf965033bd52462bd6ea34dbae9bc,2020-02,Norfolk Constabulary,Norfolk Constabulary,1.294851,52.632495,On or near Corncutters Close,E01026823,Norwich 007B,Violence and sexual offences,Court result unavailable,
864f945c423cb4b7ebea48e5372bcd832114f479f569176be273ab1910248cd4,2020-02,Norfolk Constabulary,Norfolk Constabulary,1.288546,52.631007,On or near Three King Lane,E01026823,Norwich 007B,Violence and sexual offences,Court result unavailable,
860501bef4fb32b2bf2dae32f1f970fea43455ff5a04cef47611014612945201,2020-02,Norfolk Constabulary,Norfolk Constabulary,1.289378,52.634410,On or near Mandela Close,E01026823,Norwich 007B,Violence and sexual offences,Unable to prosecute suspect,
953f24b563119169f2352203196f09c307e20d9125856308db9411ac2dab5cf9,2020-02,Norfolk Constabulary,Norfolk Constabulary,1.289781,52.635640,On or near Talbot Square,E01026823,Norwich 007B,Violence and sexual offences,Unable to prosecute suspect,
5336af3d92541715ce6edda812679d8c70113581099e384e144b109b6712425d,2020-02,Norfolk Constabulary,Norfolk Constabulary,1.297292,52.635071,On or near St Saviors Lane,E01026823,Norwich 007B,Violence and sexual offences,Formal action is not in the public interest,
0a0347231b197e968e2b13a69b41b808d1c8e5f75afc9e95552adb15ccd09cfa,2020-02,Norfolk Constabulary,Norfolk Constabulary,1.294851,52.632495,On or near Corncutters Close,E01026823,Norwich 007B,Violence and sexual offences,Unable to prosecute suspect,
ddf2553704799a4370170dbdac4f8c4399a0f5d7ef26ad933ed353f98bb941d0,2020-02,Norfolk Constabulary,Norfolk Constabulary,1.288546,52.631007,On or near Three King Lane,E01026823,Norwich 007B,Violence and sexual offences,Unable to prosecute suspect,
d2b844672302dd3c10b49511044fd3d67882996fd939aed1c8c3226b4bf3380a,2020-02,Norfolk Constabulary,Norfolk Constabulary,1.293856,52.633026,On or near Colegate,E01026823,Norwich 007B,Violence and sexual offences,Further action is not in the public interest,
0bb3128d76f16e932fc66215cfdc77c962c2ae94eb4e1450504b9fc6890c646f,2020-02,Norfolk Constabulary,Norfolk Constabulary,1.297025,52.633100,On or near Fye Bridge Street,E01026823,Norwich 007B,Violence and sexual offences,Court result unavailable,
1bb9796f0966b7eaed489225142e80a7d9dc3be4977198dd0f6e7ac619345116,2020-02,Norfolk Constabulary,Norfolk Constabulary,1.294071,52.631357,On or near Parking Area,E01026823,Norwich 007B,Violence and sexual offences,Unable to prosecute suspect,
4dc233588c365a435c2e90365c895b7d6cccfe25dba3d15db58bbaeb93fd9a09,2020-02,Norfolk Constabulary,Norfolk Constabulary,1.294851,52.632495,On or near Corncutters Close,E01026823,Norwich 007B,Violence and sexual offences,Court result unavailable,
a0a90f8cb916e95cddce91f035e4c587ba0711d2fd9a89420d9affa32a35d670,2020-02,Norfolk Constabulary,Norfolk Constabulary,1.294851,52.632495,On or near Corncutters Close,E01026823,Norwich 007B,Violence and sexual offences,Court result unavailable,
a9920ece16179bb3c027c9abb2ecdb5a90c4d1a5f21fe9169e9596f1d9cac7fe,2020-02,Norfolk Constabulary,Norfolk Constabulary,1.288546,52.631007,On or near Three King Lane,E01026823,Norwich 007B,Violence and sexual offences,Unable to prosecute suspect,
9c2dbcc379e1faba5d477fd24b3d0c0b1451241194f7f2e4b3ec247ddd8a64c0,2020-02,Norfolk Constabulary,Norfolk Constabulary,1.294851,52.632495,On or near Corncutters Close,E01026823,Norwich 007B,Violence and sexual offences,Court result unavailable,
a7ba697d917f4f13b3133f4c38e9023df2d168aeb0b295d0a80b89b3fb7f6966,2020-02,Norfolk Constabulary,Norfolk Constabulary,1.294439,52.629377,On or near Shopping Area,E01026823,Norwich 007B,Violence and sexual offences,Court result unavailable,
be0eb3c654eca8b998885c13c7c0803459ff0f10a7590191b40f3be4b9a13c86,2020-02,Norfolk Constabulary,Norfolk Constabulary,1.290869,52.631832,On or near Coslany Street,E01026823,Norwich 007B,Violence and sexual offences,Unable to prosecute suspect,
c995ee16eb8f3018293d13776cb26d6cde3744798b224966d66b894f513ec4a0,2020-02,Norfolk Constabulary,Norfolk Constabulary,1.288511,52.631133,On or near St Benedicts Street,E01026823,Norwich 007B,Other crime,Unable to prosecute suspect,
47f42fed3d50d429783904b84d7a78d3e5118e6c931ab0106f453be690661660,2020-02,Norfolk Constabulary,Norfolk Constabulary,1.294851,52.632495,On or near Corncutters Close,E01026823,Norwich 007B,Other crime,Unable to prosecute suspect,
,2020-02,Norfolk Constabulary,Norfolk Constabulary,1.282717,52.632517,On or near Dereham Road,E01026824,Norwich 007C,Anti-social behaviour,,
,2020-02,Norfolk Constabulary,Norfolk Constabulary,1.284279,52.632645,On or near Petrol Station,E01026824,Norwich 007C,Anti-social behaviour,,
,2020-02,Norfolk Constabulary,Norfolk Constabulary,1.280184,52.631257,On or near West Pottergate,E01026824,Norwich 007C,Anti-social behaviour,,
,2020-02,Norfolk Constabulary,Norfolk Constabulary,1.282717,52.632517,On or near Dereham Road,E01026824,Norwich 007C,Anti-social behaviour,,
,2020-02,Norfolk Constabulary,Norfolk Constabulary,1.283212,52.635382,On or near Derby Street,E01026824,Norwich 007C,Anti-social behaviour,,
,2020-02,Norfolk Constabulary,Norfolk Constabulary,1.283212,52.635382,On or near Derby Street,E01026824,Norwich 007C,Anti-social behaviour,,
,2020-02,Norfolk Constabulary,Norfolk Constabulary,1.282717,52.632517,On or near Dereham Road,E01026824,Norwich 007C,Anti-social behaviour,,
,2020-02,Norfolk Constabulary,Norfolk Constabulary,1.282503,52.633207,On or near Parking Area,E01026824,Norwich 007C,Anti-social behaviour,,
,2020-02,Norfolk Constabulary,Norfolk Constabulary,1.281593,52.634482,On or near Haslips Close,E01026824,Norwich 007C,Anti-social behaviour,,
,2020-02,Norfolk Constabulary,Norfolk Constabulary,1.281593,52.634482,On or near Haslips Close,E01026824,Norwich 007C,Anti-social behaviour,,
,2020-02,Norfolk Constabulary,Norfolk Constabulary,1.283264,52.630353,On or near Paragon Place,E01026824,Norwich 007C,Anti-social behaviour,,
87d07139220205afd618a28bc4391ba4001c6f3340419a807ff3901c148aa7bd,2020-02,Norfolk Constabulary,Norfolk Constabulary,1.283275,52.634049,On or near Orchard Street,E01026824,Norwich 007C,Bicycle theft,Investigation complete; no suspect identified,
ccfcd852c3504fec31078f5ba062306beb73495430d67fc6e2700e9356b0f1c9,2020-02,Norfolk Constabulary,Norfolk Constabulary,1.284279,52.632645,On or near Petrol Station,E01026824,Norwich 007C,Bicycle theft,Investigation complete; no suspect identified,
038b2fae8443b5d048d28ef192b0e20b27a50ad828d820e7fad1930efcec696e,2020-02,Norfolk Constabulary,Norfolk Constabulary,1.281514,52.633423,On or near Exeter Street,E01026824,Norwich 007C,Criminal damage and arson,Investigation complete; no suspect identified,
11fc02bc92d885b12ab3c0b8a98997e9bd608584b6f1c4782634f5434986c67b,2020-02,Norfolk Constabulary,Norfolk Constabulary,1.285133,52.634384,On or near Ely Street,E01026824,Norwich 007C,Criminal damage and arson,Investigation complete; no suspect identified,
c28e70d0259ef235c6b9b02af62940036ff31b33c4deb564be273db2643caca1,2020-02,Norfolk Constabulary,Norfolk Constabulary,1.280184,52.631257,On or near West Pottergate,E01026824,Norwich 007C,Criminal damage and arson,Unable to prosecute suspect,
3123d77375c569cb32b586be01e107f6b12fd3af31cb736656918cb57f12a1e8,2020-02,Norfolk Constabulary,Norfolk Constabulary,1.280184,52.631257,On or near West Pottergate,E01026824,Norwich 007C,Criminal damage and arson,Investigation complete; no suspect identified,
578f1ab9cff4f81158f5e3423db0a50dee19c6a26360acd6718db9d3d930202e,2020-02,Norfolk Constabulary,Norfolk Constabulary,1.280184,52.631257,On or near West Pottergate,E01026824,Norwich 007C,Drugs,Offender given a drugs possession warning,
a3dead09c1949f650370d3a9281e0d8ee2c6a00d0045ab58a977a2cdd6a614f7,2020-02,Norfolk Constabulary,Norfolk Constabulary,1.281593,52.634482,On or near Haslips Close,E01026824,Norwich 007C,Other theft,Investigation complete; no suspect identified,
4b363c9c89f81d680a668591431766f1ed31fbcbc4c0a59ae26410beba714fcd,2020-02,Norfolk Constabulary,Norfolk Constabulary,1.283264,52.630353,On or near Paragon Place,E01026824,Norwich 007C,Possession of weapons,Unable to prosecute suspect,
732f3dff9f9c2eb3240b9666bbaba954718be4a7a59fc8dd9dac8643831c15d1,2020-02,Norfolk Constabulary,Norfolk Constabulary,1.284279,52.632645,On or near Petrol Station,E01026824,Norwich 007C,Public order,Investigation complete; no suspect identified,
8f61f278caab90fc4fa1527b1571c46ebf3fc101e156aada67641c5b0ab7b5b5,2020-02,Norfolk Constabulary,Norfolk Constabulary,1.280184,52.631257,On or near West Pottergate,E01026824,Norwich 007C,Public order,Awaiting court outcome,
d75d29f92e761543d2ec6bf0b9d2e3532f842a58ce81a34d65f19aecc109c173,2020-02,Norfolk Constabulary,Norfolk Constabulary,1.283264,52.630353,On or near Paragon Place,E01026824,Norwich 007C,Public order,Unable to prosecute suspect,
46efea4d21535e5fb53ab9e0e960a23aab322254acde0d41555a178ea47badb4,2020-02,Norfolk Constabulary,Norfolk Constabulary,1.279121,52.634038,On or near Portway Place,E01026824,Norwich 007C,Shoplifting,Investigation complete; no suspect identified,
c2dc602b0f141399421201a10b4d61d68c057d776460bef478fdbe3894d0469c,2020-02,Norfolk Constabulary,Norfolk Constabulary,1.279121,52.634038,On or near Portway Place,E01026824,Norwich 007C,Shoplifting,Status update unavailable,
0f68dcc0c6f386ec6460dd4fcc51aae405969371317bea241a53cd7fd0578173,2020-02,Norfolk Constabulary,Norfolk Constabulary,1.279121,52.634038,On or near Portway Place,E01026824,Norwich 007C,Shoplifting,Status update unavailable,
30c249fe4b625a8c0305d6cb6912cee4e30fc53b189787f28240e42ffcd713db,2020-02,Norfolk Constabulary,Norfolk Constabulary,1.280476,52.632786,On or near Parking Area,E01026824,Norwich 007C,Shoplifting,Investigation complete; no suspect identified,
892c1f11f2aabf0e5e9e6d92d94d327b30355622e289c499849bbfef12333a48,2020-02,Norfolk Constabulary,Norfolk Constabulary,1.280476,52.632786,On or near Parking Area,E01026824,Norwich 007C,Theft from the person,Unable to prosecute suspect,
40050cb97311dc1404da0acbcd2e1f92fa091c72d896edf512301cfdc50577ac,2020-02,Norfolk Constabulary,Norfolk Constabulary,1.283264,52.630353,On or near Paragon Place,E01026824,Norwich 007C,Vehicle crime,Investigation complete; no suspect identified,
c6c45fd48426d3ccf2065784dbb030aae7d8185a8257236fd5afee0b7d99f115,2020-02,Norfolk Constabulary,Norfolk Constabulary,1.283264,52.630353,On or near Paragon Place,E01026824,Norwich 007C,Violence and sexual offences,Unable to prosecute suspect,
22e06b586c257203f18278cdf067e3cc05328d04c34c362eba6ce44d79dea339,2020-02,Norfolk Constabulary,Norfolk Constabulary,1.280184,52.631257,On or near West Pottergate,E01026824,Norwich 007C,Violence and sexual offences,Unable to prosecute suspect,
a4a740ec6b8a5ff0d0989326de7a391e8e1ba64a9489de31b1b065078a57cf00,2020-02,Norfolk Constabulary,Norfolk Constabulary,1.280184,52.631257,On or near West Pottergate,E01026824,Norwich 007C,Violence and sexual offences,Unable to prosecute suspect,
73beb517e6c5e27d75c7462fc0fd6e2666c48921f492d76649be3c4a58f311ab,2020-02,Norfolk Constabulary,Norfolk Constabulary,1.280184,52.631257,On or near West Pottergate,E01026824,Norwich 007C,Violence and sexual offences,Court result unavailable,
ca34304ea97f3f9949d21f684fe03b6f3bf7e63b34ed2631bc26642e66692eab,2020-02,Norfolk Constabulary,Norfolk Constabulary,1.282503,52.633207,On or near Parking Area,E01026824,Norwich 007C,Violence and sexual offences,Unable to prosecute suspect,
8af08e2989e42d0fbde5cb65a17ceb64dafbc09f28cf2de3a7fa2a560e64a6bd,2020-02,Norfolk Constabulary,Norfolk Constabulary,1.282717,52.632517,On or near Dereham Road,E01026824,Norwich 007C,Violence and sexual offences,Unable to prosecute suspect,
9758619291491ee3e04d0924c9cc58ac88e960326c02e94032058687b3634e4d,2020-02,Norfolk Constabulary,Norfolk Constabulary,1.283264,52.630353,On or near Paragon Place,E01026824,Norwich 007C,Violence and sexual offences,Unable to prosecute suspect,
b2af246171c61c270be1b9438ae76310a932a65ad655e5a2f80a19b2cd71dd12,2020-02,Norfolk Constabulary,Norfolk Constabulary,1.280184,52.631257,On or near West Pottergate,E01026824,Norwich 007C,Violence and sexual offences,Unable to prosecute suspect,
3c8d9fb278a0ee8720e6db42d2ea561cf41d3d2cebe140c21e3531d76f036890,2020-02,Norfolk Constabulary,Norfolk Constabulary,1.285133,52.634384,On or near Ely Street,E01026824,Norwich 007C,Violence and sexual offences,Unable to prosecute suspect,
3bc564eeb0a76c5ff4e488293bfc6177b6359601146ec57d27ba201a3a99d2df,2020-02,Norfolk Constabulary,Norfolk Constabulary,1.283264,52.630353,On or near Paragon Place,E01026824,Norwich 007C,Violence and sexual offences,Unable to prosecute suspect,
d2f9b1684191b5a6b6c7290e12c5062df4ce3cd28cf21fe20e4d6d2bec64816d,2020-02,Norfolk Constabulary,Norfolk Constabulary,1.283212,52.635382,On or near Derby Street,E01026824,Norwich 007C,Violence and sexual offences,Awaiting court outcome,
,2020-02,Norfolk Constabulary,Norfolk Constabulary,1.274734,52.638243,On or near Armes Street,E01026825,Norwich 007D,Anti-social behaviour,,
,2020-02,Norfolk Constabulary,Norfolk Constabulary,1.275643,52.635178,On or near West End Street,E01026825,Norwich 007D,Anti-social behaviour,,
,2020-02,Norfolk Constabulary,Norfolk Constabulary,1.275745,52.637333,On or near Nelson Street,E01026825,Norwich 007D,Anti-social behaviour,,
,2020-02,Norfolk Constabulary,Norfolk Constabulary,1.274734,52.638243,On or near Armes Street,E01026825,Norwich 007D,Anti-social behaviour,,
4d9825df78a2258e6f3cff89f70c0d475dd8511a5ceda5faa2e7006d49bf5b22,2020-02,Norfolk Constabulary,Norfolk Constabulary,1.275643,52.635178,On or near West End Street,E01026825,Norwich 007D,Burglary,Investigation complete; no suspect identified,
5bd16b0863b7f4a25ae25bc837c24668c7b737749dc140e49b6898f1e79623d1,2020-02,Norfolk Constabulary,Norfolk Constabulary,1.277107,52.635776,On or near Adelaide Street,E01026825,Norwich 007D,Burglary,Investigation complete; no suspect identified,
68fcdcaab978204e14dba8acee53f61a33d3db336412a76f8f90d25325fa4f22,2020-02,Norfolk Constabulary,Norfolk Constabulary,1.274734,52.638243,On or near Armes Street,E01026825,Norwich 007D,Criminal damage and arson,Unable to prosecute suspect,
168159151268e8776ddeaa7cfeae548d0e8dc876a30e608040ec90bc1855d0c7,2020-02,Norfolk Constabulary,Norfolk Constabulary,1.278382,52.640174,On or near Heigham Street,E01026825,Norwich 007D,Criminal damage and arson,Investigation complete; no suspect identified,
3e581225731d8a8243d954f28f1d0235798b6a1090eebc3ae7f7f16e73eab033,2020-02,Norfolk Constabulary,Norfolk Constabulary,1.275643,52.635178,On or near West End Street,E01026825,Norwich 007D,Drugs,Awaiting court outcome,
ead22a688f3a2d241ba5128c97a792065fcc06aca2081b9f7e4752431e621ca9,2020-02,Norfolk Constabulary,Norfolk Constabulary,1.275643,52.635178,On or near West End Street,E01026825,Norwich 007D,Other theft,Investigation complete; no suspect identified,
b2e11e9f9331666aa7f4e4feb041846265d8ee74b82e0b900d064a78c5d29ec9,2020-02,Norfolk Constabulary,Norfolk Constabulary,1.274797,52.640858,On or near Old Laundry Court,E01026825,Norwich 007D,Other theft,Investigation complete; no suspect identified,
eeab37a8cc83d66b5a91c6acde2ca247f1ca7158eabc1a505e69084494e004bf,2020-02,Norfolk Constabulary,Norfolk Constabulary,1.277278,52.639638,On or near Dolphin Grove,E01026825,Norwich 007D,Other theft,Investigation complete; no suspect identified,
7a084859fb222e863a15f8393d1c2a6be55eba924fd8d0e538777dd2d649f048,2020-02,Norfolk Constabulary,Norfolk Constabulary,1.277107,52.635776,On or near Adelaide Street,E01026825,Norwich 007D,Possession of weapons,Formal action is not in the public interest,
e0c7214e590f4d5d62a2b2a74c0b4e42dd95e1579d9137a92483bca703a32f22,2020-02,Norfolk Constabulary,Norfolk Constabulary,1.274734,52.638243,On or near Armes Street,E01026825,Norwich 007D,Public order,Unable to prosecute suspect,
5cac3858518013623a3e4ff86a1846c88e83e4042c77d38b3b630229a92f2c40,2020-02,Norfolk Constabulary,Norfolk Constabulary,1.276302,52.638451,On or near Edward Gambling Court,E01026825,Norwich 007D,Vehicle crime,Investigation complete; no suspect identified,
3a076e9dbe78339876f1ea8a235cb2a5d71b97eaee516b15ba6575e21493ad85,2020-02,Norfolk Constabulary,Norfolk Constabulary,1.275643,52.635178,On or near West End Street,E01026825,Norwich 007D,Vehicle crime,Unable to prosecute suspect,
0d3ae4ebb1e9f23444e5b0fbcba15400434feefa9b2b052c9d9b909cd352cb75,2020-02,Norfolk Constabulary,Norfolk Constabulary,1.276302,52.638451,On or near Edward Gambling Court,E01026825,Norwich 007D,Vehicle crime,Investigation complete; no suspect identified,
f6d94864b92540ab1420f726b598c845391a75173dd8481dff9961236f2dc95b,2020-02,Norfolk Constabulary,Norfolk Constabulary,1.274734,52.638243,On or near Armes Street,E01026825,Norwich 007D,Violence and sexual offences,Status update unavailable,
1f1d6c7f4bff43d40656d3096b3663ba3b9062f791375c8e2fae86a00fb16919,2020-02,Norfolk Constabulary,Norfolk Constabulary,1.275643,52.635178,On or near West End Street,E01026825,Norwich 007D,Violence and sexual offences,Unable to prosecute suspect,
a4500398d06b1c14fbb8bb760e1857dc55fc5ff0a9d3acdce507f35b326661ab,2020-02,Norfolk Constabulary,Norfolk Constabulary,1.274734,52.638243,On or near Armes Street,E01026825,Norwich 007D,Violence and sexual offences,Unable to prosecute suspect,
64c6e7ac850066b7b56049611c52c7f354142571e644bb2a54aa50bad0d072d1,2020-02,Norfolk Constabulary,Norfolk Constabulary,1.276620,52.640727,On or near Heigham Watering,E01026825,Norwich 007D,Violence and sexual offences,Unable to prosecute suspect,
6aaf0ff13e4bc6dacf6fc83600fa7ee2d8040f28f4ad46fe7a6b23e49fbaa2ac,2020-02,Norfolk Constabulary,Norfolk Constabulary,1.277278,52.639638,On or near Dolphin Grove,E01026825,Norwich 007D,Violence and sexual offences,Unable to prosecute suspect,
ffc95dbaea22f4069863c85078b9391f6574478f0b542b37544b941af93da3a9,2020-02,Norfolk Constabulary,Norfolk Constabulary,1.274734,52.638243,On or near Armes Street,E01026825,Norwich 007D,Violence and sexual offences,Unable to prosecute suspect,
0b3f82af68315d1dd3352ce75513cd6c3287c49527b46da73c78fbdc2e6c2415,2020-02,Norfolk Constabulary,Norfolk Constabulary,1.276620,52.640727,On or near Heigham Watering,E01026825,Norwich 007D,Violence and sexual offences,Unable to prosecute suspect,
9b449c684ec9a08e6e2e212cb15c18598f728f24a1b2f8613b2519823811ed9d,2020-02,Norfolk Constabulary,Norfolk Constabulary,1.275643,52.635178,On or near West End Street,E01026825,Norwich 007D,Other crime,Awaiting court outcome,
,2020-02,Norfolk Constabulary,Norfolk Constabulary,1.298457,52.637197,On or near Bull Close,E01026826,Norwich 007E,Anti-social behaviour,,
,2020-02,Norfolk Constabulary,Norfolk Constabulary,1.289947,52.638055,On or near St Martins At Oak Wall Lane,E01026826,Norwich 007E,Anti-social behaviour,,
,2020-02,Norfolk Constabulary,Norfolk Constabulary,1.297222,52.638266,On or near Garden Place,E01026826,Norwich 007E,Anti-social behaviour,,
,2020-02,Norfolk Constabulary,Norfolk Constabulary,1.296515,52.636145,On or near Magdalen Street,E01026826,Norwich 007E,Anti-social behaviour,,
,2020-02,Norfolk Constabulary,Norfolk Constabulary,1.298457,52.637197,On or near Bull Close,E01026826,Norwich 007E,Anti-social behaviour,,
,2020-02,Norfolk Constabulary,Norfolk Constabulary,1.293041,52.638310,On or near Esdelle Street,E01026826,Norwich 007E,Anti-social behaviour,,
,2020-02,Norfolk Constabulary,Norfolk Constabulary,1.296515,52.636145,On or near Magdalen Street,E01026826,Norwich 007E,Anti-social behaviour,,
1e1755dc65fac855735c9347f83ab7d3aab0a182f445d91b15a54b945c2e5a4c,2020-02,Norfolk Constabulary,Norfolk Constabulary,1.295167,52.636309,On or near Supermarket,E01026826,Norwich 007E,Burglary,Investigation complete; no suspect identified,
390865a82d8fdd6cf0b1906d84205693405d5ff9c91027ca1cbd9866e509c475,2020-02,Norfolk Constabulary,Norfolk Constabulary,1.289589,52.637426,On or near Ebenezer Place,E01026826,Norwich 007E,Burglary,Investigation complete; no suspect identified,
5c4ddef5afe9f9fb5622c2698be2aa038d3ef8bf81deb567ac01e3388cd5c45b,2020-02,Norfolk Constabulary,Norfolk Constabulary,1.297222,52.638266,On or near Garden Place,E01026826,Norwich 007E,Drugs,Court result unavailable,
fb6dd364eb0f8f8d62e8f09d224969fbfbb55809e10363f80d6c0eed79daa0b6,2020-02,Norfolk Constabulary,Norfolk Constabulary,1.292182,52.637894,On or near St Augustines Street,E01026826,Norwich 007E,Other theft,Unable to prosecute suspect,
26274e637e5d19bd5acaefd254a8d24dc961f5fca62389bc4f6088e3a0c24ad6,2020-02,Norfolk Constabulary,Norfolk Constabulary,1.295119,52.635860,On or near Supermarket,E01026826,Norwich 007E,Other theft,Investigation complete; no suspect identified,
927d62a45b4dbfc9c17c75a09a9f80b54cc8b830da6f7a0768369cc0c574ede7,2020-02,Norfolk Constabulary,Norfolk Constabulary,1.291069,52.636656,On or near Gildencroft,E01026826,Norwich 007E,Public order,Unable to prosecute suspect,
989c823edb6c17ebdce93d7e387b3f2cab5482b6d1c3a74036423eca2636909d,2020-02,Norfolk Constabulary,Norfolk Constabulary,1.296515,52.636145,On or near Magdalen Street,E01026826,Norwich 007E,Public order,Unable to prosecute suspect,
4794d0f27e57f024f2b15aff238bab0fe6114e3437800a5d25e72827e4b53299,2020-02,Norfolk Constabulary,Norfolk Constabulary,1.295558,52.637377,On or near Edward Street,E01026826,Norwich 007E,Public order,Unable to prosecute suspect,
4557bd4b7c7904ea79dcb8d2a4b052d61f39e25eebb746a94e9d799e3e070740,2020-02,Norfolk Constabulary,Norfolk Constabulary,1.301804,52.636690,On or near Parking Area,E01026826,Norwich 007E,Public order,Unable to prosecute suspect,
299f3ca8cace931d9525b2e5e8b43e069e06c6971dff6673f02888de8ccce6ac,2020-02,Norfolk Constabulary,Norfolk Constabulary,1.297243,52.637564,On or near Magdalen Close,E01026826,Norwich 007E,Public order,Investigation complete; no suspect identified,
ae34ef00d5333c866d583dfe7c73cb8f81b7f24ad4268ea3c5156312ea129a93,2020-02,Norfolk Constabulary,Norfolk Constabulary,1.296515,52.636145,On or near Magdalen Street,E01026826,Norwich 007E,Shoplifting,Status update unavailable,
311acbe02fad3092442a61fd8919638318b85fbc8c8f626e2021d143ac929d71,2020-02,Norfolk Constabulary,Norfolk Constabulary,1.301804,52.636690,On or near Parking Area,E01026826,Norwich 007E,Shoplifting,Investigation complete; no suspect identified,
10e2121d1af220517422f4f6de88a3e559b20ca04781198c7f7c8643ed532c42,2020-02,Norfolk Constabulary,Norfolk Constabulary,1.292282,52.638826,On or near Magpie Road,E01026826,Norwich 007E,Shoplifting,Court result unavailable,
39d4ea31517e0b3b18521c5cd7d43a304aa3f566f25496e1c99614b8b577a204,2020-02,Norfolk Constabulary,Norfolk Constabulary,1.292282,52.638826,On or near Magpie Road,E01026826,Norwich 007E,Shoplifting,Investigation complete; no suspect identified,
bd5ad311c1a7465002c23753ff953781308e741e743aa3821de168408e3fb77f,2020-02,Norfolk Constabulary,Norfolk Constabulary,1.292282,52.638826,On or near Magpie Road,E01026826,Norwich 007E,Shoplifting,Court result unavailable,
9434de427293518f16a712082cc335edbab308c73b978140ddca2c4fb7ac19ce,2020-02,Norfolk Constabulary,Norfolk Constabulary,1.296515,52.636145,On or near Magdalen Street,E01026826,Norwich 007E,Shoplifting,Status update unavailable,
0223bf4eab4cacd70dc0cef983e21a7cd42650cf1d7b3161dbdd7af3e7b2322c,2020-02,Norfolk Constabulary,Norfolk Constabulary,1.296515,52.636145,On or near Magdalen Street,E01026826,Norwich 007E,Shoplifting,Court result unavailable,
91c1d3807540a151ed6549d34b90850058e42a82704b632675df0e21e4613ddd,2020-02,Norfolk Constabulary,Norfolk Constabulary,1.298579,52.638030,On or near Bull Close Road,E01026826,Norwich 007E,Theft from the person,Unable to prosecute suspect,
101cfb3c11a5d6c6622509a31f730210c5293ca63971a9c3c0d4b83dfc6d97de,2020-02,Norfolk Constabulary,Norfolk Constabulary,1.296348,52.638641,On or near Wall Lane,E01026826,Norwich 007E,Vehicle crime,Formal action is not in the public interest,
56039c15d4cf95a5d532224ff2a09c06f688872b7f529603fef928c5443a5a57,2020-02,Norfolk Constabulary,Norfolk Constabulary,1.295044,52.634477,On or near Golden Dog Lane,E01026826,Norwich 007E,Violence and sexual offences,Unable to prosecute suspect,
04d79815464118822224259efca736c3ad1391247286e786a36468d4c9e19ac4,2020-02,Norfolk Constabulary,Norfolk Constabulary,1.298579,52.638030,On or near Bull Close Road,E01026826,Norwich 007E,Violence and sexual offences,Unable to prosecute suspect,
e259d5514e8c6a8889b141b68794726a14ca9f64b18d1774fd8f88335eb1f0ef,2020-02,Norfolk Constabulary,Norfolk Constabulary,1.296515,52.636145,On or near Magdalen Street,E01026826,Norwich 007E,Violence and sexual offences,Investigation complete; no suspect identified,
ca06fdc91b9a664e8fb583f62e3dfc26676ccfb409a86c858ea037b800eaf583,2020-02,Norfolk Constabulary,Norfolk Constabulary,1.295167,52.636309,On or near Supermarket,E01026826,Norwich 007E,Violence and sexual offences,Court result unavailable,
42e49b2320466f69a0e8138a91c34b49a4c8663928f9a58274ad1c6590f0101a,2020-02,Norfolk Constabulary,Norfolk Constabulary,1.292182,52.637894,On or near St Augustines Street,E01026826,Norwich 007E,Violence and sexual offences,Unable to prosecute suspect,
8582c9eb1141bdb054e3f74d2a7974d2ce22c55d0851137dea9a3a5635eda71c,2020-02,Norfolk Constabulary,Norfolk Constabulary,1.296348,52.638641,On or near Wall Lane,E01026826,Norwich 007E,Violence and sexual offences,Court result unavailable,
5d006c54e922c3cf64046bdc18a35c99b27a41b6c7be5d1837e278a98433cbaa,2020-02,Norfolk Constabulary,Norfolk Constabulary,1.292182,52.637894,On or near St Augustines Street,E01026826,Norwich 007E,Violence and sexual offences,Unable to prosecute suspect,
a5c08502c124c7e5f609cd070a49b23a15daea9f3578b2bd853a93807d7fd182,2020-02,Norfolk Constabulary,Norfolk Constabulary,1.292182,52.637894,On or near St Augustines Street,E01026826,Norwich 007E,Violence and sexual offences,Action to be taken by another organisation,
c76862f42f1124940f71b83573e100b7435b4cc7d34e912c58cd25ac98be5c69,2020-02,Norfolk Constabulary,Norfolk Constabulary,1.298579,52.638030,On or near Bull Close Road,E01026826,Norwich 007E,Violence and sexual offences,Unable to prosecute suspect,
eb6b2748b7e716a7dc95998414f85e9bd138afb32c2ad1e853bb67bdd3db53fd,2020-02,Norfolk Constabulary,Norfolk Constabulary,1.292182,52.637894,On or near St Augustines Street,E01026826,Norwich 007E,Violence and sexual offences,Action to be taken by another organisation,
61f5f3af99e5bb13819367673e8702131620e7b7f9249814fda6379e2baeb9c9,2020-02,Norfolk Constabulary,Norfolk Constabulary,1.292182,52.637894,On or near St Augustines Street,E01026826,Norwich 007E,Violence and sexual offences,Action to be taken by another organisation,
71b317b849a459a9537700ea6ea85f29151eeb8ccfd86d7585f1a37c8b2d46d2,2020-02,Norfolk Constabulary,Norfolk Constabulary,1.292182,52.637894,On or near St Augustines Street,E01026826,Norwich 007E,Violence and sexual offences,Unable to prosecute suspect,
3eddb43cceb5decd8a3a10f2946322be395bff856dceeb94e1283cdefb2da503,2020-02,Norfolk Constabulary,Norfolk Constabulary,1.295558,52.637377,On or near Edward Street,E01026826,Norwich 007E,Violence and sexual offences,Unable to prosecute suspect,
18273f45a8f8c182e12dd71c5c0c952eda73240586e0e8abb823cf5cb591539b,2020-02,Norfolk Constabulary,Norfolk Constabulary,1.296348,52.638641,On or near Wall Lane,E01026826,Norwich 007E,Violence and sexual offences,Unable to prosecute suspect,
c81940d2a3bafb10237a3eb58022607b3a458a00d3c369df7e21cdf8a0e11721,2020-02,Norfolk Constabulary,Norfolk Constabulary,1.299453,52.637277,On or near Leopard Court,E01026826,Norwich 007E,Violence and sexual offences,Unable to prosecute suspect,
6a55798e5d5f3c68292a25118fd0b21f111400783d6898c3288ad6062503a558,2020-02,Norfolk Constabulary,Norfolk Constabulary,1.297222,52.638266,On or near Garden Place,E01026826,Norwich 007E,Violence and sexual offences,Formal action is not in the public interest,
,2020-02,Norfolk Constabulary,Norfolk Constabulary,1.279903,52.636786,On or near Clifton Close,E01026827,Norwich 007F,Anti-social behaviour,,
d2f35a142110469b93092dd955f0614f467a2fed9a38630b77d18af2c55ed504,2020-02,Norfolk Constabulary,Norfolk Constabulary,1.283701,52.638156,On or near Kingsway,E01026827,Norwich 007F,Burglary,Investigation complete; no suspect identified,
60d0a15ba91cd35947fbe370b75db49cc4de5f414e073524ec07441ede9f8bae,2020-02,Norfolk Constabulary,Norfolk Constabulary,1.278347,52.636146,On or near Old Palace Road,E01026827,Norwich 007F,Burglary,Investigation complete; no suspect identified,
f7665c12280354eab1a1cf594fd034f894fd911003e256e31ea7ee8a2438731f,2020-02,Norfolk Constabulary,Norfolk Constabulary,1.278347,52.636146,On or near Old Palace Road,E01026827,Norwich 007F,Burglary,Status update unavailable,
28cdf2646a5825e0f58543daf87b0c16a37c8c3588cfadb4d08b74bbbbbb9b45,2020-02,Norfolk Constabulary,Norfolk Constabulary,1.282255,52.637594,On or near Blackhorse Street,E01026827,Norwich 007F,Criminal damage and arson,Investigation complete; no suspect identified,
f8c715fae6440260dd6bf21baae3cf3592e200b3dfe91acff5e38f2a08b5ef59,2020-02,Norfolk Constabulary,Norfolk Constabulary,1.282116,52.635547,On or near Russell Street,E01026827,Norwich 007F,Criminal damage and arson,Investigation complete; no suspect identified,
84c327e4d6f9f81bb04c08e41539fc294b6963964f2f56c0ac878ec9cade0294,2020-02,Norfolk Constabulary,Norfolk Constabulary,1.285091,52.637560,On or near Barker Street,E01026827,Norwich 007F,Drugs,Court result unavailable,
8cd3caba041f55f3566c3db6c4f5c137f3bcf5acacaca81a5b4bb43c4bb3212d,2020-02,Norfolk Constabulary,Norfolk Constabulary,1.283858,52.636893,On or near Marriot Close,E01026827,Norwich 007F,Drugs,Offender given a drugs possession warning,
2f640a749424909a639c9cc77ea66ee87d7043526bb3549ca4fef07fe90b47c0,2020-02,Norfolk Constabulary,Norfolk Constabulary,1.283858,52.636893,On or near Marriot Close,E01026827,Norwich 007F,Other theft,Unable to prosecute suspect,
6098dee9a0a4e894d493398b5d41b91c53039088fe2c9573e4329668c08e316e,2020-02,Norfolk Constabulary,Norfolk Constabulary,1.278347,52.636146,On or near Old Palace Road,E01026827,Norwich 007F,Other theft,Unable to prosecute suspect,
fc5a2b67c13bb4c8febac82219b00efba5c94958a55a605d68342a4cdba039ae,2020-02,Norfolk Constabulary,Norfolk Constabulary,1.287335,52.634377,On or near Barn Road,E01026827,Norwich 007F,Public order,Unable to prosecute suspect,
60d7587cb1f169f0194b956ac303e628e60e4735ef2cc0932a495cb2a16865d4,2020-02,Norfolk Constabulary,Norfolk Constabulary,1.279969,52.635499,On or near Devonshire Street,E01026827,Norwich 007F,Public order,Awaiting court outcome,
d3758cdf598f0a2b81a41d882b78c4564e163e14b0d2e3eea007c33a16bd542c,2020-02,Norfolk Constabulary,Norfolk Constabulary,1.279969,52.635499,On or near Devonshire Street,E01026827,Norwich 007F,Public order,Investigation complete; no suspect identified,
cd41152170f3a4e04bc312da0d42274795315825df56f39ac912b92b2dee058a,2020-02,Norfolk Constabulary,Norfolk Constabulary,1.278505,52.634703,On or near Old Palace Road,E01026827,Norwich 007F,Public order,Unable to prosecute suspect,
269d33a18a8086af11c5f353cb61dc87219e2072601c22e2755d96b198330856,2020-02,Norfolk Constabulary,Norfolk Constabulary,1.283890,52.635147,On or near Sayers Street,E01026827,Norwich 007F,Public order,Unable to prosecute suspect,
57f172f16b56cfd8440ca6cd27bd2594b63ec12cd85d99fbb105ac0c10a2278f,2020-02,Norfolk Constabulary,Norfolk Constabulary,1.287335,52.634377,On or near Barn Road,E01026827,Norwich 007F,Shoplifting,Investigation complete; no suspect identified,
cda0f1317554389162570067927bce70b4b6344599a234a421108ec71e260577,2020-02,Norfolk Constabulary,Norfolk Constabulary,1.285091,52.637560,On or near Barker Street,E01026827,Norwich 007F,Shoplifting,Investigation complete; no suspect identified,
b71b24cd9e34d9443361d35b3d1eda79df77f872f4e50b2fb874bd041b818327,2020-02,Norfolk Constabulary,Norfolk Constabulary,1.285091,52.637560,On or near Barker Street,E01026827,Norwich 007F,Shoplifting,Investigation complete; no suspect identified,
2b2c2b1d2d98b98b9ca8100f33d7f2e28088d64a98196a0a7a772120213022d1,2020-02,Norfolk Constabulary,Norfolk Constabulary,1.279774,52.634470,On or near Goldsmith Street,E01026827,Norwich 007F,Theft from the person,Unable to prosecute suspect,
856fa43f611d1fd90b645f123be1838fdfe94f0c479e7cab4eed3de78e3036da,2020-02,Norfolk Constabulary,Norfolk Constabulary,1.279774,52.634470,On or near Goldsmith Street,E01026827,Norwich 007F,Vehicle crime,Investigation complete; no suspect identified,
f92593f5476d2dec57404a70a27510e9927f94507e640d3b9efb49a5f5b0c4de,2020-02,Norfolk Constabulary,Norfolk Constabulary,1.279534,52.638964,On or near Raynham Street,E01026827,Norwich 007F,Violence and sexual offences,Unable to prosecute suspect,
bba53e3a01387d3da18e5e85029e5f485221b3e6d42f53992ef57225d565990c,2020-02,Norfolk Constabulary,Norfolk Constabulary,1.281538,52.636516,On or near Russell Street,E01026827,Norwich 007F,Violence and sexual offences,Unable to prosecute suspect,
5333471525325df2094e957daf5a6967b22efd884519d827e73446d6a4687d94,2020-02,Norfolk Constabulary,Norfolk Constabulary,1.283890,52.635147,On or near Sayers Street,E01026827,Norwich 007F,Violence and sexual offences,Unable to prosecute suspect,
006fab46652b8e907be92bb5c211c25bd8ceffa0f29de1a24b56a4f5d1ddd64a,2020-02,Norfolk Constabulary,Norfolk Constabulary,1.279774,52.634470,On or near Goldsmith Street,E01026827,Norwich 007F,Violence and sexual offences,Unable to prosecute suspect,
a6e87fa2d4e7e553fa861d8abf4e4f78ad5ac7b67a450f48d4cb40c8d645a285,2020-02,Norfolk Constabulary,Norfolk Constabulary,1.279903,52.636786,On or near Clifton Close,E01026827,Norwich 007F,Violence and sexual offences,Unable to prosecute suspect,
91f6df33f905f103a6a6b44ffaafc1f569e6e771201d71ee0c892545f43cf5cd,2020-02,Norfolk Constabulary,Norfolk Constabulary,1.279903,52.636786,On or near Clifton Close,E01026827,Norwich 007F,Violence and sexual offences,Unable to prosecute suspect,
be39bff44c880f9fadb17c9d241a97dac8a675118c61fd61841242e7d8389789,2020-02,Norfolk Constabulary,Norfolk Constabulary,1.279835,52.639441,On or near Raynham Street,E01026827,Norwich 007F,Violence and sexual offences,Unable to prosecute suspect,
3232ad43fc78f6d8b9b89c9ba545ce80bc989c18874d6d5b385595f40c2450d3,2020-02,Norfolk Constabulary,Norfolk Constabulary,1.281538,52.636516,On or near Russell Street,E01026827,Norwich 007F,Violence and sexual offences,Unable to prosecute suspect,
fa5bf572bc273641e4f4221d4f8f54d538a746b907c0daf692c322fd80525d5a,2020-02,Norfolk Constabulary,Norfolk Constabulary,1.279835,52.639441,On or near Raynham Street,E01026827,Norwich 007F,Other crime,Court result unavailable,
,2020-02,Norfolk Constabulary,Norfolk Constabulary,1.281503,52.629331,On or near Chester Place,E01026835,Norwich 009A,Anti-social behaviour,,
,2020-02,Norfolk Constabulary,Norfolk Constabulary,1.281503,52.629331,On or near Chester Place,E01026835,Norwich 009A,Anti-social behaviour,,
,2020-02,Norfolk Constabulary,Norfolk Constabulary,1.281503,52.629331,On or near Chester Place,E01026835,Norwich 009A,Anti-social behaviour,,
,2020-02,Norfolk Constabulary,Norfolk Constabulary,1.281503,52.629331,On or near Chester Place,E01026835,Norwich 009A,Anti-social behaviour,,
ef8cd73a84bb216723285f90f381442377d944a60f7d715c20788b797981960d,2020-02,Norfolk Constabulary,Norfolk Constabulary,1.278686,52.627836,On or near Bathurst Road,E01026835,Norwich 009A,Criminal damage and arson,Investigation complete; no suspect identified,
030e302cee1e80d75832d04a21d07e30d4fc5431298ceef6b6a9f07f19cf046a,2020-02,Norfolk Constabulary,Norfolk Constabulary,1.281503,52.629331,On or near Chester Place,E01026835,Norwich 009A,Public order,Unable to prosecute suspect,
5b2265cc1b5d27d55dd69acf049a46bd62b1427d8a327c7910655ff66615651a,2020-02,Norfolk Constabulary,Norfolk Constabulary,1.278811,52.625952,On or near Sports/Recreation Area,E01026835,Norwich 009A,Shoplifting,Unable to prosecute suspect,
d626430a241da2f1b4306ea5ee0b6f7d6821d824a64499cb52404ecee004afa8,2020-02,Norfolk Constabulary,Norfolk Constabulary,1.281503,52.629331,On or near Chester Place,E01026835,Norwich 009A,Violence and sexual offences,Unable to prosecute suspect,
4b831d6775d1024c7e5d91ceea77a94ac668d3933437433c32ae4cad247c8934,2020-02,Norfolk Constabulary,Norfolk Constabulary,1.274177,52.628212,On or near Denbigh Road,E01026836,Norwich 009B,Criminal damage and arson,Unable to prosecute suspect,
7e5b327c63c63569ab0c00a39b6152e997ffd592bae4a8998bef32ce74ec784d,2020-02,Norfolk Constabulary,Norfolk Constabulary,1.272928,52.627123,On or near Milford Road,E01026836,Norwich 009B,Public order,Unable to prosecute suspect,
83ade869e71278610ea3acc14777ef358f5b8c7ea61910184d3391a2ea58870e,2020-02,Norfolk Constabulary,Norfolk Constabulary,1.272928,52.627123,On or near Milford Road,E01026836,Norwich 009B,Violence and sexual offences,Unable to prosecute suspect,
1f05dc0c36194fd075d16c4d7ff7075362922c454e8aa93e54951ac60f22dd56,2020-02,Norfolk Constabulary,Norfolk Constabulary,1.269924,52.627278,On or near Recreation Road,E01026836,Norwich 009B,Violence and sexual offences,Unable to prosecute suspect,
85524a769edddbf0638e5c6c487739808abe664a8862f726dcba53b074b4aa22,2020-02,Norfolk Constabulary,Norfolk Constabulary,1.275557,52.630458,On or near Earlham Road,E01026837,Norwich 009C,Burglary,Court result unavailable,
c0a888dfbd0860079a0a1b2231118c347420a5413daf4d6e03a4ef707856532c,2020-02,Norfolk Constabulary,Norfolk Constabulary,1.275557,52.630458,On or near Earlham Road,E01026837,Norwich 009C,Criminal damage and arson,Investigation complete; no suspect identified,
b2ed8681a78bfa694fe10ab2565d68396a87ed3239a000f16f2ed39a30e94764,2020-02,Norfolk Constabulary,Norfolk Constabulary,1.276126,52.627799,On or near Park Lane,E01026837,Norwich 009C,Drugs,Unable to prosecute suspect,
7af3b566fb2d007b82c690d605e9bdaaa0c77dde79ea3cab93ff5d42cde4d6fc,2020-02,Norfolk Constabulary,Norfolk Constabulary,1.275557,52.630458,On or near Earlham Road,E01026837,Norwich 009C,Public order,Unable to prosecute suspect,
4e0c7cf5b90f1283ea4357e0fa03ceab188eaebd34e795b4202a4414b7eff422,2020-02,Norfolk Constabulary,Norfolk Constabulary,1.271126,52.631103,On or near St Thomas Road,E01026837,Norwich 009C,Public order,Unable to prosecute suspect,
a6ce2ff3a8c673639c03f05b24a6c45fbd2d46171afbdbb1aeeaa106ce7df69d,2020-02,Norfolk Constabulary,Norfolk Constabulary,1.271126,52.631103,On or near St Thomas Road,E01026837,Norwich 009C,Public order,Unable to prosecute suspect,
72c666b1d1dd6f121972fe03e46fc5f6f9632d3d73b5e268b2931343436d3e6c,2020-02,Norfolk Constabulary,Norfolk Constabulary,1.268998,52.629129,On or near Supermarket,E01026837,Norwich 009C,Shoplifting,Unable to prosecute suspect,
908584338c90532aa05a91a111803f6dae28c28e27d1dcfe9b0ad823e497288f,2020-02,Norfolk Constabulary,Norfolk Constabulary,1.268998,52.629129,On or near Supermarket,E01026837,Norwich 009C,Shoplifting,Investigation complete; no suspect identified,
171d205b4e89a1a76a8e5ea334b334a04047ed6bd385065777727dcecb177609,2020-02,Norfolk Constabulary,Norfolk Constabulary,1.268998,52.629129,On or near Supermarket,E01026837,Norwich 009C,Shoplifting,Investigation complete; no suspect identified,
b519376ac2f623fb6700c6c0271415dedf49b5b3f5ff42ecd6b42e2aa4e82d88,2020-02,Norfolk Constabulary,Norfolk Constabulary,1.268998,52.629129,On or near Supermarket,E01026837,Norwich 009C,Shoplifting,Suspect charged as part of another case,
87abbae951cd5ceef7ca3637d92f4a4d33dd4c512c898da09d5496f7fda98538,2020-02,Norfolk Constabulary,Norfolk Constabulary,1.268998,52.629129,On or near Supermarket,E01026837,Norwich 009C,Shoplifting,Unable to prosecute suspect,
16225725b1ebc0e218f0d7275f1e2c4aae2aca84acbed323b2c1cd58d6690184,2020-02,Norfolk Constabulary,Norfolk Constabulary,1.268998,52.629129,On or near Supermarket,E01026837,Norwich 009C,Shoplifting,Investigation complete; no suspect identified,
29a92736c6fb123032daaedf54e60806f490fcbd7386c7ac18818eec8a8fd727,2020-02,Norfolk Constabulary,Norfolk Constabulary,1.276126,52.627799,On or near Park Lane,E01026837,Norwich 009C,Vehicle crime,Investigation complete; no suspect identified,
c9e2339995ca500aa3177c53770a38bdd6fcf9ab2e251af41f59fd5595d7cf89,2020-02,Norfolk Constabulary,Norfolk Constabulary,1.278774,52.633355,On or near Heigham Road,E01026837,Norwich 009C,Violence and sexual offences,Investigation complete; no suspect identified,
ab9258945f3330e3be01f072a6dc1a0c5572d9e721774c802fc3a6bb534d65ff,2020-02,Norfolk Constabulary,Norfolk Constabulary,1.278774,52.633355,On or near Heigham Road,E01026837,Norwich 009C,Violence and sexual offences,Unable to prosecute suspect,
5acd44fdd4167928ed7b4f54ee23422b96e149bfc40f21d0bf994e8da5a0778b,2020-02,Norfolk Constabulary,Norfolk Constabulary,1.277401,52.632188,On or near Belvoir Street,E01026837,Norwich 009C,Violence and sexual offences,Unable to prosecute suspect,
b71f5f3121bab83ce8410003fa232df8e39d72ea4d1b78e7a6c03ab80e107044,2020-02,Norfolk Constabulary,Norfolk Constabulary,1.276126,52.627799,On or near Park Lane,E01026837,Norwich 009C,Violence and sexual offences,Unable to prosecute suspect,
8198c2d96b0dabd98c90f3ec78bbdaf9e95122a57d5af3616b46dde224b69a0e,2020-02,Norfolk Constabulary,Norfolk Constabulary,1.272239,52.623247,On or near Girton Road,E01026838,Norwich 009D,Criminal damage and arson,Unable to prosecute suspect,
bfac72333c2d676499e5eb3288bcbe6b7e631ac8faae16e85c0319c2f9e23b10,2020-02,Norfolk Constabulary,Norfolk Constabulary,1.272239,52.623247,On or near Girton Road,E01026838,Norwich 009D,Other theft,Unable to prosecute suspect,
2b033b3307c6cfa72a1958d22beaf83c28c51c2a4d5d358e44785066635405a8,2020-02,Norfolk Constabulary,Norfolk Constabulary,1.271039,52.625970,On or near College Road,E01026838,Norwich 009D,Public order,Unable to prosecute suspect,
72bdcc76e2569190e793412871a7a7c67bdd457a0593a0606be142a11377fb77,2020-02,Norfolk Constabulary,Norfolk Constabulary,1.272239,52.623247,On or near Girton Road,E01026838,Norwich 009D,Violence and sexual offences,Unable to prosecute suspect,
53fe4ad1b40e072b862c4048c7ef14332ba616878ee270fb40f59628dd9f8f94,2020-02,Norfolk Constabulary,Norfolk Constabulary,1.272239,52.623247,On or near Girton Road,E01026838,Norwich 009D,Violence and sexual offences,Unable to prosecute suspect,
,2020-02,Norfolk Constabulary,Norfolk Constabulary,1.277098,52.624588,On or near Rose Valley,E01026839,Norwich 009E,Anti-social behaviour,,
,2020-02,Norfolk Constabulary,Norfolk Constabulary,1.277098,52.624588,On or near Rose Valley,E01026839,Norwich 009E,Anti-social behaviour,,
c6c739d2357a209812866f9e62cb25de5f7c97914643bc4d57b44a0891bad861,2020-02,Norfolk Constabulary,Norfolk Constabulary,1.274891,52.622536,On or near Unthank Road,E01026839,Norwich 009E,Bicycle theft,Investigation complete; no suspect identified,
a242f3ff7b0884c9049be4dbb0a219ac4659ad182cba69f3130d44f10d3c20dd,2020-02,Norfolk Constabulary,Norfolk Constabulary,1.277098,52.624588,On or near Rose Valley,E01026839,Norwich 009E,Public order,Investigation complete; no suspect identified,
65972fcb14ba760fb84811d5728c16d0a0840bab3a39168be318ad0761f3fbae,2020-02,Norfolk Constabulary,Norfolk Constabulary,1.277098,52.624588,On or near Rose Valley,E01026839,Norwich 009E,Robbery,Unable to prosecute suspect,
5b12fb782fa7c8c859d170422df78e66c0ffc0765d8c7f272dfb504bb9cc82aa,2020-02,Norfolk Constabulary,Norfolk Constabulary,1.275900,52.622993,On or near Unthank Road,E01026839,Norwich 009E,Vehicle crime,Investigation complete; no suspect identified,
610f99e8c6c869fbe3582bc7ff10d9afe338826ceeb6410f218de457a5b16b8b,2020-02,Norfolk Constabulary,Norfolk Constabulary,1.273296,52.625332,On or near Portersfield Road,E01026839,Norwich 009E,Violence and sexual offences,Unable to prosecute suspect,
0e37bd84c2a42d071523f96aba04952b7577faa4fcb91da9ac28c855c12ac145,2020-02,Norfolk Constabulary,Norfolk Constabulary,1.273296,52.625332,On or near Portersfield Road,E01026839,Norwich 009E,Violence and sexual offences,Unable to prosecute suspect,
0afea1ed78c78fafd9f52c9dbdf763df0a3318ed102d54fd8756dbbf451fe44a,2020-02,Norfolk Constabulary,Norfolk Constabulary,1.273362,52.632741,On or near Connaught Road,E01026840,Norwich 009F,Vehicle crime,Investigation complete; no suspect identified,
9cb6e2cceb9e7fa56a232d6dd0280e7ec00b9a9662b14bb852aaee2a9d6123cd,2020-02,Norfolk Constabulary,Norfolk Constabulary,1.271965,52.633634,On or near Helena Road,E01026840,Norwich 009F,Violence and sexual offences,Unable to prosecute suspect,
e2d7ef0cbdf07e56804ccb933b7f4b2efdd4d5ee1a338addbc80cd7f22fd1394,2020-02,Norfolk Constabulary,Norfolk Constabulary,1.271965,52.633634,On or near Helena Road,E01026840,Norwich 009F,Violence and sexual offences,Status update unavailable,
,2020-02,Norfolk Constabulary,Norfolk Constabulary,1.249229,52.623441,On or near Ivory Road,E01026858,Norwich 010A,Anti-social behaviour,,
,2020-02,Norfolk Constabulary,Norfolk Constabulary,1.251578,52.627612,On or near Salter Avenue,E01026858,Norwich 010A,Anti-social behaviour,,
5ba0ca65a59b144701d539bf21588eec5f3b0b616777b6ffe4b66a99c531e779,2020-02,Norfolk Constabulary,Norfolk Constabulary,1.251316,52.626072,On or near Morello Close,E01026858,Norwich 010A,Drugs,Offender given a drugs possession warning,
e4e598a548488446d87f1bdcd2dbb097a769d920108ec7eaded6485c2f49a3ff,2020-02,Norfolk Constabulary,Norfolk Constabulary,1.256782,52.625248,On or near The Avenues,E01026858,Norwich 010A,Violence and sexual offences,Unable to prosecute suspect,
88fc7668115000ad4cfbaa3d848e24abe9c9080c1572e307517968338da8b629,2020-02,Norfolk Constabulary,Norfolk Constabulary,1.253653,52.623121,On or near Northfields,E01026858,Norwich 010A,Violence and sexual offences,Status update unavailable,
843023bb944ef973aa36cbee0f6045aeb932e3b2567c44aaa33a7212f0e77bf1,2020-02,Norfolk Constabulary,Norfolk Constabulary,1.257046,52.626023,On or near George Borrow Road,E01026858,Norwich 010A,Other crime,Further investigation is not in the public interest,
fd87aa31f61a7eb82fa023a2999810b54a98f5a5628a6ff0438e4b4ffedec8d5,2020-02,Norfolk Constabulary,Norfolk Constabulary,1.259899,52.625225,On or near Bunnett Square,E01026859,Norwich 010B,Burglary,Investigation complete; no suspect identified,
9a25a396d8c1162e8d9d9e7d95dc1d258939f781b914b7f15a3a5be2f686afc1,2020-02,Norfolk Constabulary,Norfolk Constabulary,1.263498,52.623947,On or near Gould Road,E01026859,Norwich 010B,Criminal damage and arson,Unable to prosecute suspect,
18aaaa3a8b3d94e3ad7e6474e87346e3daa32f5f52bef74fe964bd873ad7dddd,2020-02,Norfolk Constabulary,Norfolk Constabulary,1.259899,52.625225,On or near Bunnett Square,E01026859,Norwich 010B,Other theft,Investigation complete; no suspect identified,
fc6befcb4e60bc7433241f48a3406c868682579015b659b76f25864355cf9363,2020-02,Norfolk Constabulary,Norfolk Constabulary,1.261595,52.624989,On or near Kinghorn Road,E01026859,Norwich 010B,Shoplifting,Unable to prosecute suspect,
478c65f6fe2536ff435a72553f8aa7eac11592c4ac0855d24e844b3118ad3829,2020-02,Norfolk Constabulary,Norfolk Constabulary,1.261595,52.624989,On or near Kinghorn Road,E01026859,Norwich 010B,Shoplifting,Investigation complete; no suspect identified,
1feceeb67cba5256e5f6f5b0be45f554a16df70026287fe2c6c0d062de074173,2020-02,Norfolk Constabulary,Norfolk Constabulary,1.261595,52.624989,On or near Kinghorn Road,E01026859,Norwich 010B,Shoplifting,Investigation complete; no suspect identified,
8b5cced496116d55eebda61a86ece3eec9413537c716756be71c3f87c60084fc,2020-02,Norfolk Constabulary,Norfolk Constabulary,1.261595,52.624989,On or near Kinghorn Road,E01026859,Norwich 010B,Shoplifting,Unable to prosecute suspect,
8679a23bf6120920af3035825963a995d3fd9f0602263915da90d1c6dfcee206,2020-02,Norfolk Constabulary,Norfolk Constabulary,1.259899,52.625225,On or near Bunnett Square,E01026859,Norwich 010B,Shoplifting,Unable to prosecute suspect,
ca1a2c6385a194fa6438cd70d5a3ae0718c63161079fd816b6d864d89e2f10c1,2020-02,Norfolk Constabulary,Norfolk Constabulary,1.259899,52.625225,On or near Bunnett Square,E01026859,Norwich 010B,Shoplifting,Investigation complete; no suspect identified,
207713bdf981cd71516bc2bb12480bc8778acb1466585daea8aae717c0e44ddb,2020-02,Norfolk Constabulary,Norfolk Constabulary,1.261348,52.626237,On or near Bacon Road,E01026859,Norwich 010B,Violence and sexual offences,Court result unavailable,
,2020-02,Norfolk Constabulary,Norfolk Constabulary,1.251156,52.623316,On or near Lovelace Road,E01026860,Norwich 010C,Anti-social behaviour,,
cdcc87b8cbc9824e33453a2ad0d735cdba3acf059b872334b8392b8964124f04,2020-02,Norfolk Constabulary,Norfolk Constabulary,1.240102,52.620327,On or near Suffolk Road,E01026860,Norwich 010C,Bicycle theft,Offender given a caution,
6f5f009da2343ef7503d7ff831d785ba88a0c1c8a89b3c9b2eff13581d4bed55,2020-02,Norfolk Constabulary,Norfolk Constabulary,1.241141,52.621180,On or near Pedestrian Subway,E01026860,Norwich 010C,Bicycle theft,Investigation complete; no suspect identified,
b6c97a79ac88c95d3938342a0c73c4337f7cc6629a589d3ada9f3475bf77b752,2020-02,Norfolk Constabulary,Norfolk Constabulary,1.240102,52.620327,On or near Suffolk Road,E01026860,Norwich 010C,Drugs,Offender given a caution,
8d0eda459fead62e95e08d49109f664aad1e4e57e66519bc69e7714a71b3c11f,2020-02,Norfolk Constabulary,Norfolk Constabulary,1.240102,52.620327,On or near Suffolk Road,E01026860,Norwich 010C,Other theft,Investigation complete; no suspect identified,
6ac3c0037e2b80a024454d9928541cf646177b165b408bebb62828726c5c050f,2020-02,Norfolk Constabulary,Norfolk Constabulary,1.241141,52.621180,On or near Pedestrian Subway,E01026860,Norwich 010C,Other theft,Investigation complete; no suspect identified,
27199f0351d7e738bb08499284cd01828edf27dd639a3b140b5fa604d440b095,2020-02,Norfolk Constabulary,Norfolk Constabulary,1.246644,52.624051,On or near Bluebell Road,E01026860,Norwich 010C,Public order,Action to be taken by another organisation,
cd98b7e15865e92c6082b1ff5036713b5f6d8843c617becebc628a33ba012401,2020-02,Norfolk Constabulary,Norfolk Constabulary,1.237406,52.628234,On or near The Courtyard,E01026860,Norwich 010C,Shoplifting,Unable to prosecute suspect,
528bce5b6dd38ebec3414bfda330d185a004d09b7a96659f9323ec04b948da47,2020-02,Norfolk Constabulary,Norfolk Constabulary,1.251377,52.621718,On or near Supermarket,E01026860,Norwich 010C,Shoplifting,Status update unavailable,
1b702b5c65b3c5fba08e85802a736ae0ceadd542acb828efc0b0811e4883502b,2020-02,Norfolk Constabulary,Norfolk Constabulary,1.251377,52.621718,On or near Supermarket,E01026860,Norwich 010C,Shoplifting,Court result unavailable,
3435afa9fae5513139ef07405f846b45d612bb12f7d6e30958c8a2c2729ddf32,2020-02,Norfolk Constabulary,Norfolk Constabulary,1.251377,52.621718,On or near Supermarket,E01026860,Norwich 010C,Shoplifting,Court result unavailable,
1ecd28bce74ffa86935f7ca9c172f79a8f709dfe0e5a78f11822c50d31e52a2a,2020-02,Norfolk Constabulary,Norfolk Constabulary,1.251377,52.621718,On or near Supermarket,E01026860,Norwich 010C,Shoplifting,Court result unavailable,
a2d1e6d4b9fe293817a45b9ef064b1d644d4100bfe865c6e67347fbf896050e1,2020-02,Norfolk Constabulary,Norfolk Constabulary,1.240102,52.620327,On or near Suffolk Road,E01026860,Norwich 010C,Theft from the person,Status update unavailable,
cf431d79a844efb6a1736594bebe2665d977363e7433cd9b3a865b18ef506655,2020-02,Norfolk Constabulary,Norfolk Constabulary,1.251370,52.621817,On or near Supermarket,E01026860,Norwich 010C,Violence and sexual offences,Action to be taken by another organisation,
08cd261ab5ae0f85088b00004e6660c44076f2fad582293ef8874282e2aa4cbe,2020-02,Norfolk Constabulary,Norfolk Constabulary,1.248942,52.621560,On or near Wycliffe Road,E01026860,Norwich 010C,Violence and sexual offences,Unable to prosecute suspect,
b3bedf99d1aab27d3a07c9505668f7546c481b5e3e3cdc3ee3ee92a4875acf4d,2020-02,Norfolk Constabulary,Norfolk Constabulary,1.237406,52.628234,On or near The Courtyard,E01026860,Norwich 010C,Violence and sexual offences,Offender given a caution,
090501b457169207d3312b264a11923ead7c6e38c39a3dcc6f008a906660b7ed,2020-02,Norfolk Constabulary,Norfolk Constabulary,1.240102,52.620327,On or near Suffolk Road,E01026860,Norwich 010C,Violence and sexual offences,Unable to prosecute suspect,
9bc6ce197ec51b4551322ec16f5381855501e42b5e6132967f6427a16c6a30d9,2020-02,Norfolk Constabulary,Norfolk Constabulary,1.240102,52.620327,On or near Suffolk Road,E01026860,Norwich 010C,Violence and sexual offences,Unable to prosecute suspect,
06dcb170aca8592ad9e8bb91993293cafae1fd74f0f80e741ba9972b955f45bf,2020-02,Norfolk Constabulary,Norfolk Constabulary,1.246644,52.624051,On or near Bluebell Road,E01026860,Norwich 010C,Violence and sexual offences,Unable to prosecute suspect,
fa57f5e33f4ace0cbf7b3364d12e3e9c43b25a82b92a59dc26eee4d2a94da3f6,2020-02,Norfolk Constabulary,Norfolk Constabulary,1.248942,52.621560,On or near Wycliffe Road,E01026860,Norwich 010C,Violence and sexual offences,Unable to prosecute suspect,
,2020-02,Norfolk Constabulary,Norfolk Constabulary,1.241132,52.630453,On or near Edgeworth Road,E01026861,Norwich 010D,Anti-social behaviour,,
,2020-02,Norfolk Constabulary,Norfolk Constabulary,1.240615,52.630260,On or near Hemlin Close,E01026861,Norwich 010D,Anti-social behaviour,,
,2020-02,Norfolk Constabulary,Norfolk Constabulary,1.247796,52.629236,On or near Petrol Station,E01026861,Norwich 010D,Anti-social behaviour,,
,2020-02,Norfolk Constabulary,Norfolk Constabulary,1.240165,52.627970,On or near Earlham Road,E01026861,Norwich 010D,Anti-social behaviour,,
9e3f21d1e69eec124cc07f20e4d0d5c7cf968156595efa1db17b3b287001ceca,2020-02,Norfolk Constabulary,Norfolk Constabulary,1.247796,52.629236,On or near Petrol Station,E01026861,Norwich 010D,Burglary,Investigation complete; no suspect identified,
a5ba4d4c3ebb3a654a142a86843dfb911ae7d0ac1842908f12638b711e6e2bbf,2020-02,Norfolk Constabulary,Norfolk Constabulary,1.236578,52.629237,On or near Hankin Court,E01026861,Norwich 010D,Criminal damage and arson,Investigation complete; no suspect identified,
590c7d2b073457a522a702c7ea147d93c16716a0dd91c95c89ed56fe8f7e7574,2020-02,Norfolk Constabulary,Norfolk Constabulary,1.247796,52.629236,On or near Petrol Station,E01026861,Norwich 010D,Other theft,Status update unavailable,
5a2cb4b58fb97b3dc6d7d12458d02be3065cdf1c112afc10db6d31ad3787c09e,2020-02,Norfolk Constabulary,Norfolk Constabulary,1.242734,52.629941,On or near Scarnell Road,E01026861,Norwich 010D,Public order,Unable to prosecute suspect,
568192ffa008bc98fedd8af016c26c569006a1723c9ee6529321fc3949b09ea1,2020-02,Norfolk Constabulary,Norfolk Constabulary,1.247796,52.629236,On or near Petrol Station,E01026861,Norwich 010D,Public order,Unable to prosecute suspect,
7d8d6613e6c6a5c4999ede77318cf8d2bb1a57fc955ba53b9a6ecf6f6e025e37,2020-02,Norfolk Constabulary,Norfolk Constabulary,1.247796,52.629236,On or near Petrol Station,E01026861,Norwich 010D,Public order,Unable to prosecute suspect,
846ad870b3213428e0d0dc69e5d66ba260f6d781b81d1aa80db556fb8a3612c1,2020-02,Norfolk Constabulary,Norfolk Constabulary,1.247796,52.629236,On or near Petrol Station,E01026861,Norwich 010D,Shoplifting,Action to be taken by another organisation,
6f35f52a0e96bc02c88670c966cefb024b27cc8201d17c54ee773df3698a71f8,2020-02,Norfolk Constabulary,Norfolk Constabulary,1.247796,52.629236,On or near Petrol Station,E01026861,Norwich 010D,Violence and sexual offences,Unable to prosecute suspect,
862b3fd3b743ffc2b7e8314b8682ff4f4e38b4eda970583616ba535437d7d17b,2020-02,Norfolk Constabulary,Norfolk Constabulary,1.236578,52.629237,On or near Hankin Court,E01026861,Norwich 010D,Violence and sexual offences,Investigation complete; no suspect identified,
61bbe65853986b896d9dec4ae6d151c074e9f96edc283314fcd9016493a46780,2020-02,Norfolk Constabulary,Norfolk Constabulary,1.247796,52.629236,On or near Petrol Station,E01026861,Norwich 010D,Violence and sexual offences,Unable to prosecute suspect,
ee834b932886032d2580edb3d3ee986aac160e99ba981bffc10744b91d632ca0,2020-02,Norfolk Constabulary,Norfolk Constabulary,1.247796,52.629236,On or near Petrol Station,E01026861,Norwich 010D,Violence and sexual offences,Investigation complete; no suspect identified,
7fd163c2cb70e9fec5b9ab39c74a468eaecc958d256f36be93a3b519c31bd9f1,2020-02,Norfolk Constabulary,Norfolk Constabulary,1.242165,52.628635,On or near Hanbury Close,E01026861,Norwich 010D,Violence and sexual offences,Unable to prosecute suspect,
0cff1e252427846ad0411848b27d5c9f9b2b0e7396a9a90932bf766760da36be,2020-02,Norfolk Constabulary,Norfolk Constabulary,1.240615,52.630260,On or near Hemlin Close,E01026861,Norwich 010D,Other crime,Status update unavailable,
cd4825b0e40e041a55ab336deea03b12d9ab61c9d2c256880ea4c4b6a238ef4b,2020-02,Norfolk Constabulary,Norfolk Constabulary,1.238795,52.630840,On or near Rockingham Road,E01026861,Norwich 010D,Other crime,Investigation complete; no suspect identified,
5717cf2d23f864388e2e821411007ea1fdd9b0da7994186e8e83ad6fc7d66f89,2020-02,Norfolk Constabulary,Norfolk Constabulary,1.258666,52.627327,On or near Lound Road,E01026862,Norwich 010E,Criminal damage and arson,Unable to prosecute suspect,
e6c34d3ae1b3c9343e94c2af4c5035cdb8b91cad4db4f067a48eae84067bbed6,2020-02,Norfolk Constabulary,Norfolk Constabulary,1.259993,52.629269,On or near Earlham Section Box,E01026862,Norwich 010E,Criminal damage and arson,Court result unavailable,
7649824fa112cf38d70085f7f6e4bb7560d113f51eb75c7ec4906f55a2e31619,2020-02,Norfolk Constabulary,Norfolk Constabulary,1.259993,52.629269,On or near Earlham Section Box,E01026862,Norwich 010E,Criminal damage and arson,Court result unavailable,
,2020-02,Norfolk Constabulary,Norfolk Constabulary,1.288838,52.617769,On or near Grove Walk,E01026852,Norwich 011A,Anti-social behaviour,,
17d137449dde0d59a19b2c739310ddb7b9d41cb15773380b71e6886121467ad8,2020-02,Norfolk Constabulary,Norfolk Constabulary,1.291580,52.615714,On or near Josephine Close,E01026852,Norwich 011A,Criminal damage and arson,Investigation complete; no suspect identified,
0f9bb49671aefbd2838a42314ee5fa369568c630667612c646e6e09935d3c2cd,2020-02,Norfolk Constabulary,Norfolk Constabulary,1.286127,52.617673,On or near Further/Higher Educational Building,E01026852,Norwich 011A,Possession of weapons,Unable to prosecute suspect,
0b5d47951cb4bd3ba1bd98105465098d4d87d19b5f957a1d035ad3865f4d8ded,2020-02,Norfolk Constabulary,Norfolk Constabulary,1.289118,52.615000,On or near Cecil Road,E01026852,Norwich 011A,Possession of weapons,Action to be taken by another organisation,
16b5d558b582f65864bed620cb1d3deb903197e8e9ebe10a5eb7d55e52f588ea,2020-02,Norfolk Constabulary,Norfolk Constabulary,1.289118,52.615000,On or near Cecil Road,E01026852,Norwich 011A,Public order,Unable to prosecute suspect,
549367d7c40032028e6af1e7375bdc306b16af81b2977b00d6592d423da0006e,2020-02,Norfolk Constabulary,Norfolk Constabulary,1.286127,52.617673,On or near Further/Higher Educational Building,E01026852,Norwich 011A,Public order,Court result unavailable,
65220d4cf3b72d2ddc3c2538b5f4535baa830a5c3cffef22c056cb2a487c481b,2020-02,Norfolk Constabulary,Norfolk Constabulary,1.286127,52.617673,On or near Further/Higher Educational Building,E01026852,Norwich 011A,Public order,Court result unavailable,
504a6bf89fd5348ea7d79a197376712cc85c4f3a37f62135e8a24ccc96e95402,2020-02,Norfolk Constabulary,Norfolk Constabulary,1.289118,52.615000,On or near Cecil Road,E01026852,Norwich 011A,Public order,Further action is not in the public interest,
5131f0ac31bc94bebfe8d48388fe2184984d8ae62e58a80c268f3482e175f65d,2020-02,Norfolk Constabulary,Norfolk Constabulary,1.289646,52.616919,On or near St Alban'S Road,E01026852,Norwich 011A,Vehicle crime,Unable to prosecute suspect,
7519cd8f6474e19f7c6896a61e8354d19d9b9d5f0d6ae67083fc96c8c75605f0,2020-02,Norfolk Constabulary,Norfolk Constabulary,1.289118,52.615000,On or near Cecil Road,E01026852,Norwich 011A,Violence and sexual offences,Further action is not in the public interest,
2a40634bd0e86b7ff9d75fe12a2b98c5acea517c26400187a0b375870eee7465,2020-02,Norfolk Constabulary,Norfolk Constabulary,1.289118,52.615000,On or near Cecil Road,E01026852,Norwich 011A,Violence and sexual offences,Further action is not in the public interest,
7435dea12f477dcb72da844de37307decaef60424e04c0f6c3467704effb1457,2020-02,Norfolk Constabulary,Norfolk Constabulary,1.286127,52.617673,On or near Further/Higher Educational Building,E01026852,Norwich 011A,Violence and sexual offences,Unable to prosecute suspect,
3d50f8117ab829cf0153327f1c86be63389f2224100946990c71c5bbc8f6a6da,2020-02,Norfolk Constabulary,Norfolk Constabulary,1.289118,52.615000,On or near Cecil Road,E01026852,Norwich 011A,Violence and sexual offences,Unable to prosecute suspect,
5ac77f9bdd76f3124681ec91a76450b2ba316e29e0866035d2250cb73c26dee5,2020-02,Norfolk Constabulary,Norfolk Constabulary,1.291501,52.617614,On or near Trafford Road,E01026852,Norwich 011A,Violence and sexual offences,Action to be taken by another organisation,
90d5ef530f0629ac3a4973bad5ad5d5d8a910269f5dce154af45d631e6681682,2020-02,Norfolk Constabulary,Norfolk Constabulary,1.291501,52.617614,On or near Trafford Road,E01026852,Norwich 011A,Violence and sexual offences,Action to be taken by another organisation,
236e64c1bc0a7324aac78c487b4050a91acc6c882882cccc6f71e9efab210521,2020-02,Norfolk Constabulary,Norfolk Constabulary,1.286127,52.617673,On or near Further/Higher Educational Building,E01026852,Norwich 011A,Violence and sexual offences,Unable to prosecute suspect,
5d37ce173a50ee1fa148545719079969e9635305277bc312df788f9664ed5610,2020-02,Norfolk Constabulary,Norfolk Constabulary,1.288977,52.615876,On or near Lady Betty Road,E01026852,Norwich 011A,Violence and sexual offences,Offender given a caution,
,2020-02,Norfolk Constabulary,Norfolk Constabulary,1.292334,52.618868,On or near Sigismund Road,E01026853,Norwich 011B,Anti-social behaviour,,
,2020-02,Norfolk Constabulary,Norfolk Constabulary,1.292334,52.618868,On or near Sigismund Road,E01026853,Norwich 011B,Anti-social behaviour,,
,2020-02,Norfolk Constabulary,Norfolk Constabulary,1.290802,52.621878,On or near Regina Road,E01026853,Norwich 011B,Anti-social behaviour,,
,2020-02,Norfolk Constabulary,Norfolk Constabulary,1.292334,52.618868,On or near Sigismund Road,E01026853,Norwich 011B,Anti-social behaviour,,
,2020-02,Norfolk Constabulary,Norfolk Constabulary,1.295695,52.617974,On or near Milton Close,E01026853,Norwich 011B,Anti-social behaviour,,
,2020-02,Norfolk Constabulary,Norfolk Constabulary,1.292334,52.618868,On or near Sigismund Road,E01026853,Norwich 011B,Anti-social behaviour,,
,2020-02,Norfolk Constabulary,Norfolk Constabulary,1.295750,52.619690,On or near Trafalgar Street,E01026853,Norwich 011B,Anti-social behaviour,,
7098bf0f31636703fce65408c45c038f67e4e135af41a0f8be0ee55eab9f4be5,2020-02,Norfolk Constabulary,Norfolk Constabulary,1.290802,52.621878,On or near Regina Road,E01026853,Norwich 011B,Burglary,Investigation complete; no suspect identified,
e08b3447cf20164f4c40fd3def8f84d5da899f40d2cd8025b11fc1e3de904f77,2020-02,Norfolk Constabulary,Norfolk Constabulary,1.297659,52.620311,On or near Gordon Square,E01026853,Norwich 011B,Burglary,Investigation complete; no suspect identified,
3c7790bc806545937bd8128cde472b21777c4948950dbae77edd6a0d440f97c7,2020-02,Norfolk Constabulary,Norfolk Constabulary,1.289606,52.621300,On or near Cranworth Gardens,E01026853,Norwich 011B,Burglary,Investigation complete; no suspect identified,
7792f82e79a3240c56782cdcedab529e4f36de87ad2ff18e9cc0666ca9338074,2020-02,Norfolk Constabulary,Norfolk Constabulary,1.294648,52.622122,On or near Petrol Station,E01026853,Norwich 011B,Drugs,Unable to prosecute suspect,
72af913d1c1a404b9884f132d9337afeafe5b742f1b01883b1529bc6a6a44810,2020-02,Norfolk Constabulary,Norfolk Constabulary,1.294535,52.614328,On or near St Johns Close,E01026853,Norwich 011B,Drugs,Offender given a drugs possession warning,
8259fdfb130433d303bed6b2c8437db0c90e64ea3b73eb68e2fee07cff250fcf,2020-02,Norfolk Constabulary,Norfolk Constabulary,1.297318,52.621283,On or near Rowland Court,E01026853,Norwich 011B,Other theft,Court result unavailable,
2057d6f9766e05f628799bacc29a5fcf425b3c039c8fa39f1a87b48edf7959f1,2020-02,Norfolk Constabulary,Norfolk Constabulary,1.289606,52.621300,On or near Cranworth Gardens,E01026853,Norwich 011B,Other theft,Local resolution,
e056023613fc859e09d9af4419336b8445860ef7c94c44ae26f1fe3015366303,2020-02,Norfolk Constabulary,Norfolk Constabulary,1.295750,52.619690,On or near Trafalgar Street,E01026853,Norwich 011B,Public order,Investigation complete; no suspect identified,
b82645bc1354c9f2c66204140c24ea119e669f93dddc376a16dc361bf1d1753b,2020-02,Norfolk Constabulary,Norfolk Constabulary,1.289606,52.621300,On or near Cranworth Gardens,E01026853,Norwich 011B,Public order,Court result unavailable,
09464d4d4965903c3d930ac88762724ac8046613adbbc6a759a32517363fdbe6,2020-02,Norfolk Constabulary,Norfolk Constabulary,1.293358,52.622068,On or near Supermarket,E01026853,Norwich 011B,Shoplifting,Court result unavailable,
9ab9737ac0ec0d5037bc156f9b2ee9bb89beadb8d4f90343b24d775eaa77a43e,2020-02,Norfolk Constabulary,Norfolk Constabulary,1.297173,52.617978,On or near Supermarket,E01026853,Norwich 011B,Shoplifting,Investigation complete; no suspect identified,
20e6aa6f56f30965b8202611eb4f5068155fdbcd7420731b16e6635cc8c7c920,2020-02,Norfolk Constabulary,Norfolk Constabulary,1.293358,52.622068,On or near Supermarket,E01026853,Norwich 011B,Shoplifting,Court result unavailable,
103fa36768bce8ef720b64e60164b732c688896d540b383c99b753e4d8e5f741,2020-02,Norfolk Constabulary,Norfolk Constabulary,1.297173,52.617978,On or near Supermarket,E01026853,Norwich 011B,Shoplifting,Status update unavailable,
1bcd0890e1fb18ef13c3fc8d92e9f6bd786646fc31b2e4d07fc333f962bb96bf,2020-02,Norfolk Constabulary,Norfolk Constabulary,1.294535,52.614328,On or near St Johns Close,E01026853,Norwich 011B,Shoplifting,Unable to prosecute suspect,
4337c87aa5af51b70b9b3a25d4819a93ecff492e796de576015950b532c86560,2020-02,Norfolk Constabulary,Norfolk Constabulary,1.293358,52.622068,On or near Supermarket,E01026853,Norwich 011B,Shoplifting,Awaiting court outcome,
a7cbd4ebe466f65c9e70305b5c53400607675c888957410a3b7d32ccfe677170,2020-02,Norfolk Constabulary,Norfolk Constabulary,1.297173,52.617978,On or near Supermarket,E01026853,Norwich 011B,Shoplifting,Investigation complete; no suspect identified,
c4ef0ef5052c79b9c75bd771310ffc6953304619a94bdcccc05639892e6c2e20,2020-02,Norfolk Constabulary,Norfolk Constabulary,1.293358,52.622068,On or near Supermarket,E01026853,Norwich 011B,Shoplifting,Court result unavailable,
5fdaee12a7864d3fb0c9055503f5511ab8d724f2a035fd3ca4617fe9e1475d4c,2020-02,Norfolk Constabulary,Norfolk Constabulary,1.297173,52.617978,On or near Supermarket,E01026853,Norwich 011B,Shoplifting,Investigation complete; no suspect identified,
88f9c338f7e35a420e92f453286dee1d34f18a4d84fa968535166526a8975cf4,2020-02,Norfolk Constabulary,Norfolk Constabulary,1.297173,52.617978,On or near Supermarket,E01026853,Norwich 011B,Shoplifting,Court result unavailable,
c95bc309f5072b264fcac902cff11523547d2e3e8b70fe440f367abefd1ed267,2020-02,Norfolk Constabulary,Norfolk Constabulary,1.297173,52.617978,On or near Supermarket,E01026853,Norwich 011B,Shoplifting,Status update unavailable,
b90774cdb1931d2373fb1e17d5e31cc12ef5ca48418d588d7a5c9b0a8a43d303,2020-02,Norfolk Constabulary,Norfolk Constabulary,1.297173,52.617978,On or near Supermarket,E01026853,Norwich 011B,Shoplifting,Unable to prosecute suspect,
d3496fa00ecef1a7f19a4f738406796b8499a7c39e5af75eccbc98309386b432,2020-02,Norfolk Constabulary,Norfolk Constabulary,1.293358,52.622068,On or near Supermarket,E01026853,Norwich 011B,Shoplifting,Investigation complete; no suspect identified,
c94fce022ceed3436c184df35b5ffe02a8eb42579ae03fd51628db26916246a5,2020-02,Norfolk Constabulary,Norfolk Constabulary,1.297173,52.617978,On or near Supermarket,E01026853,Norwich 011B,Shoplifting,Status update unavailable,
e4d4c9b9c42d75bab7aae967ad2f71a3aace3a915bca79a431051124247f137d,2020-02,Norfolk Constabulary,Norfolk Constabulary,1.293358,52.622068,On or near Supermarket,E01026853,Norwich 011B,Shoplifting,Formal action is not in the public interest,
5b3b3c9658644604522da5c1dca66359fc499d23a4701eb32f341eed15539105,2020-02,Norfolk Constabulary,Norfolk Constabulary,1.297173,52.617978,On or near Supermarket,E01026853,Norwich 011B,Shoplifting,Status update unavailable,
9bd6b16f52a1071e95068e78b51ec870458b4b6accb2625db798ca3e811cab1b,2020-02,Norfolk Constabulary,Norfolk Constabulary,1.297173,52.617978,On or near Supermarket,E01026853,Norwich 011B,Shoplifting,Investigation complete; no suspect identified,
49119a5e36bae96af2cb2593cb51bfbf365997ce68c8d37b1e6dae9ba7c90b92,2020-02,Norfolk Constabulary,Norfolk Constabulary,1.297173,52.617978,On or near Supermarket,E01026853,Norwich 011B,Shoplifting,Status update unavailable,
23379f13471e3f06a661d950a7bb6bd2f83121bd693c6062039c732b7c6e68c5,2020-02,Norfolk Constabulary,Norfolk Constabulary,1.293358,52.622068,On or near Supermarket,E01026853,Norwich 011B,Shoplifting,Action to be taken by another organisation,
5c572cffdadd03a6ddcc980712bdd76abd63ff79b2accbe122c6ad904a852793,2020-02,Norfolk Constabulary,Norfolk Constabulary,1.297371,52.618844,On or near Cherry Close,E01026853,Norwich 011B,Vehicle crime,Investigation complete; no suspect identified,
21eb3ab923b66d1ff9484df0219496033dcbf0a9c5e92078fd2670bf038bf549,2020-02,Norfolk Constabulary,Norfolk Constabulary,1.292334,52.618868,On or near Sigismund Road,E01026853,Norwich 011B,Violence and sexual offences,Unable to prosecute suspect,
50b544f437ca761814613a93df06eeb011220ae48a056889aeb4cdb6a7daa0d5,2020-02,Norfolk Constabulary,Norfolk Constabulary,1.289606,52.621300,On or near Cranworth Gardens,E01026853,Norwich 011B,Violence and sexual offences,Unable to prosecute suspect,
658984d48ca754b3ad5a6b32e8f7ef3df96f9ca9381fec29309e21ff9b1dfdf3,2020-02,Norfolk Constabulary,Norfolk Constabulary,1.292334,52.618868,On or near Sigismund Road,E01026853,Norwich 011B,Violence and sexual offences,Unable to prosecute suspect,
8c96fabd0d7c5d4cba38d3604faa130b7095a522f0e3f28103322ac11febfd2e,2020-02,Norfolk Constabulary,Norfolk Constabulary,1.294648,52.622122,On or near Petrol Station,E01026853,Norwich 011B,Violence and sexual offences,Unable to prosecute suspect,
ea6b4e27f2d087a32d5c6508dca0101ba77e15b2209084728958e02a00b81597,2020-02,Norfolk Constabulary,Norfolk Constabulary,1.294648,52.622122,On or near Petrol Station,E01026853,Norwich 011B,Violence and sexual offences,Unable to prosecute suspect,
182ff2d0e59661daaab4fa98d6ff23d75cbae7dbbd649d59216ccfb88e20c4a3,2020-02,Norfolk Constabulary,Norfolk Constabulary,1.297472,52.620973,On or near Holls Lane,E01026853,Norwich 011B,Violence and sexual offences,Unable to prosecute suspect,
,2020-02,Norfolk Constabulary,Norfolk Constabulary,1.292772,52.620564,On or near Southwell Road,E01026855,Norwich 011D,Anti-social behaviour,,
,2020-02,Norfolk Constabulary,Norfolk Constabulary,1.292772,52.620564,On or near Southwell Road,E01026855,Norwich 011D,Anti-social behaviour,,
,2020-02,Norfolk Constabulary,Norfolk Constabulary,1.290657,52.622512,On or near Victoria Street,E01026855,Norwich 011D,Anti-social behaviour,,
,2020-02,Norfolk Constabulary,Norfolk Constabulary,1.289388,52.621945,On or near Wood Street,E01026855,Norwich 011D,Anti-social behaviour,,
011e251681cc5b2b4b5113432c8a7c0855d01b89864e089148a12158627619bd,2020-02,Norfolk Constabulary,Norfolk Constabulary,1.292772,52.620564,On or near Southwell Road,E01026855,Norwich 011D,Public order,Investigation complete; no suspect identified,
4dce3efcdb1844bf2883b6c9cf9af308a9a0935b79e57313be35bcb4b36b7a4d,2020-02,Norfolk Constabulary,Norfolk Constabulary,1.291457,52.620961,On or near Supermarket,E01026855,Norwich 011D,Shoplifting,Investigation complete; no suspect identified,
28336bd5422dab3ef830d2b6809bee034b935fa9f4e4034338bf7d501a599432,2020-02,Norfolk Constabulary,Norfolk Constabulary,1.291457,52.620961,On or near Supermarket,E01026855,Norwich 011D,Shoplifting,Unable to prosecute suspect,
57b7130533288662d32e8a9e39f13e567dad480500eee5c7dc514f2be30fe3ab,2020-02,Norfolk Constabulary,Norfolk Constabulary,1.291457,52.620961,On or near Supermarket,E01026855,Norwich 011D,Shoplifting,Unable to prosecute suspect,
a6a49127daf7a73c7601db451b7eeda570e1bc614d8538b6ea3873ad5dada946,2020-02,Norfolk Constabulary,Norfolk Constabulary,1.291457,52.620961,On or near Supermarket,E01026855,Norwich 011D,Shoplifting,Court result unavailable,
eccbe2466fd027a45ec3b0e31c1fe099010105c33062b5f0d49a33bf155f5781,2020-02,Norfolk Constabulary,Norfolk Constabulary,1.291457,52.620961,On or near Supermarket,E01026855,Norwich 011D,Shoplifting,Formal action is not in the public interest,
68d148a5fe90120b8a94757b29aca938a2bd05b1a454235dc21cc6ca6f431622,2020-02,Norfolk Constabulary,Norfolk Constabulary,1.289457,52.622464,On or near Kingsley Road,E01026855,Norwich 011D,Vehicle crime,Investigation complete; no suspect identified,
ea0348f07f680a8ca9fbcd142c461f796f3f45543d6c62889dfcb4fd99ab89ce,2020-02,Norfolk Constabulary,Norfolk Constabulary,1.287822,52.622150,On or near St Stephens Road,E01026855,Norwich 011D,Violence and sexual offences,Unable to prosecute suspect,
d79ead88077e93b2e4fcaf2265ca945e9f4657c57c6f8165ca858446d492b61f,2020-02,Norfolk Constabulary,Norfolk Constabulary,1.290691,52.620991,On or near Howard Street,E01026855,Norwich 011D,Violence and sexual offences,Investigation complete; no suspect identified,
c82f9deb7ecb0fff053bb861c2cb4562a6234fe9e398f734d40dccf8180ac890,2020-02,Norfolk Constabulary,Norfolk Constabulary,1.291457,52.620961,On or near Supermarket,E01026855,Norwich 011D,Violence and sexual offences,Awaiting court outcome,
40436e61611bd6d6542beb0571d98936ba3b07512ba11217d2bcb611fe742174,2020-02,Norfolk Constabulary,Norfolk Constabulary,1.282554,52.621271,On or near Sports/Recreation Area,E01026855,Norwich 011D,Violence and sexual offences,Unable to prosecute suspect,
b2ffacb4e4d399785910ccd61a79455b0deee370c919ed0879385f13ce16b6d4,2020-02,Norfolk Constabulary,Norfolk Constabulary,1.287822,52.622150,On or near St Stephens Road,E01026855,Norwich 011D,Violence and sexual offences,Court result unavailable,
b8673e29e0ab0c8fee51dc86c5180db3056e7c241fdd610ab4f3e81bea2f5a98,2020-02,Norfolk Constabulary,Norfolk Constabulary,1.291457,52.620961,On or near Supermarket,E01026855,Norwich 011D,Violence and sexual offences,Court result unavailable,
ab7e8c0f0c9db56ff922566e90a486dc23650452e4162b0151145e67d0ea5a0e,2020-02,Norfolk Constabulary,Norfolk Constabulary,1.290691,52.620991,On or near Howard Street,E01026855,Norwich 011D,Violence and sexual offences,Unable to prosecute suspect,
,2020-02,Norfolk Constabulary,Norfolk Constabulary,1.280769,52.625053,On or near Essex Street,E01026856,Norwich 011E,Anti-social behaviour,,
8075e39855556f3564a7264b24f1cf7ec36f6d8b1ab3b86d2ffb0042f56532e3,2020-02,Norfolk Constabulary,Norfolk Constabulary,1.280715,52.621961,On or near Leicester Street,E01026856,Norwich 011E,Burglary,Investigation complete; no suspect identified,
2b58d09b56461799253ca5bf19af67e681ee55ebf02f62257e086cb5a2be9d6b,2020-02,Norfolk Constabulary,Norfolk Constabulary,1.280715,52.621961,On or near Leicester Street,E01026856,Norwich 011E,Burglary,Investigation complete; no suspect identified,
652161f44d596bbd7c9ad8a5face0b9004a13c0467fd476852f7cb1847755985,2020-02,Norfolk Constabulary,Norfolk Constabulary,1.281110,52.624279,On or near Trinity Street,E01026856,Norwich 011E,Criminal damage and arson,Investigation complete; no suspect identified,
6d244fb7947017355619f6f9709c283a086f590f0cd20c5baecf1ad15af53170,2020-02,Norfolk Constabulary,Norfolk Constabulary,1.278853,52.622561,On or near Gloucester Street,E01026856,Norwich 011E,Criminal damage and arson,Investigation complete; no suspect identified,
20b828d9ee390cb7c7d1eb80ec1ca7fa2e1d28b18294b28a72058ea077ee0476,2020-02,Norfolk Constabulary,Norfolk Constabulary,1.280903,52.623691,On or near Cambridge Street,E01026856,Norwich 011E,Other theft,Investigation complete; no suspect identified,
acc3e63bac8f5713f8505de243304f7e0c1d2a6b05ccb1053c75262a834e0ec6,2020-02,Norfolk Constabulary,Norfolk Constabulary,1.280715,52.621961,On or near Leicester Street,E01026856,Norwich 011E,Vehicle crime,Investigation complete; no suspect identified,
,2020-02,Norfolk Constabulary,Norfolk Constabulary,1.276284,52.622992,On or near Supermarket,E01026857,Norwich 011F,Anti-social behaviour,,
d4fa3710394f41a7c1b4cecf6d2cfe628d237654cdaf101157ef3d7783f6d012,2020-02,Norfolk Constabulary,Norfolk Constabulary,1.277149,52.616168,On or near Fairmile Close,E01026857,Norwich 011F,Drugs,Offender given a caution,
738d643cf8cab1de66d1fd9362a4cd651411c5ec49760e46d83d6062ff43c3b2,2020-02,Norfolk Constabulary,Norfolk Constabulary,1.282150,52.617451,On or near Town Close Road,E01026857,Norwich 011F,Theft from the person,Unable to prosecute suspect,
96de1a930a8dec30f13e8f7308f3210d878c863de8e9b2226ccadf35f524fb64,2020-02,Norfolk Constabulary,Norfolk Constabulary,1.277804,52.622365,On or near Onley Street,E01026857,Norwich 011F,Theft from the person,Investigation complete; no suspect identified,
775a4db2bf5e29b32c79620586033dc893da9b1acad4e8fc3766b8c7e190a891,2020-02,Norfolk Constabulary,Norfolk Constabulary,1.277804,52.622365,On or near Onley Street,E01026857,Norwich 011F,Vehicle crime,Investigation complete; no suspect identified,
2c437de3dfd51f1457e6ecc929ed3dcbec0f9941b9d28e5875d0afe5aa98c2dc,2020-02,Norfolk Constabulary,Norfolk Constabulary,1.282150,52.617451,On or near Town Close Road,E01026857,Norwich 011F,Vehicle crime,Investigation complete; no suspect identified,
fa1a7896229a06505d75c06054c0fa0e0cf2d950bb1814fad526895a83adbb0f,2020-02,Norfolk Constabulary,Norfolk Constabulary,1.277443,52.621889,On or near Bury Street,E01026857,Norwich 011F,Vehicle crime,Unable to prosecute suspect,
c9df2a9a6aef9770641f866bcd574b4ac2fb7b47c722b80d8ffc43bc6ef4aecc,2020-02,Norfolk Constabulary,Norfolk Constabulary,1.277443,52.621889,On or near Bury Street,E01026857,Norwich 011F,Violence and sexual offences,Unable to prosecute suspect,
a0907c7cd142ea8596cf921e3a1b6e065b411fce43617be4a52dce0f408bf279,2020-02,Norfolk Constabulary,Norfolk Constabulary,1.277443,52.621889,On or near Bury Street,E01026857,Norwich 011F,Violence and sexual offences,Unable to prosecute suspect,
7c5118a3e6f7a8dc0a610cfcd53e7018d8d7291ddcc7281d1c5dc10ac8538dbe,2020-02,Norfolk Constabulary,Norfolk Constabulary,1.280829,52.619547,On or near Albert Terrace,E01026857,Norwich 011F,Violence and sexual offences,Unable to prosecute suspect,
eca7a81f60018e93eaa047bbd8aaed71f43db8040c0bc010493b4f3c084c7507,2020-02,Norfolk Constabulary,Norfolk Constabulary,1.279675,52.619714,On or near Arlington Lane,E01026857,Norwich 011F,Violence and sexual offences,Unable to prosecute suspect,
,2020-02,Norfolk Constabulary,Norfolk Constabulary,1.286728,52.624114,On or near Wessex Street,E01033434,Norwich 011G,Anti-social behaviour,,
,2020-02,Norfolk Constabulary,Norfolk Constabulary,1.288690,52.624060,On or near Crooks Place,E01033434,Norwich 011G,Anti-social behaviour,,
,2020-02,Norfolk Constabulary,Norfolk Constabulary,1.285931,52.621960,On or near Thomas Wyatt Close,E01033434,Norwich 011G,Anti-social behaviour,,
,2020-02,Norfolk Constabulary,Norfolk Constabulary,1.288690,52.624060,On or near Crooks Place,E01033434,Norwich 011G,Anti-social behaviour,,
,2020-02,Norfolk Constabulary,Norfolk Constabulary,1.285114,52.623080,On or near Sarah West Close,E01033434,Norwich 011G,Anti-social behaviour,,
,2020-02,Norfolk Constabulary,Norfolk Constabulary,1.286728,52.624114,On or near Wessex Street,E01033434,Norwich 011G,Anti-social behaviour,,
283ab6bac2a6207a81aef17cf86313591e774808ff344c9ed2095ffd0191a2c7,2020-02,Norfolk Constabulary,Norfolk Constabulary,1.282312,52.624147,On or near Rupert Street,E01033434,Norwich 011G,Bicycle theft,Investigation complete; no suspect identified,
7d450ffc1ea37b55c4d613b0575a908c101c76d3e8488e8093c07f5d8da07962,2020-02,Norfolk Constabulary,Norfolk Constabulary,1.285079,52.622613,On or near Edward Jordell Plain,E01033434,Norwich 011G,Drugs,Court result unavailable,
f154673d59fa82849d461f8404c849176cd248d80656cf724a1e1106456ce07e,2020-02,Norfolk Constabulary,Norfolk Constabulary,1.284298,52.624820,On or near Norfolk Street,E01033434,Norwich 011G,Drugs,Offender given a drugs possession warning,
d687b9b69ca6673010ebea1af51005728ac819ed341791df8423c178fd424fd9,2020-02,Norfolk Constabulary,Norfolk Constabulary,1.285079,52.622613,On or near Edward Jordell Plain,E01033434,Norwich 011G,Public order,Unable to prosecute suspect,
8d46a92039ef9828cc3c9a39ec3fc2ef72d5a70ba86b6abc5b1de3c92af65c0e,2020-02,Norfolk Constabulary,Norfolk Constabulary,1.285931,52.621960,On or near Thomas Wyatt Close,E01033434,Norwich 011G,Public order,Unable to prosecute suspect,
6af1b84204118b0216a01e2e2a54c8bdb7fe806262955d5c648d2fb65dbd8ed3,2020-02,Norfolk Constabulary,Norfolk Constabulary,1.285931,52.621960,On or near Thomas Wyatt Close,E01033434,Norwich 011G,Robbery,Unable to prosecute suspect,
0040534e15ef74f322933459e9a42bfbf9da2e97f8679ceda47659ef59102f3a,2020-02,Norfolk Constabulary,Norfolk Constabulary,1.284298,52.624820,On or near Norfolk Street,E01033434,Norwich 011G,Theft from the person,Unable to prosecute suspect,
8dec8cf3ec99485638435942388213db84ea8de335c8dd9af4d51384cc748fa0,2020-02,Norfolk Constabulary,Norfolk Constabulary,1.282312,52.624147,On or near Rupert Street,E01033434,Norwich 011G,Vehicle crime,Investigation complete; no suspect identified,
379770f583b35db2fe4ec8eb999e2dd2e058cfa74c6c22b1ca2181d84bf50b91,2020-02,Norfolk Constabulary,Norfolk Constabulary,1.286281,52.623866,On or near Kenneth Mckee Plain,E01033434,Norwich 011G,Vehicle crime,Investigation complete; no suspect identified,
4451da2973d2fc81eb83c2e41d3ad6cbe3a792ba696cf00d82a2eb31aeda6216,2020-02,Norfolk Constabulary,Norfolk Constabulary,1.285133,52.624329,On or near Union Street,E01033434,Norwich 011G,Violence and sexual offences,Unable to prosecute suspect,
140b4acd7b2cd0a8323a4b5ddc097de59c1ae2a1b40c65430eb4b958373be923,2020-02,Norfolk Constabulary,Norfolk Constabulary,1.282312,52.624147,On or near Rupert Street,E01033434,Norwich 011G,Violence and sexual offences,Investigation complete; no suspect identified,
c336d50cab2e9e0de809e452109c654fc98c2e2523820eee277a6ac9f1c4ec5a,2020-02,Norfolk Constabulary,Norfolk Constabulary,1.285133,52.624329,On or near Union Street,E01033434,Norwich 011G,Violence and sexual offences,Unable to prosecute suspect,
3ea2a5a184822fd6ffe6ef796b706d6d29aa083530551458f76acb2d1f131395,2020-02,Norfolk Constabulary,Norfolk Constabulary,1.282312,52.624147,On or near Rupert Street,E01033434,Norwich 011G,Violence and sexual offences,Status update unavailable,
,2020-02,Norfolk Constabulary,Norfolk Constabulary,1.286478,52.626100,On or near Coach And Horses Row,E01033437,Norwich 011H,Anti-social behaviour,,
,2020-02,Norfolk Constabulary,Norfolk Constabulary,1.281348,52.626278,On or near Oxford Street,E01033437,Norwich 011H,Anti-social behaviour,,
,2020-02,Norfolk Constabulary,Norfolk Constabulary,1.284545,52.626333,On or near Manchester Place,E01033437,Norwich 011H,Anti-social behaviour,,
,2020-02,Norfolk Constabulary,Norfolk Constabulary,1.283060,52.626842,On or near Trory Street,E01033437,Norwich 011H,Anti-social behaviour,,
c5673ab227fd05af60d866527efdaadf37b1e59a64078aadf5cde2310f3671c6,2020-02,Norfolk Constabulary,Norfolk Constabulary,1.286485,52.626981,On or near Pedestrian Subway,E01033437,Norwich 011H,Criminal damage and arson,Court result unavailable,
2c57bdc0647857185c8c3855627a3983452cf1dea5fa02925fe20cab7e4a5b39,2020-02,Norfolk Constabulary,Norfolk Constabulary,1.286485,52.626981,On or near Pedestrian Subway,E01033437,Norwich 011H,Criminal damage and arson,Investigation complete; no suspect identified,
4e485d4f1937547c3fa9c76f9a108b74fe8901b006d0e017c8a9ff4892daf7e9,2020-02,Norfolk Constabulary,Norfolk Constabulary,1.284544,52.625533,On or near Globe Place,E01033437,Norwich 011H,Possession of weapons,Unable to prosecute suspect,
737ee490c19db97bf7385a1bc89833bf7f95e7fd2195167d287ff87bbba1a5f2,2020-02,Norfolk Constabulary,Norfolk Constabulary,1.285139,52.628943,On or near Grapes Hill,E01033437,Norwich 011H,Public order,Investigation complete; no suspect identified,
98183a86550ea3a12e0b8edbda780f5c319f4a51333e641fa1690861b4fa0999,2020-02,Norfolk Constabulary,Norfolk Constabulary,1.283060,52.626842,On or near Trory Street,E01033437,Norwich 011H,Public order,Investigation complete; no suspect identified,
e7e0736aa64e00db5a41ba985261e2715d9280e94243476b91a42c7add7f4c07,2020-02,Norfolk Constabulary,Norfolk Constabulary,1.284545,52.626333,On or near Manchester Place,E01033437,Norwich 011H,Vehicle crime,Court result unavailable,
e0426f9a9596b641a1355dc2f5a6f784689f27e38a7121428e8028180b318a76,2020-02,Norfolk Constabulary,Norfolk Constabulary,1.281792,52.626679,On or near Woburn Street,E01033437,Norwich 011H,Vehicle crime,Investigation complete; no suspect identified,
0572d33a327d52a104f43f7f5dc4f9dd87d3eab7c1557e1faa3a74ac106b238b,2020-02,Norfolk Constabulary,Norfolk Constabulary,1.286478,52.626100,On or near Coach And Horses Row,E01033437,Norwich 011H,Violence and sexual offences,Unable to prosecute suspect,
f596d43f802e88c38b3de5da67a1f5cd57cb55b14208b081140256a53c3248ef,2020-02,Norfolk Constabulary,Norfolk Constabulary,1.284544,52.625533,On or near Globe Place,E01033437,Norwich 011H,Violence and sexual offences,Unable to prosecute suspect,
5cff109721300e6ab5379347b46f740b5c14a312fcc6d71ad7fe2a69982f4027,2020-02,Norfolk Constabulary,Norfolk Constabulary,1.281348,52.626278,On or near Oxford Street,E01033437,Norwich 011H,Violence and sexual offences,Unable to prosecute suspect,
0e327932669c7694c3817acf3eaff7754e9c20c0c8d7707669badbc6b3dc5a1f,2020-02,Norfolk Constabulary,Norfolk Constabulary,1.284545,52.626333,On or near Manchester Place,E01033437,Norwich 011H,Violence and sexual offences,Unable to prosecute suspect,
3ebefe21c81ff330b550295ca740396e5c740400baed40eabb58c996a4b9c1f5,2020-02,Norfolk Constabulary,Norfolk Constabulary,1.284544,52.625533,On or near Globe Place,E01033437,Norwich 011H,Violence and sexual offences,Investigation complete; no suspect identified,
6f392cbd9173bdfdaadf72456898bf2a4343a44c87a0d9a9527f3d11b13ae385,2020-02,Norfolk Constabulary,Norfolk Constabulary,1.281348,52.626278,On or near Oxford Street,E01033437,Norwich 011H,Violence and sexual offences,Unable to prosecute suspect,
666e3b31619e512f015b7a2a49c93dd0b911f99cb27d12188e501fc4f2d9e687,2020-02,Norfolk Constabulary,Norfolk Constabulary,1.281348,52.626278,On or near Oxford Street,E01033437,Norwich 011H,Violence and sexual offences,Unable to prosecute suspect,
994a3c2ab3df73ce5716bb82d058b3c87a1e68f59fa74dc09d66b66c6808cd3d,2020-02,Norfolk Constabulary,Norfolk Constabulary,1.283060,52.626842,On or near Trory Street,E01033437,Norwich 011H,Violence and sexual offences,Unable to prosecute suspect,
d1cfd6661f831ba06e8fceabf6309986ea74f5adce8c1c47f5469743dbe2b141,2020-02,Norfolk Constabulary,Norfolk Constabulary,1.284544,52.625533,On or near Globe Place,E01033437,Norwich 011H,Violence and sexual offences,Investigation complete; no suspect identified,
baac93b0fbaa4791f8d07aaf0f80dde8656183c8d19a32bbb3d7f0e020b65f70,2020-02,Norfolk Constabulary,Norfolk Constabulary,1.285139,52.628943,On or near Grapes Hill,E01033437,Norwich 011H,Violence and sexual offences,Unable to prosecute suspect,
9683296fba1a76dbe443d7ed0925a783014194c4f0c7752de55cfffd8bb87466,2020-02,Norfolk Constabulary,Norfolk Constabulary,1.284545,52.626333,On or near Manchester Place,E01033437,Norwich 011H,Violence and sexual offences,Unable to prosecute suspect,
b26247f03f23c3227f06f2032a881f258cdb496338fa32736b3d12477deee172,2020-02,Norfolk Constabulary,Norfolk Constabulary,1.253995,52.621745,On or near North Park Avenue,E01026810,Norwich 012A,Possession of weapons,Unable to prosecute suspect,
6f88a62d8a606ea87310e618292f8fefec7cd64b6ca2996411fe49e3d906f07c,2020-02,Norfolk Constabulary,Norfolk Constabulary,1.255901,52.618167,On or near South Park Avenue,E01026810,Norwich 012A,Public order,Unable to prosecute suspect,
3b4c95c440c4a387632a7f900e5dff1f7b4a1735548802a8b0a8edd33329fc2e,2020-02,Norfolk Constabulary,Norfolk Constabulary,1.253344,52.614766,On or near Blakeney Close,E01026810,Norwich 012A,Violence and sexual offences,Unable to prosecute suspect,
514251f40d54d0f685d5ddbc2311beb6b8a2f8fe2bcee126c2dd706eb314e920,2020-02,Norfolk Constabulary,Norfolk Constabulary,1.256046,52.615933,On or near Hurd Road,E01026810,Norwich 012A,Violence and sexual offences,Unable to prosecute suspect,
3c7be855f86e6f42d06f5e935d2970d46f290486d43b5e52797bb128e4caf527,2020-02,Norfolk Constabulary,Norfolk Constabulary,1.256046,52.615933,On or near Hurd Road,E01026810,Norwich 012A,Violence and sexual offences,Awaiting court outcome,
aba82b78f46ddfa2fa335657e1c59c962783b6b5a67d1cf54027966be9c5373a,2020-02,Norfolk Constabulary,Norfolk Constabulary,1.256046,52.615933,On or near Hurd Road,E01026810,Norwich 012A,Violence and sexual offences,Unable to prosecute suspect,
0dd66cbf29ee65615598164a78c50aa75a74e09322de3d3a0a580dec6bc87f1c,2020-02,Norfolk Constabulary,Norfolk Constabulary,1.276389,52.606989,On or near Broadhurst Road,E01026811,Norwich 012B,Burglary,Status update unavailable,
73a6656528868b87b03e85c78c26530e451645916aba96589b795e7a0c72875e,2020-02,Norfolk Constabulary,Norfolk Constabulary,1.278059,52.604829,On or near Sports/Recreation Area,E01026811,Norwich 012B,Criminal damage and arson,Unable to prosecute suspect,
94845470e5c968092f2b6bdf333d1853f1f34383056e96887f3c114fa1c8b74a,2020-02,Norfolk Constabulary,Norfolk Constabulary,1.277707,52.614354,On or near Daniels Road,E01026811,Norwich 012B,Public order,Unable to prosecute suspect,
61fbde257199fc5e0c5fa2199de56025edbbdd50f85f63292a8d82511ab996d8,2020-02,Norfolk Constabulary,Norfolk Constabulary,1.277707,52.614354,On or near Daniels Road,E01026811,Norwich 012B,Violence and sexual offences,Investigation complete; no suspect identified,
f2d8fec9e96060c6beeeff50defda31381304a61c04089b5645d895bde5d7660,2020-02,Norfolk Constabulary,Norfolk Constabulary,1.281669,52.612212,On or near Ipswich Road,E01026811,Norwich 012B,Violence and sexual offences,Unable to prosecute suspect,
,2020-02,Norfolk Constabulary,Norfolk Constabulary,1.263934,52.604392,On or near Abinger Way,E01026812,Norwich 012C,Anti-social behaviour,,
,2020-02,Norfolk Constabulary,Norfolk Constabulary,1.263934,52.604392,On or near Abinger Way,E01026812,Norwich 012C,Anti-social behaviour,,
,2020-02,Norfolk Constabulary,Norfolk Constabulary,1.264528,52.610186,On or near Sports/Recreation Area,E01026812,Norwich 012C,Anti-social behaviour,,
4dc2ca7599a23fc5397f00f795f50e4642b048df5c022065dff76cb3b9fabf5d,2020-02,Norfolk Constabulary,Norfolk Constabulary,1.259950,52.606247,On or near Kingswood Close,E01026812,Norwich 012C,Violence and sexual offences,Unable to prosecute suspect,
0c273bf6e8956c78c185d5775598a7ead3db02c70ecba39d0bd8a31da59df7da,2020-02,Norfolk Constabulary,Norfolk Constabulary,1.259950,52.606247,On or near Kingswood Close,E01026812,Norwich 012C,Violence and sexual offences,Unable to prosecute suspect,
9520d5d834b700d4849ca237b8e133151841c3e8b37b9d3e4ac69b4617845f5a,2020-02,Norfolk Constabulary,Norfolk Constabulary,1.257948,52.611707,On or near Newmarket Road,E01026813,Norwich 012D,Other theft,Investigation complete; no suspect identified,
71d9912843b0ea92abd9911260d89695d23a3afbd1db6570c8374614c8669fa6,2020-02,Norfolk Constabulary,Norfolk Constabulary,1.253818,52.608619,On or near Chestnut Hill,E01026813,Norwich 012D,Public order,Unable to prosecute suspect,
15381a0806dce89626e10dcb6d2b19c434cc1ab3b9c58a51a3ef8500e3cd4ce9,2020-02,Norfolk Constabulary,Norfolk Constabulary,1.257480,52.606198,On or near Merrow Gardens,E01026813,Norwich 012D,Violence and sexual offences,Unable to prosecute suspect,
9fec1387ad28dc45e7847d2934bcf329f3943e01a98ab07248f9c239b17beb14,2020-02,Norfolk Constabulary,Norfolk Constabulary,1.253818,52.608619,On or near Chestnut Hill,E01026813,Norwich 012D,Violence and sexual offences,Awaiting court outcome,
,2020-02,Norfolk Constabulary,Norfolk Constabulary,1.254243,52.616729,On or near Norgate Road,E01026814,Norwich 012E,Anti-social behaviour,,
,2020-02,Norfolk Constabulary,Norfolk Constabulary,1.254243,52.616729,On or near Norgate Road,E01026814,Norwich 012E,Anti-social behaviour,,
,2020-02,Norfolk Constabulary,Norfolk Constabulary,1.253031,52.617328,On or near Peckover Road,E01026814,Norwich 012E,Anti-social behaviour,,
,2020-02,Norfolk Constabulary,Norfolk Constabulary,1.258410,52.617729,On or near Parmenter Road,E01026814,Norwich 012E,Anti-social behaviour,,
,2020-02,Norfolk Constabulary,Norfolk Constabulary,1.253031,52.617328,On or near Peckover Road,E01026814,Norwich 012E,Anti-social behaviour,,
5ddf92cfdf196d378fb0eabfc41f1ae5c8b8c88a57a6f350c2326ae4a42290af,2020-02,Norfolk Constabulary,Norfolk Constabulary,1.254243,52.616729,On or near Norgate Road,E01026814,Norwich 012E,Burglary,Investigation complete; no suspect identified,
ebde3f4c37b0fef58c83ba6644ad2e7df5ea66d8ede10f8a77af788871643863,2020-02,Norfolk Constabulary,Norfolk Constabulary,1.258410,52.617729,On or near Parmenter Road,E01026814,Norwich 012E,Public order,Investigation complete; no suspect identified,
a5c31b65415a87272271963b9db3a61f272423940ebd4f3af80854008c7a084f,2020-02,Norfolk Constabulary,Norfolk Constabulary,1.250032,52.615738,On or near Nasmith Road,E01026814,Norwich 012E,Violence and sexual offences,Unable to prosecute suspect,
1188f2ca7b967d4e8d59bea86d700a9f78e77141f735a1fde462606642a9c1fb,2020-02,Norfolk Constabulary,Norfolk Constabulary,1.250032,52.615738,On or near Nasmith Road,E01026814,Norwich 012E,Violence and sexual offences,Unable to prosecute suspect,
5e214a4a4e5548a85d8209cd72edd33a35ba08c6b0fa9fe2fb746ecd37089d5d,2020-02,Norfolk Constabulary,Norfolk Constabulary,1.250032,52.615738,On or near Nasmith Road,E01026814,Norwich 012E,Violence and sexual offences,Unable to prosecute suspect,
6899378cf61399976bb536feae1c26f3b6ba7ad684eb2d71e115446f61cf5c8c,2020-02,Norfolk Constabulary,Norfolk Constabulary,1.254243,52.616729,On or near Norgate Road,E01026814,Norwich 012E,Violence and sexual offences,Unable to prosecute suspect,
05617eb52debae6d013f4e497be723f9d1c2ffae5d57e57a4a2a0140a3a15840,2020-02,Norfolk Constabulary,Norfolk Constabulary,1.254243,52.616729,On or near Norgate Road,E01026814,Norwich 012E,Violence and sexual offences,Unable to prosecute suspect,
54269a09a7c28bc4f1a2f0ed262e704d30b766cebc9bf2061fb9288ca6f2be55,2020-02,Norfolk Constabulary,Norfolk Constabulary,1.250032,52.615738,On or near Nasmith Road,E01026814,Norwich 012E,Violence and sexual offences,Unable to prosecute suspect,
,2020-02,Norfolk Constabulary,Norfolk Constabulary,1.269108,52.616930,On or near Leopold Close,E01026815,Norwich 012F,Anti-social behaviour,,
,2020-02,Norfolk Constabulary,Norfolk Constabulary,1.299019,52.620121,On or near Hobart Square,E01026816,Norwich 013A,Anti-social behaviour,,
fc3269d3294cc5201c65022b2179a915df0e11a7404390fe7e46bddc31e09f94,2020-02,Norfolk Constabulary,Norfolk Constabulary,1.300759,52.618103,On or near Carlyle Road,E01026816,Norwich 013A,Bicycle theft,Investigation complete; no suspect identified,
11fcf569ea56ac7ef154a1e1fcb911775f0d4c80e4b490b10319135d0389523a,2020-02,Norfolk Constabulary,Norfolk Constabulary,1.301966,52.618635,On or near Clyffe Cottages,E01026816,Norwich 013A,Criminal damage and arson,Investigation complete; no suspect identified,
a6475989b7d2d7feea105690e03fe1f8ebad18a18af2a79cf254a8f1553aa41a,2020-02,Norfolk Constabulary,Norfolk Constabulary,1.300704,52.619336,On or near Bellville Crescent,E01026816,Norwich 013A,Other theft,Investigation complete; no suspect identified,
f6791a6cbe7c3fd257e615d22c603d6e04bc487f49c6f4be0f481f96e8b16d28,2020-02,Norfolk Constabulary,Norfolk Constabulary,1.299019,52.620121,On or near Hobart Square,E01026816,Norwich 013A,Other theft,Investigation complete; no suspect identified,
26c4043ebfbac0fbf9de866e0e533070318ae0ca0481e587b71da89c91e0ffe8,2020-02,Norfolk Constabulary,Norfolk Constabulary,1.302473,52.617515,On or near Geoffrey Road,E01026816,Norwich 013A,Public order,Unable to prosecute suspect,
03924bac1fd23b625b101dd74f8ded80d87dfab07963eced41a32b1076ee0894,2020-02,Norfolk Constabulary,Norfolk Constabulary,1.300355,52.620587,On or near Kensington Place,E01026816,Norwich 013A,Robbery,Investigation complete; no suspect identified,
fc7face8cb458cd9732c01d6b06c0ab5d74410d19d72b70a6877465211e58556,2020-02,Norfolk Constabulary,Norfolk Constabulary,1.300355,52.620587,On or near Kensington Place,E01026816,Norwich 013A,Robbery,Investigation complete; no suspect identified,
4b2fcb798339aabbfd3599f366014ef84aa880cd9669afdad2f44b70cfa35b52,2020-02,Norfolk Constabulary,Norfolk Constabulary,1.300058,52.617043,On or near Jubilee Terrace,E01026816,Norwich 013A,Vehicle crime,Investigation complete; no suspect identified,
f60bc8a83cf5cacbafd6c18dce0c68ba1e9bac51977a50effd1ae771cd859c49,2020-02,Norfolk Constabulary,Norfolk Constabulary,1.300355,52.620587,On or near Kensington Place,E01026816,Norwich 013A,Violence and sexual offences,Unable to prosecute suspect,
09b054795fa0897c670ceb0075d861968e6ecf0c7150a8018833379d93cded32,2020-02,Norfolk Constabulary,Norfolk Constabulary,1.299019,52.620121,On or near Hobart Square,E01026816,Norwich 013A,Violence and sexual offences,Unable to prosecute suspect,
b9986419e694ab093e2734f764de744ebfb77c1e53bab57410e484965158b34e,2020-02,Norfolk Constabulary,Norfolk Constabulary,1.303181,52.620050,On or near Old School Court,E01026816,Norwich 013A,Violence and sexual offences,Unable to prosecute suspect,
,2020-02,Norfolk Constabulary,Norfolk Constabulary,1.303539,52.612638,On or near Netherwood Green,E01026817,Norwich 013B,Anti-social behaviour,,
cb5fe82a44d5ff2d43b1ed6bae0b32e2cb5ff1e06f8f9b077fa2aacf58672e07,2020-02,Norfolk Constabulary,Norfolk Constabulary,1.303190,52.609581,On or near Martineau Lane,E01026817,Norwich 013B,Criminal damage and arson,Investigation complete; no suspect identified,
431683c03e5db272a5039303baff4aaa4f0c8db10f1e4b749bc803020d7236bd,2020-02,Norfolk Constabulary,Norfolk Constabulary,1.303190,52.609581,On or near Martineau Lane,E01026817,Norwich 013B,Other theft,Unable to prosecute suspect,
974b3ea5396689d407c30770ac19dd945167861fba108a52c3efa8247b1b8930,2020-02,Norfolk Constabulary,Norfolk Constabulary,1.303539,52.612638,On or near Netherwood Green,E01026817,Norwich 013B,Other theft,Unable to prosecute suspect,
5914c28e57acaaf4f4005be8b75bf8ac85b0d26db727b325e6b8bbbf53db647d,2020-02,Norfolk Constabulary,Norfolk Constabulary,1.305574,52.616898,On or near The Loaning,E01026817,Norwich 013B,Public order,Investigation complete; no suspect identified,
107baa96d013ad42b64a0d9203a930a5f3e32a54c692ec6ac6d435c63bc2541a,2020-02,Norfolk Constabulary,Norfolk Constabulary,1.300392,52.614210,On or near Stratford Close,E01026817,Norwich 013B,Vehicle crime,Investigation complete; no suspect identified,
2cb426c34af17ccabd5ff499b9689283ef56b688046167dc16b5374a6f1e1f80,2020-02,Norfolk Constabulary,Norfolk Constabulary,1.307647,52.615392,On or near Bus/Coach Station,E01026817,Norwich 013B,Violence and sexual offences,Investigation complete; no suspect identified,
e7726db6d9f5d2de4fab6a285104370b9e164ffc37426aaf67b41212c81c6e48,2020-02,Norfolk Constabulary,Norfolk Constabulary,1.299801,52.607346,On or near Webdell Court,E01026817,Norwich 013B,Violence and sexual offences,Unable to prosecute suspect,
1f76da1d6afa78df3cbea7277e9c5fe6a236561bc640a9a2d45f7365b898ff46,2020-02,Norfolk Constabulary,Norfolk Constabulary,1.304133,52.618368,On or near Bracondale Court,E01026817,Norwich 013B,Violence and sexual offences,Unable to prosecute suspect,
3f80e42378d32bd42f2a0c7b4c1f959b6b579d063729ac3064343a5581a82fa2,2020-02,Norfolk Constabulary,Norfolk Constabulary,1.302351,52.614524,On or near Lakenfields,E01026817,Norwich 013B,Other crime,Action to be taken by another organisation,
,2020-02,Norfolk Constabulary,Norfolk Constabulary,1.296591,52.605709,On or near Manthorpe Close,E01026818,Norwich 013C,Anti-social behaviour,,
04bbed0786a0363e9b5f23a67529ff0c87f0a1e9fb132129aafce5244a739e79,2020-02,Norfolk Constabulary,Norfolk Constabulary,1.294031,52.611167,On or near Latimer Road,E01026818,Norwich 013C,Burglary,Unable to prosecute suspect,
b3473756a4a204e4767b5e84e88e9a92c7b1fc47cb84f25249c0419697beaf45,2020-02,Norfolk Constabulary,Norfolk Constabulary,1.296946,52.613181,On or near Keyes Road,E01026818,Norwich 013C,Criminal damage and arson,Investigation complete; no suspect identified,
f0079559dd1332d1a5200f6a767a920cd07ddb33c7d481c1a9d14ef96ea5bd46,2020-02,Norfolk Constabulary,Norfolk Constabulary,1.296021,52.614448,On or near Mendham Close,E01026818,Norwich 013C,Criminal damage and arson,Investigation complete; no suspect identified,
29198eb31ccdbecc8d5af0a5ddb4014ac50e8fbcd96fb79ab4d32fa5c4a76e07,2020-02,Norfolk Constabulary,Norfolk Constabulary,1.296021,52.614448,On or near Mendham Close,E01026818,Norwich 013C,Criminal damage and arson,Investigation complete; no suspect identified,
3a31283110ec686a00e137f7e92e573d1d543b6ce67bb618b39706786c60fb20,2020-02,Norfolk Constabulary,Norfolk Constabulary,1.296021,52.614448,On or near Mendham Close,E01026818,Norwich 013C,Criminal damage and arson,Investigation complete; no suspect identified,
f2e0ddda9935ce114d5a7b4bab0720c6c30704ae06d41a47475e11e23cede72d,2020-02,Norfolk Constabulary,Norfolk Constabulary,1.297304,52.613225,On or near Keyes Close,E01026818,Norwich 013C,Criminal damage and arson,Investigation complete; no suspect identified,
44c16f2d190e989ed5934807223202de812100e30d4f8ba2f7e2690590b37c4f,2020-02,Norfolk Constabulary,Norfolk Constabulary,1.296946,52.613181,On or near Keyes Road,E01026818,Norwich 013C,Criminal damage and arson,Unable to prosecute suspect,
f85f94c02f7180d48d5b3e1c309a3d222405c8256e06957a3fe6024df0bc527c,2020-02,Norfolk Constabulary,Norfolk Constabulary,1.295525,52.607051,On or near Harwood Road,E01026818,Norwich 013C,Public order,Unable to prosecute suspect,
8707b5f6e228d0242fb4aba40cfff9fa330bd2d7eed4af4e24875cb046f3dd39,2020-02,Norfolk Constabulary,Norfolk Constabulary,1.296591,52.605709,On or near Manthorpe Close,E01026818,Norwich 013C,Public order,Unable to prosecute suspect,
77e0e524352c6b0c1e014301dc1886befd8f207063f16954b0a7c93a59bdbc1c,2020-02,Norfolk Constabulary,Norfolk Constabulary,1.292503,52.609905,On or near Barrett Road,E01026818,Norwich 013C,Shoplifting,Investigation complete; no suspect identified,
91ac87f67530b96ee57afc4defa55cee7152e24902c2699a897b94bd5b5afcc8,2020-02,Norfolk Constabulary,Norfolk Constabulary,1.292503,52.609905,On or near Barrett Road,E01026818,Norwich 013C,Shoplifting,Investigation complete; no suspect identified,
3e0fdfb590926b4b8087611818fa3a609c3fe40121750b00908395903fac19a0,2020-02,Norfolk Constabulary,Norfolk Constabulary,1.294800,52.603699,On or near Cooper Lane,E01026818,Norwich 013C,Vehicle crime,Investigation complete; no suspect identified,
ec133c24bcd8e4a86f1b380935fd1eef0cdd75b3f014e918f52dcdf7c5607377,2020-02,Norfolk Constabulary,Norfolk Constabulary,1.292503,52.609905,On or near Barrett Road,E01026818,Norwich 013C,Violence and sexual offences,Unable to prosecute suspect,
c21a705f80e58cc6bae1002842b09a329e076d620b5183fd733f7ac09dd6c29b,2020-02,Norfolk Constabulary,Norfolk Constabulary,1.292983,52.611169,On or near Randolf Road,E01026818,Norwich 013C,Violence and sexual offences,Unable to prosecute suspect,
98fa6e7950322491a03349c66698adf037a50234dabcd4a04db6fe1be8e9cfdb,2020-02,Norfolk Constabulary,Norfolk Constabulary,1.295690,52.609052,On or near Duckett Close,E01026818,Norwich 013C,Violence and sexual offences,Unable to prosecute suspect,
9c6f0a7bd4a9f96249a68077c61ba256cf100d8b227f3700d1e925ea8f3deac3,2020-02,Norfolk Constabulary,Norfolk Constabulary,1.291920,52.611388,On or near Tuckswood Police Station,E01026818,Norwich 013C,Violence and sexual offences,Unable to prosecute suspect,
bc2ae728d61ec2f1ba754185627f4cf3aec93b8411b56d14416e187896527e74,2020-02,Norfolk Constabulary,Norfolk Constabulary,1.292503,52.609905,On or near Barrett Road,E01026818,Norwich 013C,Violence and sexual offences,Unable to prosecute suspect,
f206d071394a818869786787e18bdb4b27a637fe7d70ff70ee54d7aaff3b8b50,2020-02,Norfolk Constabulary,Norfolk Constabulary,1.292503,52.609905,On or near Barrett Road,E01026818,Norwich 013C,Other crime,Investigation complete; no suspect identified,
,2020-02,Norfolk Constabulary,Norfolk Constabulary,1.298222,52.612076,On or near Springbank,E01026819,Norwich 013D,Anti-social behaviour,,
,2020-02,Norfolk Constabulary,Norfolk Constabulary,1.300236,52.613315,On or near Suncroft,E01026819,Norwich 013D,Anti-social behaviour,,
,2020-02,Norfolk Constabulary,Norfolk Constabulary,1.294174,52.612476,On or near Gamewell Close,E01026819,Norwich 013D,Anti-social behaviour,,
,2020-02,Norfolk Constabulary,Norfolk Constabulary,1.298611,52.613513,On or near Longmead,E01026819,Norwich 013D,Anti-social behaviour,,
,2020-02,Norfolk Constabulary,Norfolk Constabulary,1.298222,52.612076,On or near Springbank,E01026819,Norwich 013D,Anti-social behaviour,,
,2020-02,Norfolk Constabulary,Norfolk Constabulary,1.297146,52.612303,On or near Birbeck Road,E01026819,Norwich 013D,Anti-social behaviour,,
851ae2f9174a4446268bc695e910a80d0d9656f7c36cc0525ebe5b728b2ff930,2020-02,Norfolk Constabulary,Norfolk Constabulary,1.297146,52.612303,On or near Birbeck Road,E01026819,Norwich 013D,Burglary,Unable to prosecute suspect,
82848f2c773ee1bd7234518ad8c7bf2d384ee484e85d6a84a1c0fbdf55b6a9da,2020-02,Norfolk Constabulary,Norfolk Constabulary,1.301766,52.611860,On or near Huxley Close,E01026819,Norwich 013D,Burglary,Investigation complete; no suspect identified,
c18da1f951c17cef86c117d2d0bf5bd5023e981eb997277e3a6d6db3c73f5f35,2020-02,Norfolk Constabulary,Norfolk Constabulary,1.294174,52.612476,On or near Gamewell Close,E01026819,Norwich 013D,Burglary,Investigation complete; no suspect identified,
742672078cc701887bc9946cee20f22e5a0cfb0176bd2d45e3c80ee249d7dc52,2020-02,Norfolk Constabulary,Norfolk Constabulary,1.297146,52.612303,On or near Birbeck Road,E01026819,Norwich 013D,Burglary,Investigation complete; no suspect identified,
aa27f00250ef997ed940d46da3c8a3aa761802ae8628fb3e55c467b637cd3c4e,2020-02,Norfolk Constabulary,Norfolk Constabulary,1.298222,52.612076,On or near Springbank,E01026819,Norwich 013D,Criminal damage and arson,Unable to prosecute suspect,
4b47598e4b70a16714c60e51530831d49cc15215a7c11396aebe76110368d09b,2020-02,Norfolk Constabulary,Norfolk Constabulary,1.297146,52.612303,On or near Birbeck Road,E01026819,Norwich 013D,Criminal damage and arson,Investigation complete; no suspect identified,
018d034dfa4aa11de4916c439379d6c74ce4a013fdf041cce188919fd52dd83d,2020-02,Norfolk Constabulary,Norfolk Constabulary,1.298222,52.612076,On or near Springbank,E01026819,Norwich 013D,Criminal damage and arson,Unable to prosecute suspect,
3959d1d7290ba0fcecd75252632066ff508c44f01b0e48766b531e1e483f3ed8,2020-02,Norfolk Constabulary,Norfolk Constabulary,1.298222,52.612076,On or near Springbank,E01026819,Norwich 013D,Criminal damage and arson,Investigation complete; no suspect identified,
d1683164d8dc5eb1f66d1cecf3345fcb3e107a64aab987454d6095be991d724e,2020-02,Norfolk Constabulary,Norfolk Constabulary,1.298710,52.610704,On or near Cavell Road,E01026819,Norwich 013D,Criminal damage and arson,Unable to prosecute suspect,
344d0dd7696b1e73c50717f02c7ebda70ddc99da9d02b91209476f82dded39f6,2020-02,Norfolk Constabulary,Norfolk Constabulary,1.298222,52.612076,On or near Springbank,E01026819,Norwich 013D,Criminal damage and arson,Investigation complete; no suspect identified,
fa80ba8a8a165b5fab74803757162438fb075c4b4bb5a40a7bc382ffc88f28f4,2020-02,Norfolk Constabulary,Norfolk Constabulary,1.296619,52.610609,On or near Mansfield Lane,E01026819,Norwich 013D,Criminal damage and arson,Investigation complete; no suspect identified,
02f65a7b885fa1de0773db1643548ebbef4bce9db4e45ced0b18f7bd8fb736ff,2020-02,Norfolk Constabulary,Norfolk Constabulary,1.298222,52.612076,On or near Springbank,E01026819,Norwich 013D,Drugs,Offender given a drugs possession warning,
ed5cbdc14aa6b01f5f6dea528729b6314b1b2af1cde001a0208b1018ed26be1e,2020-02,Norfolk Constabulary,Norfolk Constabulary,1.297146,52.612303,On or near Birbeck Road,E01026819,Norwich 013D,Other theft,Unable to prosecute suspect,
7935d1350e90b437d4bc2558b1ecbd8a78a69edb4597063485797bd2b9ba96cb,2020-02,Norfolk Constabulary,Norfolk Constabulary,1.298222,52.612076,On or near Springbank,E01026819,Norwich 013D,Other theft,Investigation complete; no suspect identified,
5b9413055880b7f6faeca1efea045cfc99886e6da7de5c147813b5ccde957d5a,2020-02,Norfolk Constabulary,Norfolk Constabulary,1.298222,52.612076,On or near Springbank,E01026819,Norwich 013D,Violence and sexual offences,Unable to prosecute suspect,
dbd37a62cec683b96088914a259602ab3824fd6405537f3ddf093883f69b86fc,2020-02,Norfolk Constabulary,Norfolk Constabulary,1.294174,52.612476,On or near Gamewell Close,E01026819,Norwich 013D,Violence and sexual offences,Local resolution,
5607a35b984cd8bcc9917376226ef01323ed08777fc0acb237266204f6575bbb,2020-02,Norfolk Constabulary,Norfolk Constabulary,1.298076,52.610137,On or near Coke Road,E01026819,Norwich 013D,Violence and sexual offences,Unable to prosecute suspect,
b66141efcd37fbd90795a1cf62af50830bfc58c70fb8476f620ebc99be9070f0,2020-02,Norfolk Constabulary,Norfolk Constabulary,1.298076,52.610137,On or near Coke Road,E01026819,Norwich 013D,Violence and sexual offences,Unable to prosecute suspect,
b90a827c4c434635a10b7e8bf8c74dd2bcb42a4a7e68725d96c4e65cad7b22fa,2020-02,Norfolk Constabulary,Norfolk Constabulary,1.298710,52.610704,On or near Cavell Road,E01026819,Norwich 013D,Violence and sexual offences,Unable to prosecute suspect,
c668ea8b36e7dbdb6e0a61677641e9f2c89182b4e232d7459f780d798af0b932,2020-02,Norfolk Constabulary,Norfolk Constabulary,1.298222,52.612076,On or near Springbank,E01026819,Norwich 013D,Violence and sexual offences,Unable to prosecute suspect,
16527cc1cf3d61b83934ab4346b841f2a2c753696ac4b5ce8fe4726decfb7c84,2020-02,Norfolk Constabulary,Norfolk Constabulary,1.300192,52.613523,On or near Sunny Hill,E01026819,Norwich 013D,Violence and sexual offences,Unable to prosecute suspect,
fec1713275be2018ebd70100fe9688210d54801451f8c7af04c3aa3e51b2cd83,2020-02,Norfolk Constabulary,Norfolk Constabulary,1.295398,52.610868,On or near Beeching Road,E01026819,Norwich 013D,Violence and sexual offences,Status update unavailable,
af07f6592c3553a568fd4a6f9dd841db6c858a3ac0af1cd6ce2ed94ae92f5b0d,2020-02,Norfolk Constabulary,Norfolk Constabulary,1.301766,52.611860,On or near Huxley Close,E01026819,Norwich 013D,Other crime,Unable to prosecute suspect,
,2020-02,Norfolk Constabulary,Norfolk Constabulary,1.283173,52.608609,On or near Supermarket,E01026820,Norwich 013E,Anti-social behaviour,,
,2020-02,Norfolk Constabulary,Norfolk Constabulary,1.281914,52.609165,On or near Maid Marian Road,E01026820,Norwich 013E,Anti-social behaviour,,
1cb262ec4748d0dbcab326585d7bc06e5c1081d9b4265a3f28d04d20aa499c0a,2020-02,Norfolk Constabulary,Norfolk Constabulary,1.283173,52.608609,On or near Supermarket,E01026820,Norwich 013E,Burglary,Investigation complete; no suspect identified,
d652a0076f20e57eee9e579eec9d125a863f0aebf2aafcfe501df2ca26c7b59c,2020-02,Norfolk Constabulary,Norfolk Constabulary,1.281070,52.605978,On or near Sports/Recreation Area,E01026820,Norwich 013E,Criminal damage and arson,Formal action is not in the public interest,
dff896702f286eb587cf15a1bbee43d34ac5d53991da3e6066fedf3f7eaab787,2020-02,Norfolk Constabulary,Norfolk Constabulary,1.281914,52.609165,On or near Maid Marian Road,E01026820,Norwich 013E,Criminal damage and arson,Investigation complete; no suspect identified,
aa0ad3130f5b08e17b47e722e967d6e40c27a46a005e33eb3cb12f6fa1304448,2020-02,Norfolk Constabulary,Norfolk Constabulary,1.285650,52.608747,On or near Sports/Recreation Area,E01026820,Norwich 013E,Criminal damage and arson,Investigation complete; no suspect identified,
36cdf6cb18f2d288ef29c5f4d4543cdc844dfed5d50e9964178ef32c8497a124,2020-02,Norfolk Constabulary,Norfolk Constabulary,1.282382,52.608109,On or near Friar Tuck Road,E01026820,Norwich 013E,Criminal damage and arson,Investigation complete; no suspect identified,
2dde49f54a0f98b847c844543a1b6ccc48475e1d5aa773c1ac6c380391ddeb43,2020-02,Norfolk Constabulary,Norfolk Constabulary,1.288497,52.605340,On or near Gilchrist Close,E01026820,Norwich 013E,Drugs,Court result unavailable,
1e61cb428ee125f784ff57e1d0a05391c169e8ae42185c7322924bd56737770d,2020-02,Norfolk Constabulary,Norfolk Constabulary,1.283545,52.608652,On or near Tuckswood Centre,E01026820,Norwich 013E,Possession of weapons,Formal action is not in the public interest,
797d4451e4b7eba16b24866bfe6f8737ec00bc0270bb82fd42c8f35bee71162f,2020-02,Norfolk Constabulary,Norfolk Constabulary,1.285650,52.608747,On or near Sports/Recreation Area,E01026820,Norwich 013E,Public order,Unable to prosecute suspect,
dc275b4736d72e82900fa5058de795d644b5233da479dfdeee04882f3ff33373,2020-02,Norfolk Constabulary,Norfolk Constabulary,1.285650,52.608747,On or near Sports/Recreation Area,E01026820,Norwich 013E,Public order,Status update unavailable,
8182c87f8578bfcc35b22a08c43895b0dc126d1338c4a42d1ff14dce75a85c46,2020-02,Norfolk Constabulary,Norfolk Constabulary,1.285812,52.608338,On or near Scarlet Road,E01026820,Norwich 013E,Public order,Unable to prosecute suspect,
1fce25a08ed1bc45d3e7dead54cf8cc60b8ba5e20ba7c540024ba05aa56f399b,2020-02,Norfolk Constabulary,Norfolk Constabulary,1.285650,52.608747,On or near Sports/Recreation Area,E01026820,Norwich 013E,Public order,Unable to prosecute suspect,
6af144bfa4c2dd5084962220f6a83521344dd211bb9e1d31305d753410bdae49,2020-02,Norfolk Constabulary,Norfolk Constabulary,1.283173,52.608609,On or near Supermarket,E01026820,Norwich 013E,Shoplifting,Unable to prosecute suspect,
4a8f28c4ebd5366b325a74f2060a9a59adbd1ba609ed61e49b7ddaefafbd2b73,2020-02,Norfolk Constabulary,Norfolk Constabulary,1.281070,52.605978,On or near Sports/Recreation Area,E01026820,Norwich 013E,Violence and sexual offences,Further action is not in the public interest,
785d2f54d58a0826cd9cc785a0a3f27fdd636e96da0463b1cbb2c8f264e24b4a,2020-02,Norfolk Constabulary,Norfolk Constabulary,1.281070,52.605978,On or near Sports/Recreation Area,E01026820,Norwich 013E,Violence and sexual offences,Unable to prosecute suspect,
6530e70f7048fdd51a3e240d73b13422048be02ce96bc798c13da838c03d04d3,2020-02,Norfolk Constabulary,Norfolk Constabulary,1.285650,52.608747,On or near Sports/Recreation Area,E01026820,Norwich 013E,Violence and sexual offences,Unable to prosecute suspect,
e7e4be7e1977251b8a20533e25dffc929b13b84973ddd54c17469b016d68c7d9,2020-02,Norfolk Constabulary,Norfolk Constabulary,1.281914,52.609165,On or near Maid Marian Road,E01026820,Norwich 013E,Violence and sexual offences,Unable to prosecute suspect,
dd87da10e51b30a8f278c91ce2210ad9e5affd636676a88581864f98e06f26d7,2020-02,Norfolk Constabulary,Norfolk Constabulary,1.281070,52.605978,On or near Sports/Recreation Area,E01026820,Norwich 013E,Other crime,Unable to prosecute suspect,
4888911500d651eb634f0cd6481635827978c0fe049009360dcee1604507f2aa,2020-02,Norfolk Constabulary,Norfolk Constabulary,1.279011,52.599380,On or near Oldhall Road,E01026821,Norwich 013F,Burglary,Investigation complete; no suspect identified,
5aea282072ef80fb34c95f1f29599b86cf532b284bab5c511a3554e0181cb738,2020-02,Norfolk Constabulary,Norfolk Constabulary,1.279011,52.599380,On or near Oldhall Road,E01026821,Norwich 013F,Burglary,Unable to prosecute suspect,
4104d5b7ebc1428370fdab3ac41e5c29354468b4cc2c5e29ceeea73572726703,2020-02,Norfolk Constabulary,Norfolk Constabulary,1.292502,52.602998,On or near Theobald Road,E01026821,Norwich 013F,Criminal damage and arson,Investigation complete; no suspect identified,
f15ca080d8209eb69d393cdc8b3cbc9e071c0b7180dc98552964247c326c24c4,2020-02,Norfolk Constabulary,Norfolk Constabulary,1.289628,52.601513,On or near Sports/Recreation Area,E01026821,Norwich 013F,Criminal damage and arson,Unable to prosecute suspect,
ff54442f6767a3c44263fd71dbf00a442d994787e4c3ac551869eaa641b9911b,2020-02,Norfolk Constabulary,Norfolk Constabulary,1.279736,52.603551,On or near Watkin Road,E01026821,Norwich 013F,Other theft,Investigation complete; no suspect identified,
1b07d49b3e05812bf5fde169ec9b02744f1d8f8b205e73c887a5baa39fddf849,2020-02,Norfolk Constabulary,Norfolk Constabulary,1.280312,52.601970,On or near Kirklees,E01026821,Norwich 013F,Public order,Unable to prosecute suspect,
f3ca3bcd71165f136f70d45d7b9aa4fb5b314a9a2c6c33e6a8ff4ff79efada1b,2020-02,Norfolk Constabulary,Norfolk Constabulary,1.279011,52.599380,On or near Oldhall Road,E01026821,Norwich 013F,Shoplifting,Awaiting court outcome,
87ccaf4e36a8e4ea476eb05a5298fa16fcb35fc35095e627c2be5f8248f453be,2020-02,Norfolk Constabulary,Norfolk Constabulary,1.280312,52.601970,On or near Kirklees,E01026821,Norwich 013F,Vehicle crime,Investigation complete; no suspect identified,
b270744d025200ced6d17028454ba0bb6d668ab59de79d97d025b4826edb7259,2020-02,Norfolk Constabulary,Norfolk Constabulary,1.294708,52.605626,On or near Sandy Lane,E01026821,Norwich 013F,Violence and sexual offences,Unable to prosecute suspect,
164ac3fcc69fe9009e2360912c1fb134609426c84162494378e3a969be79f0cf,2020-02,Norfolk Constabulary,Norfolk Constabulary,1.289628,52.601513,On or near Sports/Recreation Area,E01026821,Norwich 013F,Violence and sexual offences,Unable to prosecute suspect,
5b4a43467e26578613eb612fbbda3d651dd253edd7e2a58b72589df5b8c5f4b5,2020-02,Norfolk Constabulary,Norfolk Constabulary,1.280312,52.601970,On or near Kirklees,E01026821,Norwich 013F,Violence and sexual offences,Unable to prosecute suspect,
9b74dd7ba1d17e34921714f5f08fbc6e2fd2b8e6421ce890d714231ce3df32c1,2020-02,Norfolk Constabulary,Norfolk Constabulary,1.292543,52.605515,On or near Sports/Recreation Area,E01026821,Norwich 013F,Violence and sexual offences,Status update unavailable,
,2020-02,Norfolk Constabulary,Norfolk Constabulary,1.307733,52.630040,On or near Riverside Road,E01033438,Norwich 014A,Anti-social behaviour,,
,2020-02,Norfolk Constabulary,Norfolk Constabulary,1.310472,52.632257,On or near William Kett Close,E01033438,Norwich 014A,Anti-social behaviour,,
,2020-02,Norfolk Constabulary,Norfolk Constabulary,1.303065,52.628516,On or near Nightclub,E01033438,Norwich 014A,Anti-social behaviour,,
,2020-02,Norfolk Constabulary,Norfolk Constabulary,1.302641,52.628968,On or near Prince Of Wales Road,E01033438,Norwich 014A,Anti-social behaviour,,
,2020-02,Norfolk Constabulary,Norfolk Constabulary,1.310472,52.632257,On or near William Kett Close,E01033438,Norwich 014A,Anti-social behaviour,,
,2020-02,Norfolk Constabulary,Norfolk Constabulary,1.310472,52.632257,On or near William Kett Close,E01033438,Norwich 014A,Anti-social behaviour,,
,2020-02,Norfolk Constabulary,Norfolk Constabulary,1.298836,52.629857,On or near Upper King Street,E01033438,Norwich 014A,Anti-social behaviour,,
,2020-02,Norfolk Constabulary,Norfolk Constabulary,1.302641,52.628968,On or near Prince Of Wales Road,E01033438,Norwich 014A,Anti-social behaviour,,
,2020-02,Norfolk Constabulary,Norfolk Constabulary,1.302828,52.629485,On or near Cathedral Street,E01033438,Norwich 014A,Anti-social behaviour,,
,2020-02,Norfolk Constabulary,Norfolk Constabulary,1.305884,52.627871,On or near Prince Of Wales Road,E01033438,Norwich 014A,Anti-social behaviour,,
,2020-02,Norfolk Constabulary,Norfolk Constabulary,1.301488,52.633677,On or near St Martin-At-Palace Plain,E01033438,Norwich 014A,Anti-social behaviour,,
,2020-02,Norfolk Constabulary,Norfolk Constabulary,1.302641,52.628968,On or near Prince Of Wales Road,E01033438,Norwich 014A,Anti-social behaviour,,
,2020-02,Norfolk Constabulary,Norfolk Constabulary,1.310472,52.632257,On or near William Kett Close,E01033438,Norwich 014A,Anti-social behaviour,,
,2020-02,Norfolk Constabulary,Norfolk Constabulary,1.298836,52.629857,On or near Upper King Street,E01033438,Norwich 014A,Anti-social behaviour,,
,2020-02,Norfolk Constabulary,Norfolk Constabulary,1.310472,52.632257,On or near William Kett Close,E01033438,Norwich 014A,Anti-social behaviour,,
,2020-02,Norfolk Constabulary,Norfolk Constabulary,1.301488,52.633677,On or near St Martin-At-Palace Plain,E01033438,Norwich 014A,Anti-social behaviour,,
,2020-02,Norfolk Constabulary,Norfolk Constabulary,1.304699,52.628623,On or near Parking Area,E01033438,Norwich 014A,Anti-social behaviour,,
,2020-02,Norfolk Constabulary,Norfolk Constabulary,1.304699,52.628623,On or near Parking Area,E01033438,Norwich 014A,Anti-social behaviour,,
,2020-02,Norfolk Constabulary,Norfolk Constabulary,1.309501,52.633301,On or near Bishop Bridge Road,E01033438,Norwich 014A,Anti-social behaviour,,
725abd2c718ef0995c5a6898d9eb404fb7ae4835037d8c125704048e71cb7d06,2020-02,Norfolk Constabulary,Norfolk Constabulary,1.308681,52.630661,On or near Lollards Road,E01033438,Norwich 014A,Bicycle theft,Investigation complete; no suspect identified,
f3f54677c8c4543c05f575cf7dea3aab912adf967c6254b3d62359de026a2772,2020-02,Norfolk Constabulary,Norfolk Constabulary,1.303437,52.630502,On or near Horsefair Loke,E01033438,Norwich 014A,Bicycle theft,Investigation complete; no suspect identified,
50a2c3a4ccb829b38a4bff8b7dabd0c8b1e1bed6b39a4b6c33112fb32ae60c5e,2020-02,Norfolk Constabulary,Norfolk Constabulary,1.308681,52.630661,On or near Lollards Road,E01033438,Norwich 014A,Burglary,Investigation complete; no suspect identified,
46e3a4c1aa6273127558d6ee0121daa3336bccfa9f5e12e2acf2545ace38c36a,2020-02,Norfolk Constabulary,Norfolk Constabulary,1.297269,52.631034,On or near Princes Street,E01033438,Norwich 014A,Burglary,Court result unavailable,
4f0295bf42a697bc661fdbb72698edfdde0c7fb0e8af67be4e30e22ef5123f90,2020-02,Norfolk Constabulary,Norfolk Constabulary,1.305884,52.627871,On or near Prince Of Wales Road,E01033438,Norwich 014A,Criminal damage and arson,Investigation complete; no suspect identified,
9be7567efe565deb88c78b27e4ae44af725029bcb20a5a68444a0d7bcb7d1c45,2020-02,Norfolk Constabulary,Norfolk Constabulary,1.298836,52.629857,On or near Upper King Street,E01033438,Norwich 014A,Criminal damage and arson,Investigation complete; no suspect identified,
d94a4b64b72fd4d4bc9b9128199907382a734c3218e031c48a336e360c88996c,2020-02,Norfolk Constabulary,Norfolk Constabulary,1.301488,52.633677,On or near St Martin-At-Palace Plain,E01033438,Norwich 014A,Criminal damage and arson,Court result unavailable,
716f282f809f1ca210fffca1caca7ade02622c7e302714eca8427da32ca187f8,2020-02,Norfolk Constabulary,Norfolk Constabulary,1.301488,52.633677,On or near St Martin-At-Palace Plain,E01033438,Norwich 014A,Criminal damage and arson,Court result unavailable,
f3356d70ead278fe16903dd8fc870d9a21f0eed4f58d6c14b132d9a92c53076a,2020-02,Norfolk Constabulary,Norfolk Constabulary,1.309501,52.633301,On or near Bishop Bridge Road,E01033438,Norwich 014A,Criminal damage and arson,Unable to prosecute suspect,
07fb465ad4c627856e5a182643ea51e1200308b217cb5b96e8eb18b4ac39ff0a,2020-02,Norfolk Constabulary,Norfolk Constabulary,1.305884,52.627871,On or near Prince Of Wales Road,E01033438,Norwich 014A,Criminal damage and arson,Investigation complete; no suspect identified,
a26282c7c7854ad10e0f9053a37303667bcf4cbb4ab7034edb9d35b27f0227aa,2020-02,Norfolk Constabulary,Norfolk Constabulary,1.298836,52.629857,On or near Upper King Street,E01033438,Norwich 014A,Criminal damage and arson,Unable to prosecute suspect,
9e861ecd12c9e1dcaea3557125659ca8ad532544a4040842cb68167f7dcc87a6,2020-02,Norfolk Constabulary,Norfolk Constabulary,1.302641,52.628968,On or near Prince Of Wales Road,E01033438,Norwich 014A,Criminal damage and arson,Court result unavailable,
37fb16bdbb2ef7da4e1f7881228d9f763d444bec6e6fd52a5551c3ab70b2fe11,2020-02,Norfolk Constabulary,Norfolk Constabulary,1.298566,52.629613,On or near Nightclub,E01033438,Norwich 014A,Drugs,Formal action is not in the public interest,
2217335281106f337fae06f3b9c43a29dda201947277cc1cc6290190ec3b6bad,2020-02,Norfolk Constabulary,Norfolk Constabulary,1.298422,52.629266,On or near Agricultural Hall Plain,E01033438,Norwich 014A,Drugs,Court result unavailable,
7f5a07f8ecce0586a4a82d7ae8cead4cc44995e302a2f38a2eb0c1deb026e0c7,2020-02,Norfolk Constabulary,Norfolk Constabulary,1.296991,52.631671,On or near Elm Hill,E01033438,Norwich 014A,Other theft,Investigation complete; no suspect identified,
d73945a416941412ec5d364c68f4b8aad7a7cb99cd5ed33b15c549b1b663649d,2020-02,Norfolk Constabulary,Norfolk Constabulary,1.298836,52.629857,On or near Upper King Street,E01033438,Norwich 014A,Other theft,Unable to prosecute suspect,
e19aa8ddf73f44884029a61238685bbf6e5722d6ede069306f14f7b95f1f1616,2020-02,Norfolk Constabulary,Norfolk Constabulary,1.305884,52.627871,On or near Prince Of Wales Road,E01033438,Norwich 014A,Other theft,Investigation complete; no suspect identified,
16930fcac1ffee4b4b7f369b4301d778407c4024a3a00a962f058b04be9ec819,2020-02,Norfolk Constabulary,Norfolk Constabulary,1.302641,52.628968,On or near Prince Of Wales Road,E01033438,Norwich 014A,Other theft,Investigation complete; no suspect identified,
4f1299a92a10b8efdcf658c14afbeb8f64ea1f8edf53ee936f897da8a6c5eaf0,2020-02,Norfolk Constabulary,Norfolk Constabulary,1.303065,52.628516,On or near Nightclub,E01033438,Norwich 014A,Other theft,Unable to prosecute suspect,
3c54044b628e919998f8331a871643a5f2fc8e224a1f07961374338fe827b4e8,2020-02,Norfolk Constabulary,Norfolk Constabulary,1.298836,52.629857,On or near Upper King Street,E01033438,Norwich 014A,Other theft,Investigation complete; no suspect identified,
4425b8c4a94725a004ab3847b41a9b613c291fd2e70d980baf2248b766d6ae5e,2020-02,Norfolk Constabulary,Norfolk Constabulary,1.298836,52.629857,On or near Upper King Street,E01033438,Norwich 014A,Other theft,Court result unavailable,
f293583362719efaa46128825c2fa3d48536b1176abae3dc4d7b030b511ca676,2020-02,Norfolk Constabulary,Norfolk Constabulary,1.298836,52.629857,On or near Upper King Street,E01033438,Norwich 014A,Other theft,Unable to prosecute suspect,
9f4299bb0e3bdb5abafbdeae2337be11caaf38b6992f63a86c2dd7763b3e4546,2020-02,Norfolk Constabulary,Norfolk Constabulary,1.302641,52.628968,On or near Prince Of Wales Road,E01033438,Norwich 014A,Other theft,Investigation complete; no suspect identified,
72887e8e7a4bac0edd148ec1dc45bf8da602c932734e83fe59badb18647b2863,2020-02,Norfolk Constabulary,Norfolk Constabulary,1.300319,52.629726,On or near Nightclub,E01033438,Norwich 014A,Other theft,Investigation complete; no suspect identified,
4a8a6158312c22b9a520002c8382a1c86557d0b0a7bb55077f7c56789a0bc3b4,2020-02,Norfolk Constabulary,Norfolk Constabulary,1.298933,52.631149,On or near Tombland,E01033438,Norwich 014A,Possession of weapons,Court result unavailable,
cddff10ca4048bc2b97d2b79781dd6346bc3f7ebfa2c69b575c122f940e14ce9,2020-02,Norfolk Constabulary,Norfolk Constabulary,1.303065,52.628516,On or near Nightclub,E01033438,Norwich 014A,Possession of weapons,Awaiting court outcome,
4699f275f477a34f1123e413da38e09132422fd52e174d2cb59591009f07162c,2020-02,Norfolk Constabulary,Norfolk Constabulary,1.301488,52.633677,On or near St Martin-At-Palace Plain,E01033438,Norwich 014A,Possession of weapons,Unable to prosecute suspect,
797674a31a65d981fcdd99a8f5f8db17aee09f2838e3ff7fa06ccffa3dfe61ef,2020-02,Norfolk Constabulary,Norfolk Constabulary,1.305337,52.632571,On or near Bishopgate,E01033438,Norwich 014A,Public order,Investigation complete; no suspect identified,
a83c393b1dc07f34033eacc499916bf02759329c99cadb8f7fa9fb7149694670,2020-02,Norfolk Constabulary,Norfolk Constabulary,1.297848,52.632250,On or near Wensum Street,E01033438,Norwich 014A,Public order,Unable to prosecute suspect,
76ab52a4f5821f00b8fbbd757b81d9c3910847eb0db48b17245eee3c416fa84c,2020-02,Norfolk Constabulary,Norfolk Constabulary,1.305884,52.627871,On or near Prince Of Wales Road,E01033438,Norwich 014A,Public order,Unable to prosecute suspect,
753573b9bf43c2884b21776296fed567cd9e060a7d45bd79fa3e028a4f74649d,2020-02,Norfolk Constabulary,Norfolk Constabulary,1.303065,52.628516,On or near Nightclub,E01033438,Norwich 014A,Public order,Court result unavailable,
2c847abf6f188469b2a5001780d46365a5f4a15ca28c3b70be157c370881808e,2020-02,Norfolk Constabulary,Norfolk Constabulary,1.301948,52.628790,On or near St Vedast Street,E01033438,Norwich 014A,Public order,Unable to prosecute suspect,
252e77ede67a48a3bee1250fa24c7316bb1470a60ac5cf7b889233b0d1d4237b,2020-02,Norfolk Constabulary,Norfolk Constabulary,1.302641,52.628968,On or near Prince Of Wales Road,E01033438,Norwich 014A,Public order,Offender given penalty notice,
a39b24f71541b05ac7c317b9ce61608d8f4670e7611e5f6d022f090e5762585f,2020-02,Norfolk Constabulary,Norfolk Constabulary,1.301557,52.629493,On or near Nightclub,E01033438,Norwich 014A,Public order,Unable to prosecute suspect,
c56b1c078c5d6c4c3c8a06e80ff0c1bc34df5c60b544a36ed0e1f17b9ff18987,2020-02,Norfolk Constabulary,Norfolk Constabulary,1.301283,52.629186,On or near Nightclub,E01033438,Norwich 014A,Public order,Offender given penalty notice,
cf64dd0d923bffca4828e3ecfccde1af675c7eb13f6f84dd002c01cda2b19079,2020-02,Norfolk Constabulary,Norfolk Constabulary,1.305884,52.627871,On or near Prince Of Wales Road,E01033438,Norwich 014A,Public order,Unable to prosecute suspect,
ea2861e1d0fdccf93a6eb805bc0ee192f2a00536dd5bc0717657fcf29e0f6a39,2020-02,Norfolk Constabulary,Norfolk Constabulary,1.310472,52.632257,On or near William Kett Close,E01033438,Norwich 014A,Public order,Unable to prosecute suspect,
7da680ea7f460d447f16a4d99f611e4ed5869211e343dab84bea9230974b2506,2020-02,Norfolk Constabulary,Norfolk Constabulary,1.298422,52.629266,On or near Agricultural Hall Plain,E01033438,Norwich 014A,Public order,Court result unavailable,
6074c2a98a6910e60d41db13b6b2688a90c2c7f37f7d2acf1b02a7b8720b59ac,2020-02,Norfolk Constabulary,Norfolk Constabulary,1.298897,52.628317,On or near Crown Road,E01033438,Norwich 014A,Public order,Awaiting court outcome,
dca9f000fe5b04955bc145dcdbc6fbd557198d80a4a7a5ba09bc385016c4f8db,2020-02,Norfolk Constabulary,Norfolk Constabulary,1.306156,52.629320,On or near Lovelstaithe,E01033438,Norwich 014A,Public order,Unable to prosecute suspect,
d5604c4728d2b6737be8aabfebe2c29f9885c19547aefae1f9afe620b0ce7012,2020-02,Norfolk Constabulary,Norfolk Constabulary,1.305884,52.627871,On or near Prince Of Wales Road,E01033438,Norwich 014A,Public order,Unable to prosecute suspect,
2e3029c1b69e24c45d357f0f9c4569465645c29bec05f2c009922e25fe61b12f,2020-02,Norfolk Constabulary,Norfolk Constabulary,1.302641,52.628968,On or near Prince Of Wales Road,E01033438,Norwich 014A,Public order,Investigation complete; no suspect identified,
08b8c0959fd871684ccabfbe64182627dc5b548c13cae44360871526ca34807e,2020-02,Norfolk Constabulary,Norfolk Constabulary,1.297665,52.631580,On or near Waggon And Horses Lane,E01033438,Norwich 014A,Robbery,Unable to prosecute suspect,
a14107226d14337a784fd2a3ff7ccd03b2b7f45c9fc33c40f2077fa5de5cd6b0,2020-02,Norfolk Constabulary,Norfolk Constabulary,1.301557,52.629493,On or near Nightclub,E01033438,Norwich 014A,Theft from the person,Investigation complete; no suspect identified,
addfb321033913e381a8117b5bfdcf7f0ba7fd0ab18f07ee5113774c7cb98dee,2020-02,Norfolk Constabulary,Norfolk Constabulary,1.301557,52.629493,On or near Nightclub,E01033438,Norwich 014A,Theft from the person,Unable to prosecute suspect,
ac6ec7baad994e0dffdb6fc8e3a3e31686621c6dad8ad70a96449768edca2bf1,2020-02,Norfolk Constabulary,Norfolk Constabulary,1.296497,52.631379,On or near The Monastery,E01033438,Norwich 014A,Vehicle crime,Investigation complete; no suspect identified,
b7541ab4d99381e9a4664d8ac6f7d22d0bb65b763c5dcd6b49c8f564a8a0a615,2020-02,Norfolk Constabulary,Norfolk Constabulary,1.303543,52.631326,On or near Hook'S Walk,E01033438,Norwich 014A,Vehicle crime,Investigation complete; no suspect identified,
f0ced5b018cd72b010496060bb6f838a73a1515819b1323cd490b0afb3623854,2020-02,Norfolk Constabulary,Norfolk Constabulary,1.296497,52.631379,On or near The Monastery,E01033438,Norwich 014A,Vehicle crime,Unable to prosecute suspect,
41bd1e2f72c1cd70c9570e373bfa46cd6fac6a258f4c587625e6f55d87c600a3,2020-02,Norfolk Constabulary,Norfolk Constabulary,1.308932,52.629089,On or near Rosary Road,E01033438,Norwich 014A,Vehicle crime,Investigation complete; no suspect identified,
4c1aa42aa71b808029f2a8472e45d02cf25f90e4f03873c033a42682dce9b9f4,2020-02,Norfolk Constabulary,Norfolk Constabulary,1.309501,52.633301,On or near Bishop Bridge Road,E01033438,Norwich 014A,Violence and sexual offences,Investigation complete; no suspect identified,
a888fd85987989f3b448bb9c33291a7d88169df424e4d426ac0b7b1651229921,2020-02,Norfolk Constabulary,Norfolk Constabulary,1.298566,52.629613,On or near Nightclub,E01033438,Norwich 014A,Violence and sexual offences,Court result unavailable,
229194cca7e2e52486f5b5132bcaa570d84249e9ffc18eb461a852a984034ae3,2020-02,Norfolk Constabulary,Norfolk Constabulary,1.300319,52.629726,On or near Nightclub,E01033438,Norwich 014A,Violence and sexual offences,Unable to prosecute suspect,
d2f0a1ec4285a082e019b31c687c702216a0790ae05f81f05ad9369b71f160a0,2020-02,Norfolk Constabulary,Norfolk Constabulary,1.301283,52.629186,On or near Nightclub,E01033438,Norwich 014A,Violence and sexual offences,Unable to prosecute suspect,
2c9c204b53771ed417b5341b212962195f95f0e25e6d3cdeed3e1903ffc742ed,2020-02,Norfolk Constabulary,Norfolk Constabulary,1.301948,52.628790,On or near St Vedast Street,E01033438,Norwich 014A,Violence and sexual offences,Offender given a caution,
edc3b761a455a2034a4efc9dee36b2c058c0fc6219555af2d80b3819f99870f9,2020-02,Norfolk Constabulary,Norfolk Constabulary,1.303065,52.628516,On or near Nightclub,E01033438,Norwich 014A,Violence and sexual offences,Unable to prosecute suspect,
a255847b52b8c2ea4911a9970bd6098ed5e5e54b06c8cfe607ff2942adee2a90,2020-02,Norfolk Constabulary,Norfolk Constabulary,1.300319,52.629726,On or near Nightclub,E01033438,Norwich 014A,Violence and sexual offences,Offender given a caution,
eeb0b0af47ee135828367faee85682f167faa48b28aaf63cf5a60b781031429a,2020-02,Norfolk Constabulary,Norfolk Constabulary,1.301557,52.629493,On or near Nightclub,E01033438,Norwich 014A,Violence and sexual offences,Unable to prosecute suspect,
8b8a745ec8f4f9916a1d2a12d92108b8f79be06bae14563a0631dc9aae18f1af,2020-02,Norfolk Constabulary,Norfolk Constabulary,1.309501,52.633301,On or near Bishop Bridge Road,E01033438,Norwich 014A,Violence and sexual offences,Court result unavailable,
73f4158d959396be2cc73fd045df64d6796ec95e71054ff95aded6c67eb9cb43,2020-02,Norfolk Constabulary,Norfolk Constabulary,1.301557,52.629493,On or near Nightclub,E01033438,Norwich 014A,Violence and sexual offences,Unable to prosecute suspect,
8942f6a529218120a2a4a16a6312c327c09e1d3ddfd704fba8af9b3802dd668c,2020-02,Norfolk Constabulary,Norfolk Constabulary,1.298566,52.629613,On or near Nightclub,E01033438,Norwich 014A,Violence and sexual offences,Status update unavailable,
99fe5846666457ed1f2e34a6e766999bd37e37c6efbd711655cb577b035f4aee,2020-02,Norfolk Constabulary,Norfolk Constabulary,1.301283,52.629186,On or near Nightclub,E01033438,Norwich 014A,Violence and sexual offences,Unable to prosecute suspect,
b5cdde58e24c63ba63cdff90866ec3a4b35df6dfdb126c027d7a57920a7b0831,2020-02,Norfolk Constabulary,Norfolk Constabulary,1.303065,52.628516,On or near Nightclub,E01033438,Norwich 014A,Violence and sexual offences,Unable to prosecute suspect,
35415eddbaf71faa6ed51c15e1241f71f11a97634c4316217a481d6ed9f5625c,2020-02,Norfolk Constabulary,Norfolk Constabulary,1.301557,52.629493,On or near Nightclub,E01033438,Norwich 014A,Violence and sexual offences,Unable to prosecute suspect,
6d6fb4259e10a710f72bc5f5f47b04309c92a9cc1f8f327e0454e34ce0c0a157,2020-02,Norfolk Constabulary,Norfolk Constabulary,1.297848,52.632250,On or near Wensum Street,E01033438,Norwich 014A,Violence and sexual offences,Awaiting court outcome,
b37479bb60dbe10b7ab40721eaed05a84582264755920f5ef0bd163945e6ef16,2020-02,Norfolk Constabulary,Norfolk Constabulary,1.309501,52.633301,On or near Bishop Bridge Road,E01033438,Norwich 014A,Violence and sexual offences,Action to be taken by another organisation,
c1e33342b18c069465a4407369791eca44b463936a79ad8558addce483b5f836,2020-02,Norfolk Constabulary,Norfolk Constabulary,1.305884,52.627871,On or near Prince Of Wales Road,E01033438,Norwich 014A,Violence and sexual offences,Status update unavailable,
7a902600a50e7448f552f247f30a6b8230ba327710dfe6705cbfc10cd3b81b1d,2020-02,Norfolk Constabulary,Norfolk Constabulary,1.298566,52.629613,On or near Nightclub,E01033438,Norwich 014A,Violence and sexual offences,Unable to prosecute suspect,
fa9a13b7611cf6d19b47b1528e3bb22320feaf05df01db4c5f61543c22d7fb4c,2020-02,Norfolk Constabulary,Norfolk Constabulary,1.305884,52.627871,On or near Prince Of Wales Road,E01033438,Norwich 014A,Violence and sexual offences,Unable to prosecute suspect,
8c34f13a485b8df8f9177e431d69f87463159cd76d32d2aee5c6a1123043da63,2020-02,Norfolk Constabulary,Norfolk Constabulary,1.298422,52.629266,On or near Agricultural Hall Plain,E01033438,Norwich 014A,Violence and sexual offences,Status update unavailable,
1b1304f6b2f3228d55e19cbb79348453469231dc10c83a8d01bf8f6dae962bde,2020-02,Norfolk Constabulary,Norfolk Constabulary,1.303065,52.628516,On or near Nightclub,E01033438,Norwich 014A,Violence and sexual offences,Investigation complete; no suspect identified,
aeee480f8384a9f1e7d0bfbc7d11c94c387e88b310fb91a8a7d53fe475d8e5d5,2020-02,Norfolk Constabulary,Norfolk Constabulary,1.303065,52.628516,On or near Nightclub,E01033438,Norwich 014A,Violence and sexual offences,Offender given a caution,
339a3ceda543f0809b37a4a8ae8e5fbb01e13d34426e56fdc80bd912eb2684af,2020-02,Norfolk Constabulary,Norfolk Constabulary,1.309501,52.633301,On or near Bishop Bridge Road,E01033438,Norwich 014A,Violence and sexual offences,Court result unavailable,
8c0b7f88e44e8db32bc5add2f48355b01cab768ac2f634613ac53630dc2d3564,2020-02,Norfolk Constabulary,Norfolk Constabulary,1.301283,52.629186,On or near Nightclub,E01033438,Norwich 014A,Violence and sexual offences,Investigation complete; no suspect identified,
8e1445e2a45aa3be464eb4cca5aa3b53359e1ae759b0afe87698f549ba7db73d,2020-02,Norfolk Constabulary,Norfolk Constabulary,1.302828,52.629485,On or near Cathedral Street,E01033438,Norwich 014A,Violence and sexual offences,Unable to prosecute suspect,
d984adc64786b7949039dc76f57d7ca6f59384658d21201cf071dfcb3f9f9c35,2020-02,Norfolk Constabulary,Norfolk Constabulary,1.308188,52.630198,On or near Ferry Road,E01033438,Norwich 014A,Violence and sexual offences,Unable to prosecute suspect,
0409ef790665e4b9c65b18e8974d034f7f9db7885647d9db2997fe93ec051a61,2020-02,Norfolk Constabulary,Norfolk Constabulary,1.300319,52.629726,On or near Nightclub,E01033438,Norwich 014A,Violence and sexual offences,Unable to prosecute suspect,
754e708166e0753238d04e0b96a903b26fffaaba360acf1850d4460c792dd4b8,2020-02,Norfolk Constabulary,Norfolk Constabulary,1.301283,52.629186,On or near Nightclub,E01033438,Norwich 014A,Violence and sexual offences,Unable to prosecute suspect,
c36a25d978927bc4d6ac3fce65383f3db1fea7180d1fa9b1df5b51e92cd38cb0,2020-02,Norfolk Constabulary,Norfolk Constabulary,1.301948,52.628790,On or near St Vedast Street,E01033438,Norwich 014A,Violence and sexual offences,Investigation complete; no suspect identified,
30d838cf8ded184dbc30dfd9151b4adc1a8d7532d4b02f5fd3aade2f1047777f,2020-02,Norfolk Constabulary,Norfolk Constabulary,1.301557,52.629493,On or near Nightclub,E01033438,Norwich 014A,Violence and sexual offences,Awaiting court outcome,
81b3bf5bdd53dbaa5f2fa519bc114605058c6bc9debdff4422e3eeb1206d05b6,2020-02,Norfolk Constabulary,Norfolk Constabulary,1.302641,52.628968,On or near Prince Of Wales Road,E01033438,Norwich 014A,Violence and sexual offences,Unable to prosecute suspect,
7ba7b2394f69458d2ff9cd9a83fef83cbf09021e94d9905ceadb6488531e475d,2020-02,Norfolk Constabulary,Norfolk Constabulary,1.300319,52.629726,On or near Nightclub,E01033438,Norwich 014A,Violence and sexual offences,Investigation complete; no suspect identified,
d0cfea98f8dd9444a61a315c4fa6cbd74c523e13c17d3dcab099b58779730ef1,2020-02,Norfolk Constabulary,Norfolk Constabulary,1.298566,52.629613,On or near Nightclub,E01033438,Norwich 014A,Violence and sexual offences,Court result unavailable,
798b9c119afe7809eb3e4a8d49958ee2c7e91c6e7db3d0d6f6f9a86415409359,2020-02,Norfolk Constabulary,Norfolk Constabulary,1.303065,52.628516,On or near Nightclub,E01033438,Norwich 014A,Violence and sexual offences,Unable to prosecute suspect,
157b67016c404bc21c75379030ff8ac83255b8b86bc9fdb64440dafebd7e3cc5,2020-02,Norfolk Constabulary,Norfolk Constabulary,1.303065,52.628516,On or near Nightclub,E01033438,Norwich 014A,Violence and sexual offences,Unable to prosecute suspect,
e62fdf12f0871cd71b60c08ed9d5379b85bf34026efc9483e6b5af7c0cef5626,2020-02,Norfolk Constabulary,Norfolk Constabulary,1.303065,52.628516,On or near Nightclub,E01033438,Norwich 014A,Violence and sexual offences,Court result unavailable,
05caad565584f169bbfb95c65dc9795c9d6b7e4a94f3e5029a6fdeaf60b075a0,2020-02,Norfolk Constabulary,Norfolk Constabulary,1.310472,52.632257,On or near William Kett Close,E01033438,Norwich 014A,Violence and sexual offences,Unable to prosecute suspect,
71f5b2d9aa467392e48758b993d25fb470c33da15e25da016e655faac026558b,2020-02,Norfolk Constabulary,Norfolk Constabulary,1.298897,52.628317,On or near Crown Road,E01033438,Norwich 014A,Violence and sexual offences,Court result unavailable,
ea0dc7c0bfa509fca9b20b3856460dcf97984ab94f31e94c6866273e92e04355,2020-02,Norfolk Constabulary,Norfolk Constabulary,1.300319,52.629726,On or near Nightclub,E01033438,Norwich 014A,Violence and sexual offences,Offender given a caution,
711e1b54313a124d16bf9e0fc85f0c2e9a752521538a1fd160c34bc4c132840b,2020-02,Norfolk Constabulary,Norfolk Constabulary,1.300319,52.629726,On or near Nightclub,E01033438,Norwich 014A,Violence and sexual offences,Unable to prosecute suspect,
194f09429153d3359d74e530b9fad74ed6c07e71bb1db2ac3184a84d9cefe59c,2020-02,Norfolk Constabulary,Norfolk Constabulary,1.302641,52.628968,On or near Prince Of Wales Road,E01033438,Norwich 014A,Violence and sexual offences,Unable to prosecute suspect,
4ab03158c7e5ab82d3fff84548dedcd6ed7485126308f946d89316fd51c48691,2020-02,Norfolk Constabulary,Norfolk Constabulary,1.295913,52.630892,On or near Parking Area,E01033438,Norwich 014A,Violence and sexual offences,Awaiting court outcome,
09f8dd650a6abcb2176a01b7f82b07a4e2eab75d08d0d94ad99b8a52269edfdd,2020-02,Norfolk Constabulary,Norfolk Constabulary,1.301283,52.629186,On or near Nightclub,E01033438,Norwich 014A,Violence and sexual offences,Unable to prosecute suspect,
9c17dcf15176e52c37a32ff616decf7aaec3d5f21e60b2630a53b9861345b97c,2020-02,Norfolk Constabulary,Norfolk Constabulary,1.300319,52.629726,On or near Nightclub,E01033438,Norwich 014A,Violence and sexual offences,Unable to prosecute suspect,
5243baf99d15ca2e40de3488a9afec2e9baadfcdc20d078205755fc6b7968b78,2020-02,Norfolk Constabulary,Norfolk Constabulary,1.303065,52.628516,On or near Nightclub,E01033438,Norwich 014A,Violence and sexual offences,Court result unavailable,
7ce9979b55d533acff99b99faf4a0ad1786523e20952914d9d7c3e4ff863504e,2020-02,Norfolk Constabulary,Norfolk Constabulary,1.300319,52.629726,On or near Nightclub,E01033438,Norwich 014A,Violence and sexual offences,Unable to prosecute suspect,
25ffa8d7820eac4aa5cc2ec6d98cd775ab497231d8fa373b03e62a7edc3c0af1,2020-02,Norfolk Constabulary,Norfolk Constabulary,1.308188,52.630198,On or near Ferry Road,E01033438,Norwich 014A,Violence and sexual offences,Status update unavailable,
d6728e598e36a470588422e72d50b01fa0eee1ec708298714a02393a26fbaa16,2020-02,Norfolk Constabulary,Norfolk Constabulary,1.301557,52.629493,On or near Nightclub,E01033438,Norwich 014A,Violence and sexual offences,Local resolution,
d1eb468457372aaf083b8aee13c242a619bce21efc3cbf21aa68ba41ff9184fe,2020-02,Norfolk Constabulary,Norfolk Constabulary,1.309501,52.633301,On or near Bishop Bridge Road,E01033438,Norwich 014A,Violence and sexual offences,Court result unavailable,
b996e146ece229de98396046f5b7471dd214d47889761745292f2b8abb43b2c5,2020-02,Norfolk Constabulary,Norfolk Constabulary,1.301283,52.629186,On or near Nightclub,E01033438,Norwich 014A,Violence and sexual offences,Unable to prosecute suspect,
e36cabbb8ef6bec41ed3424599aa7302f2aef0afaf9068d0b4887a686ed54a4e,2020-02,Norfolk Constabulary,Norfolk Constabulary,1.300319,52.629726,On or near Nightclub,E01033438,Norwich 014A,Violence and sexual offences,Unable to prosecute suspect,
0a7798a437e51c8b00eb119ed0b2bfc463de2de880e510b0740049885cb877bf,2020-02,Norfolk Constabulary,Norfolk Constabulary,1.302828,52.629485,On or near Cathedral Street,E01033438,Norwich 014A,Violence and sexual offences,Unable to prosecute suspect,
d3db11d5899b02e727e56b18fd213d5c402b4ca94c34f4ecf85db21b77da6943,2020-02,Norfolk Constabulary,Norfolk Constabulary,1.298422,52.629266,On or near Agricultural Hall Plain,E01033438,Norwich 014A,Violence and sexual offences,Unable to prosecute suspect,
b8c16d22b4f086cbf30fde01cfc8e54b291dcaeb687ce1982813869d8122d392,2020-02,Norfolk Constabulary,Norfolk Constabulary,1.304699,52.628623,On or near Parking Area,E01033438,Norwich 014A,Violence and sexual offences,Unable to prosecute suspect,
911a38a0f6af2eb99db901db9614387f428669f9d8295496b3afb9a005d07321,2020-02,Norfolk Constabulary,Norfolk Constabulary,1.303065,52.628516,On or near Nightclub,E01033438,Norwich 014A,Violence and sexual offences,Investigation complete; no suspect identified,
9eb8480d16f958362a815a208211cdd0708ee26472fa95bb202120a75479f081,2020-02,Norfolk Constabulary,Norfolk Constabulary,1.301557,52.629493,On or near Nightclub,E01033438,Norwich 014A,Violence and sexual offences,Offender given a caution,
8203d1eeaba56798a293d5f2aa51634324bdf9c4704fd5a387411f09f4fb659f,2020-02,Norfolk Constabulary,Norfolk Constabulary,1.300319,52.629726,On or near Nightclub,E01033438,Norwich 014A,Violence and sexual offences,Unable to prosecute suspect,
47ffa43d18e8f09e073fd49e1d3a929e500ec48b054bddd90dfba8bc5b459075,2020-02,Norfolk Constabulary,Norfolk Constabulary,1.305884,52.627871,On or near Prince Of Wales Road,E01033438,Norwich 014A,Violence and sexual offences,Unable to prosecute suspect,
fc95872f7f06cc58224a601bf3314bf911068b6095dcee2103f1d60df298e729,2020-02,Norfolk Constabulary,Norfolk Constabulary,1.301948,52.628790,On or near St Vedast Street,E01033438,Norwich 014A,Violence and sexual offences,Unable to prosecute suspect,
0068b5c894f4b4bc41f0208a710e5400f72e71c894eb902f49492fdd2c65f864,2020-02,Norfolk Constabulary,Norfolk Constabulary,1.303065,52.628516,On or near Nightclub,E01033438,Norwich 014A,Violence and sexual offences,Investigation complete; no suspect identified,
3e8a5e4ef79d00a5b8c97f8b5196e535b2f1d95ea9ec3cc0004f54769390a163,2020-02,Norfolk Constabulary,Norfolk Constabulary,1.302641,52.628968,On or near Prince Of Wales Road,E01033438,Norwich 014A,Violence and sexual offences,Investigation complete; no suspect identified,
ddef87f525e3aac9fd748ac1d3888046097c54d8a7d9e8dc985371f24653ac9a,2020-02,Norfolk Constabulary,Norfolk Constabulary,1.308188,52.630198,On or near Ferry Road,E01033438,Norwich 014A,Violence and sexual offences,Unable to prosecute suspect,
4ed4db0eb0306adec62d0dc65f6d75da36c006b9fc457d0ba443ed86d3b2e59f,2020-02,Norfolk Constabulary,Norfolk Constabulary,1.301948,52.628790,On or near St Vedast Street,E01033438,Norwich 014A,Violence and sexual offences,Unable to prosecute suspect,
9ccad12f656bbda0aa1c9fec361d86b7a1ecb87b75baf039203964f343b39c3e,2020-02,Norfolk Constabulary,Norfolk Constabulary,1.299196,52.633067,On or near Joseph Lancaster Way,E01033438,Norwich 014A,Violence and sexual offences,Unable to prosecute suspect,
578c309499b70de25634d8802086f27341af689433ebe51aff78b363f72f8eb9,2020-02,Norfolk Constabulary,Norfolk Constabulary,1.303065,52.628516,On or near Nightclub,E01033438,Norwich 014A,Violence and sexual offences,Unable to prosecute suspect,
86149cb259b07a52415f6c497fa3fb9b44c59a271175f158e076efbccd0f2ce7,2020-02,Norfolk Constabulary,Norfolk Constabulary,1.302641,52.628968,On or near Prince Of Wales Road,E01033438,Norwich 014A,Other crime,Further investigation is not in the public interest,
36690b731434bcfdf602930823863e1bff024f36c343d155983dd5658b9edde9,2020-02,Norfolk Constabulary,Norfolk Constabulary,1.303065,52.628516,On or near Nightclub,E01033438,Norwich 014A,Other crime,Unable to prosecute suspect,
a1a5454654706cad7e140e7186cdb9ce7c88236401b3b414103bad9359587389,2020-02,Norfolk Constabulary,Norfolk Constabulary,1.301557,52.629493,On or near Nightclub,E01033438,Norwich 014A,Other crime,Unable to prosecute suspect,
1b28ed5b298fbb303b4bc458be7c6329910c5908ebdcaf17e98d8201fd1a4cfe,2020-02,Norfolk Constabulary,Norfolk Constabulary,1.302641,52.628968,On or near Prince Of Wales Road,E01033438,Norwich 014A,Other crime,Further investigation is not in the public interest,
1546f06a0b415ff4dce0ac508246c6ea62138837e5e41c38897e0c5aea4e64df,2020-02,Norfolk Constabulary,Norfolk Constabulary,1.303418,52.634172,On or near Parking Area,E01033438,Norwich 014A,Other crime,Awaiting court outcome,
,2020-02,Norfolk Constabulary,Norfolk Constabulary,1.302668,52.627951,On or near Theatre/Concert Hall,E01033439,Norwich 014B,Anti-social behaviour,,
,2020-02,Norfolk Constabulary,Norfolk Constabulary,1.302668,52.627951,On or near Theatre/Concert Hall,E01033439,Norwich 014B,Anti-social behaviour,,
,2020-02,Norfolk Constabulary,Norfolk Constabulary,1.312362,52.621870,On or near Kerrison Road,E01033439,Norwich 014B,Anti-social behaviour,,
,2020-02,Norfolk Constabulary,Norfolk Constabulary,1.302034,52.628563,On or near Rose Lane,E01033439,Norwich 014B,Anti-social behaviour,,
,2020-02,Norfolk Constabulary,Norfolk Constabulary,1.305482,52.626263,On or near Koblenz Avenue,E01033439,Norwich 014B,Anti-social behaviour,,
,2020-02,Norfolk Constabulary,Norfolk Constabulary,1.305482,52.626263,On or near Koblenz Avenue,E01033439,Norwich 014B,Anti-social behaviour,,
,2020-02,Norfolk Constabulary,Norfolk Constabulary,1.305482,52.626263,On or near Koblenz Avenue,E01033439,Norwich 014B,Anti-social behaviour,,
f81f018f334c4ea89346971a4bbfd4889a49fdce16d83fe9da72ce49e8ba8a87,2020-02,Norfolk Constabulary,Norfolk Constabulary,1.314456,52.624546,On or near Cedar Road,E01033439,Norwich 014B,Bicycle theft,Investigation complete; no suspect identified,
1925a37fc3d875db153db2c80cd82e0dead3a2a5043f6a8dd5c3f57d5c82a343,2020-02,Norfolk Constabulary,Norfolk Constabulary,1.312362,52.621870,On or near Kerrison Road,E01033439,Norwich 014B,Bicycle theft,Investigation complete; no suspect identified,
85561e12c02f0a2d439e9e8a22bf511b308b09a01b6e14c217bf59d83b7aeacd,2020-02,Norfolk Constabulary,Norfolk Constabulary,1.306464,52.627333,On or near Parking Area,E01033439,Norwich 014B,Burglary,Investigation complete; no suspect identified,
3387ff347975b9b39b5ffb8fdd79fd247d0989e4e285f74194db80bcd629a3f8,2020-02,Norfolk Constabulary,Norfolk Constabulary,1.307184,52.628257,On or near Aspland Road,E01033439,Norwich 014B,Criminal damage and arson,Unable to prosecute suspect,
70aeab6612600fad0546334ab2051b89d2d236bb3c2ace2a52ed3339d8345d1a,2020-02,Norfolk Constabulary,Norfolk Constabulary,1.302668,52.627951,On or near Theatre/Concert Hall,E01033439,Norwich 014B,Criminal damage and arson,Investigation complete; no suspect identified,
de17d8732a248a027bc81e7d1f1d019b14f526e9d28d70b415e6a88357a8f935,2020-02,Norfolk Constabulary,Norfolk Constabulary,1.302668,52.627951,On or near Theatre/Concert Hall,E01033439,Norwich 014B,Criminal damage and arson,Investigation complete; no suspect identified,
17f2b425b463a96807f3703ecf0fadce29c88230c4d55c288185e67570286dd1,2020-02,Norfolk Constabulary,Norfolk Constabulary,1.304757,52.628217,On or near Prince Of Wales Road,E01033439,Norwich 014B,Drugs,Court result unavailable,
f06601d1343a78d7be3e4f0232584289f753ba7bb5d2c698fa35a5c00b77678f,2020-02,Norfolk Constabulary,Norfolk Constabulary,1.306464,52.627333,On or near Parking Area,E01033439,Norwich 014B,Drugs,Offender given a drugs possession warning,
0c5e147b5ba0da57098167e75f420b433702415098eb635f484aa8462a1ca1da,2020-02,Norfolk Constabulary,Norfolk Constabulary,1.304757,52.628217,On or near Prince Of Wales Road,E01033439,Norwich 014B,Other theft,Investigation complete; no suspect identified,
534f5d48ffb74c54ccf27af76601c457069236a98c9e47ea782ebdb405479edf,2020-02,Norfolk Constabulary,Norfolk Constabulary,1.310667,52.628187,On or near Ella Road,E01033439,Norwich 014B,Other theft,Unable to prosecute suspect,
01d302b902d0ad80549eb0c5fbf7ab44a9adb7c9449ab08c0ac6c32ccfb60ede,2020-02,Norfolk Constabulary,Norfolk Constabulary,1.302668,52.627951,On or near Theatre/Concert Hall,E01033439,Norwich 014B,Public order,Unable to prosecute suspect,
1f446a05f7a3383523cae5900083ec02409fc3eb43ad094fe6c82f6eb12f559a,2020-02,Norfolk Constabulary,Norfolk Constabulary,1.302034,52.628563,On or near Rose Lane,E01033439,Norwich 014B,Public order,Formal action is not in the public interest,
b48e80d7148830b9dde8ff1a4d5f3b061c92168f5c939333dc110b3299fdda8e,2020-02,Norfolk Constabulary,Norfolk Constabulary,1.305482,52.626263,On or near Koblenz Avenue,E01033439,Norwich 014B,Public order,Unable to prosecute suspect,
f3075baf081825fcbc88c658f92267925bcde94d61718785f03be064f39cbafa,2020-02,Norfolk Constabulary,Norfolk Constabulary,1.308048,52.629132,On or near St Matthews Road,E01033439,Norwich 014B,Robbery,Status update unavailable,
9a39cf7f8fd8e89fe90465a140c6feec762230fefe93af72bc409f9462cd38b7,2020-02,Norfolk Constabulary,Norfolk Constabulary,1.305482,52.626263,On or near Koblenz Avenue,E01033439,Norwich 014B,Robbery,Unable to prosecute suspect,
20fb7c14fb35d6fdbc370146df48f415ec3993af06ce17b47833e4f86ec5de0b,2020-02,Norfolk Constabulary,Norfolk Constabulary,1.304757,52.628217,On or near Prince Of Wales Road,E01033439,Norwich 014B,Shoplifting,Court result unavailable,
684eb91bc0bbcef5ec1ecd2c7219b32aad08f90d8aeef7d3f75278d252960175,2020-02,Norfolk Constabulary,Norfolk Constabulary,1.302668,52.627951,On or near Theatre/Concert Hall,E01033439,Norwich 014B,Vehicle crime,Court result unavailable,
2d3f2a4f67357fa77a9be8d3c2f5a7ccd5f7c566f569de8302cd2963b3ed836a,2020-02,Norfolk Constabulary,Norfolk Constabulary,1.302668,52.627951,On or near Theatre/Concert Hall,E01033439,Norwich 014B,Vehicle crime,Investigation complete; no suspect identified,
68749ae2fcfe70194bb6f89c428acd63876b212747f84ea8e8e95d468410f008,2020-02,Norfolk Constabulary,Norfolk Constabulary,1.305263,52.625909,On or near Parking Area,E01033439,Norwich 014B,Vehicle crime,Investigation complete; no suspect identified,
aa6153077c481688b367a20c4321ef458bc60e2c993fe9c4bd1f65a82b05eb7e,2020-02,Norfolk Constabulary,Norfolk Constabulary,1.302668,52.627951,On or near Theatre/Concert Hall,E01033439,Norwich 014B,Vehicle crime,Unable to prosecute suspect,
61a2039f299fa6d2d18c125b51059e4e0b092de402c1a353d7b234b48f61f9ad,2020-02,Norfolk Constabulary,Norfolk Constabulary,1.302668,52.627951,On or near Theatre/Concert Hall,E01033439,Norwich 014B,Vehicle crime,Status update unavailable,
e5d4af5b2cd9e687d3e4c61c697e316fa339238e806d2bf88e153b19698820cb,2020-02,Norfolk Constabulary,Norfolk Constabulary,1.310667,52.628187,On or near Ella Road,E01033439,Norwich 014B,Violence and sexual offences,Unable to prosecute suspect,
1ed5f04b7dde30ca69d1eb3e4ddd3bd5a9fead29c906307da0b11fb0d2572638,2020-02,Norfolk Constabulary,Norfolk Constabulary,1.310667,52.628187,On or near Ella Road,E01033439,Norwich 014B,Violence and sexual offences,Investigation complete; no suspect identified,
53e877565fe8032b279d1be8ee5f12d7cbf4c5935ff072c2e984ac169aef29dd,2020-02,Norfolk Constabulary,Norfolk Constabulary,1.308647,52.627470,On or near Old Library Mews,E01033439,Norwich 014B,Violence and sexual offences,Unable to prosecute suspect,
e6664c9aa26f9f8069f163bc193807f67a41899d99fbeb24095a856c1a7de621,2020-02,Norfolk Constabulary,Norfolk Constabulary,1.307184,52.628257,On or near Aspland Road,E01033439,Norwich 014B,Violence and sexual offences,Awaiting court outcome,
a84367854e4d9a4872ed6df930ec87070b177c67f99441506d7a75090fa050f3,2020-02,Norfolk Constabulary,Norfolk Constabulary,1.304757,52.628217,On or near Prince Of Wales Road,E01033439,Norwich 014B,Violence and sexual offences,Unable to prosecute suspect,
2a7d54352191dddcd5b048a58bac1ca4238686f0da09fc27c88701d5570a8c72,2020-02,Norfolk Constabulary,Norfolk Constabulary,1.313635,52.624623,On or near Clarence Road,E01033439,Norwich 014B,Violence and sexual offences,Unable to prosecute suspect,
281a26b09a5dbe78f1dae7284521e931f6352e47e266a4e48dd4e256f1fe394f,2020-02,Norfolk Constabulary,Norfolk Constabulary,1.311186,52.626058,On or near Stracey Road,E01033439,Norwich 014B,Violence and sexual offences,Unable to prosecute suspect,
35a76f23004d7cf6713a29c02921d06a17ba761ee84f035d33e6f7c52369b720,2020-02,Norfolk Constabulary,Norfolk Constabulary,1.306464,52.627333,On or near Parking Area,E01033439,Norwich 014B,Violence and sexual offences,Investigation complete; no suspect identified,
032ee48646e50d9744ac1e974534f6b4d537d9b703f70964e9fe8ff1150e3a8b,2020-02,Norfolk Constabulary,Norfolk Constabulary,1.306464,52.627333,On or near Parking Area,E01033439,Norwich 014B,Violence and sexual offences,Investigation complete; no suspect identified,
fc01f384f964a9ff946b43fce3ffd3f57519e5f36745ea7a115fe838ab7ef56d,2020-02,Norfolk Constabulary,Norfolk Constabulary,1.306464,52.627333,On or near Parking Area,E01033439,Norwich 014B,Violence and sexual offences,Investigation complete; no suspect identified,
853e56a3f8f501e9396fbe3cd42199a971657373abb11be2e365e2c86e750b64,2020-02,Norfolk Constabulary,Norfolk Constabulary,1.306464,52.627333,On or near Parking Area,E01033439,Norwich 014B,Violence and sexual offences,Investigation complete; no suspect identified,
1e9f1d94fccbd5d22671a09685e817a475a42b9da13852c7e14b73aa6be1af0c,2020-02,Norfolk Constabulary,Norfolk Constabulary,1.304757,52.628217,On or near Prince Of Wales Road,E01033439,Norwich 014B,Violence and sexual offences,Unable to prosecute suspect,
95b7b5613ad075d951d5ec67dc59c03390a8c8977abe583c42611cd0d7e0ce8e,2020-02,Norfolk Constabulary,Norfolk Constabulary,1.305482,52.626263,On or near Koblenz Avenue,E01033439,Norwich 014B,Violence and sexual offences,Unable to prosecute suspect,
4501658ad11935cf8f9dc46fc5f7df5c051b6eed7a35f4ce4ee16e10b581dac2,2020-02,Norfolk Constabulary,Norfolk Constabulary,1.313682,52.621735,On or near Hardy Road,E01033439,Norwich 014B,Violence and sexual offences,Unable to prosecute suspect,
098ca88b31db0ff51cbb6549b21a5eac15a250cff5626a6255b53a9cba00512d,2020-02,Norfolk Constabulary,Norfolk Constabulary,1.304757,52.628217,On or near Prince Of Wales Road,E01033439,Norwich 014B,Violence and sexual offences,Investigation complete; no suspect identified,
3726c72396ab725347058b85f20f5062e2a1bc1ac02d300d56e3f29a0b3cd08e,2020-02,Norfolk Constabulary,Norfolk Constabulary,1.302034,52.628563,On or near Rose Lane,E01033439,Norwich 014B,Violence and sexual offences,Unable to prosecute suspect,
924f388f1494a8164ebb553d3659438fa6f93a9ca505c591d20ed57047e64f3a,2020-02,Norfolk Constabulary,Norfolk Constabulary,1.306464,52.627333,On or near Parking Area,E01033439,Norwich 014B,Violence and sexual offences,Unable to prosecute suspect,
0ba2bc880ba81a024de20f61e4e41ee44956b696ce2ee5b4c5e7583b21246e7c,2020-02,Norfolk Constabulary,Norfolk Constabulary,1.302034,52.628563,On or near Rose Lane,E01033439,Norwich 014B,Violence and sexual offences,Unable to prosecute suspect,
470a6ae4afed86abc31c025b39e75e2bdbc0b92a5293b62058d9ccc70fce7880,2020-02,Norfolk Constabulary,Norfolk Constabulary,1.313635,52.624623,On or near Clarence Road,E01033439,Norwich 014B,Other crime,Investigation complete; no suspect identified,
,2020-02,Norfolk Constabulary,Norfolk Constabulary,1.299419,52.626414,On or near Stepping Lane,E01033440,Norwich 014C,Anti-social behaviour,,
,2020-02,Norfolk Constabulary,Norfolk Constabulary,1.301390,52.627267,On or near St John Street,E01033440,Norwich 014C,Anti-social behaviour,,
bcbe30b748bbd055142d43746262c3f829383f7319d4281935024f72037eb121,2020-02,Norfolk Constabulary,Norfolk Constabulary,1.301375,52.625307,On or near King Street,E01033440,Norwich 014C,Bicycle theft,Investigation complete; no suspect identified,
3dcedf6af12327d88ae5f9aff09cd6c2b9e9b04115992767d90cff76f1f37a38,2020-02,Norfolk Constabulary,Norfolk Constabulary,1.300870,52.628613,On or near Maidstone Road,E01033440,Norwich 014C,Criminal damage and arson,Status update unavailable,
70572391c7586ea746399b295d2002119b961466aad7f2dc3d6df97aee5dbc25,2020-02,Norfolk Constabulary,Norfolk Constabulary,1.302458,52.627319,On or near Mountergate,E01033440,Norwich 014C,Criminal damage and arson,Status update unavailable,
a4b8f69dc45aea7642e658ce2ed1e1e9970098f9d7d2b448b960647b96367d83,2020-02,Norfolk Constabulary,Norfolk Constabulary,1.301230,52.624358,On or near Music House Lane,E01033440,Norwich 014C,Criminal damage and arson,Investigation complete; no suspect identified,
3c9308c783d416369750bdc3c427d5fab32f8c3e042499b0c4027ef9461601dc,2020-02,Norfolk Constabulary,Norfolk Constabulary,1.301230,52.624358,On or near Music House Lane,E01033440,Norwich 014C,Criminal damage and arson,Investigation complete; no suspect identified,
b1c3457a5a2491e66d59cd9c17ef26516050d575a943048b5185eed7fe86556a,2020-02,Norfolk Constabulary,Norfolk Constabulary,1.302458,52.627319,On or near Mountergate,E01033440,Norwich 014C,Criminal damage and arson,Investigation complete; no suspect identified,
6d1ed28a16dcfcf2481bff6d0dd534f4cd61f4e16b72735b33db149b420104ea,2020-02,Norfolk Constabulary,Norfolk Constabulary,1.298019,52.627451,On or near Cattle Market Street,E01033440,Norwich 014C,Drugs,Offender given a drugs possession warning,
5e989ab63eed055141cb787a255c49accd9d4d580c4034b1329ab44ece3edc25,2020-02,Norfolk Constabulary,Norfolk Constabulary,1.300870,52.628613,On or near Maidstone Road,E01033440,Norwich 014C,Drugs,Court result unavailable,
7a46d172d46faec7d58d57ead5675cd27a8fc49544cf6d1133cd099c6991270f,2020-02,Norfolk Constabulary,Norfolk Constabulary,1.301390,52.627267,On or near St John Street,E01033440,Norwich 014C,Drugs,Court result unavailable,
76501826f46b968325ecc0cb2285685e56df4e9c8aec5bd5929cb699c23fd1f1,2020-02,Norfolk Constabulary,Norfolk Constabulary,1.299419,52.626414,On or near Stepping Lane,E01033440,Norwich 014C,Drugs,Offender given a drugs possession warning,
b3c612a990c296350671dcd6b6029dfe674ac591f49fd379b07457ed7e768b78,2020-02,Norfolk Constabulary,Norfolk Constabulary,1.301390,52.627267,On or near St John Street,E01033440,Norwich 014C,Possession of weapons,Court result unavailable,
a96edb1b6f289e11b5d1290e6f48c40e4a7168542693bf9750e4b36825b6a97c,2020-02,Norfolk Constabulary,Norfolk Constabulary,1.301375,52.625307,On or near King Street,E01033440,Norwich 014C,Possession of weapons,Investigation complete; no suspect identified,
b31849908795fd3a3b6d6c9719b03520a5a257cb46b51fc8f8156dac0e6d978a,2020-02,Norfolk Constabulary,Norfolk Constabulary,1.301375,52.625307,On or near King Street,E01033440,Norwich 014C,Public order,Unable to prosecute suspect,
ae446c7e58c860a6408355be5a4275c5b6b42932614a2a8c35a2c9a4e77e9ec3,2020-02,Norfolk Constabulary,Norfolk Constabulary,1.301230,52.624358,On or near Music House Lane,E01033440,Norwich 014C,Public order,Investigation complete; no suspect identified,
b74a273902b288b06392fdef9d256bb022fbc003dc3278add0b53b8e9cb1d0ae,2020-02,Norfolk Constabulary,Norfolk Constabulary,1.299419,52.626414,On or near Stepping Lane,E01033440,Norwich 014C,Vehicle crime,Investigation complete; no suspect identified,
669b37f79899ce97be534dc86de146b990ae79b298b31c2f94a5b82097faaf98,2020-02,Norfolk Constabulary,Norfolk Constabulary,1.302458,52.627319,On or near Mountergate,E01033440,Norwich 014C,Vehicle crime,Investigation complete; no suspect identified,
bff3151c1ffdd23ab3201d4e49cf2123a2e98b781ffded4d1edcd058602cf392,2020-02,Norfolk Constabulary,Norfolk Constabulary,1.301230,52.624358,On or near Music House Lane,E01033440,Norwich 014C,Violence and sexual offences,Investigation complete; no suspect identified,
39305efa7a2eb56c30974c303366942d057dd938faa30ec862c9c975df293c18,2020-02,Norfolk Constabulary,Norfolk Constabulary,1.300870,52.628613,On or near Maidstone Road,E01033440,Norwich 014C,Violence and sexual offences,Unable to prosecute suspect,
1fdd823d5345fe6dcd9da5bcbca8e49c1afaead5c1307965b94ddd4c979fa50e,2020-02,Norfolk Constabulary,Norfolk Constabulary,1.301230,52.624358,On or near Music House Lane,E01033440,Norwich 014C,Violence and sexual offences,Unable to prosecute suspect,
a317324c626b2db5862d860b99212e6d1f012b296ffa084fbaf85cfca33e212e,2020-02,Norfolk Constabulary,Norfolk Constabulary,1.300507,52.628110,On or near Boulton Street,E01033440,Norwich 014C,Violence and sexual offences,Unable to prosecute suspect,
800408eaa8dcca347d7e1da029ef5ff27d5d1e079d4b527da1f15542adcc0f9f,2020-02,Norfolk Constabulary,Norfolk Constabulary,1.300870,52.628613,On or near Maidstone Road,E01033440,Norwich 014C,Violence and sexual offences,Court result unavailable,
fc5c699d649a672f3f45d5654f746192aac2e5aef2df7cc857a5a3cec085d845,2020-02,Norfolk Constabulary,Norfolk Constabulary,1.299046,52.626370,On or near Normans Buildings,E01033440,Norwich 014C,Violence and sexual offences,Unable to prosecute suspect,
e773ba76040d163b8a5b73abfce3ff7a0a08d39144977ce16c7fdce69a585fb0,2020-02,Norfolk Constabulary,Norfolk Constabulary,1.300870,52.628613,On or near Maidstone Road,E01033440,Norwich 014C,Violence and sexual offences,Unable to prosecute suspect,
215b0e4f19f80536ca298e4aa1903398fc6b293d59c9ace2006f9f4517e114be,2020-02,Norfolk Constabulary,Norfolk Constabulary,1.300870,52.628613,On or near Maidstone Road,E01033440,Norwich 014C,Other crime,Formal action is not in the public interest,
,2020-02,Norfolk Constabulary,Norfolk Constabulary,1.305389,52.623073,On or near Wherry Road,E01033441,Norwich 014D,Anti-social behaviour,,
,2020-02,Norfolk Constabulary,Norfolk Constabulary,1.307471,52.621279,On or near Sports/Recreation Area,E01033441,Norwich 014D,Anti-social behaviour,,
,2020-02,Norfolk Constabulary,Norfolk Constabulary,1.307471,52.621279,On or near Sports/Recreation Area,E01033441,Norwich 014D,Anti-social behaviour,,
,2020-02,Norfolk Constabulary,Norfolk Constabulary,1.303051,52.621861,On or near Argyle Street,E01033441,Norwich 014D,Anti-social behaviour,,
e50b76ae9a35a7a8beeb616c479d705f3f93bfa99da9d89d1deff88fb05e7c80,2020-02,Norfolk Constabulary,Norfolk Constabulary,1.302466,52.624683,On or near Abbey Lane,E01033441,Norwich 014D,Bicycle theft,Investigation complete; no suspect identified,
495b554613f5e7fb6c6b31977c6738a737b14a4bfe9be8dcb1d75ca23e9ea792,2020-02,Norfolk Constabulary,Norfolk Constabulary,1.303051,52.621861,On or near Argyle Street,E01033441,Norwich 014D,Burglary,Investigation complete; no suspect identified,
71e6294b196ef967816ba8cc7c855a48ec5ef366f10df88fc070bbebf86b4b4e,2020-02,Norfolk Constabulary,Norfolk Constabulary,1.308888,52.624000,On or near Supermarket,E01033441,Norwich 014D,Other theft,Unable to prosecute suspect,
6109d04b09068c4dcccce2f9f84027b1d40d7abd24cadac967f18b89f9b2fe68,2020-02,Norfolk Constabulary,Norfolk Constabulary,1.308888,52.624000,On or near Supermarket,E01033441,Norwich 014D,Other theft,Investigation complete; no suspect identified,
bcba920784be619b03ef7ddd700f51a7e8db3b0d9ae23bd47ac4e61769f1c708,2020-02,Norfolk Constabulary,Norfolk Constabulary,1.307124,52.612178,On or near A1054,E01033441,Norwich 014D,Other theft,Status update unavailable,
d7aa74cb48fffd28fe7095c135b0bfe3db592dd04623ad0f6ae73f41649af99a,2020-02,Norfolk Constabulary,Norfolk Constabulary,1.305389,52.623073,On or near Wherry Road,E01033441,Norwich 014D,Public order,Investigation complete; no suspect identified,
37737cba28095af8e05f7af9711af48c2db135eed5e74ad8716ffdeccd56870e,2020-02,Norfolk Constabulary,Norfolk Constabulary,1.309259,52.623234,On or near Koblenz Avenue,E01033441,Norwich 014D,Public order,Formal action is not in the public interest,
ddcd40a7d361a7461be8a0ee96a887f5ce998b72bb7311692deb07994aa90557,2020-02,Norfolk Constabulary,Norfolk Constabulary,1.303051,52.621861,On or near Argyle Street,E01033441,Norwich 014D,Public order,Investigation complete; no suspect identified,
de3d4d196f6eef3b59ca3c4643f9c50c76ba5b3860eda1250f58ab76dd42a5eb,2020-02,Norfolk Constabulary,Norfolk Constabulary,1.303051,52.621861,On or near Argyle Street,E01033441,Norwich 014D,Public order,Unable to prosecute suspect,
e719e5d8ab5fe731afa398db347079ba4f9d7172f079fe42aec38e9cd36448bb,2020-02,Norfolk Constabulary,Norfolk Constabulary,1.305389,52.623073,On or near Wherry Road,E01033441,Norwich 014D,Public order,Unable to prosecute suspect,
6b7cd9e52dcbdf0985a7cb732e1c8b7a769339e1f1a1294cac323ed3170207a5,2020-02,Norfolk Constabulary,Norfolk Constabulary,1.310130,52.622841,On or near Carrow Road,E01033441,Norwich 014D,Public order,Investigation complete; no suspect identified,
7e1f4c2113231f32112bd86041cc2334033ddcbe49c92a5c914c7e971a6a6d28,2020-02,Norfolk Constabulary,Norfolk Constabulary,1.307471,52.621279,On or near Sports/Recreation Area,E01033441,Norwich 014D,Robbery,Court result unavailable,
6a7b2c00ee422708fbe36f55a29900d995d50c82f55a2e9700b4f9ff903c5748,2020-02,Norfolk Constabulary,Norfolk Constabulary,1.305389,52.623073,On or near Wherry Road,E01033441,Norwich 014D,Shoplifting,Court result unavailable,
5aaae08cb860a27445c96664c380bafcf0b1851e1b2beec85b2c3964dfd65346,2020-02,Norfolk Constabulary,Norfolk Constabulary,1.309259,52.623234,On or near Koblenz Avenue,E01033441,Norwich 014D,Shoplifting,Court result unavailable,
a11cf7f3fc160a7b7eba840df2e5ab1fd8952516cbd066ac42537881942f0c8a,2020-02,Norfolk Constabulary,Norfolk Constabulary,1.305389,52.623073,On or near Wherry Road,E01033441,Norwich 014D,Shoplifting,Investigation complete; no suspect identified,
0450fd64dcf41ff9bc652d8e041e3cb8c41fa42be9de56a3133117aa7f9786da,2020-02,Norfolk Constabulary,Norfolk Constabulary,1.306923,52.624010,On or near Albion Way,E01033441,Norwich 014D,Shoplifting,Investigation complete; no suspect identified,
1c0dbc3d62aa406a20c2e70fa7496764d4641498ffbee08a695e749453aefe29,2020-02,Norfolk Constabulary,Norfolk Constabulary,1.305389,52.623073,On or near Wherry Road,E01033441,Norwich 014D,Shoplifting,Court result unavailable,
f2d030022f3685b408a00d5523531665e2302045e739300dd6cf7a4a69f24587,2020-02,Norfolk Constabulary,Norfolk Constabulary,1.305389,52.623073,On or near Wherry Road,E01033441,Norwich 014D,Shoplifting,Status update unavailable,
018f5e223bb8567effeaf6433b330b1198607e979c3c4aaf8fa4aafaa9a1dd0c,2020-02,Norfolk Constabulary,Norfolk Constabulary,1.308888,52.624000,On or near Supermarket,E01033441,Norwich 014D,Shoplifting,Court result unavailable,
dfea4b4a8e0b3e2f2c0ebe6c447176af9438ea6d7e59bd12fd4828640bdb5ef8,2020-02,Norfolk Constabulary,Norfolk Constabulary,1.305389,52.623073,On or near Wherry Road,E01033441,Norwich 014D,Shoplifting,Investigation complete; no suspect identified,
2587038dd886bc59b416540e69776dffdb10106ece64cb2f0c9bd2f2bc066357,2020-02,Norfolk Constabulary,Norfolk Constabulary,1.309259,52.623234,On or near Koblenz Avenue,E01033441,Norwich 014D,Shoplifting,Action to be taken by another organisation,
aa14a4b2854514c2c76730b29f931ac67c251499947572dcc27fc5ce348e830a,2020-02,Norfolk Constabulary,Norfolk Constabulary,1.306923,52.624010,On or near Albion Way,E01033441,Norwich 014D,Shoplifting,Unable to prosecute suspect,
bd030257c7acee8c2915df23346e91b8ac526d87c70332fed8a9f131dc15a8ef,2020-02,Norfolk Constabulary,Norfolk Constabulary,1.309259,52.623234,On or near Koblenz Avenue,E01033441,Norwich 014D,Shoplifting,Awaiting court outcome,
dd4f898d79a1dba2c648e0207d117983c1667598731b4c90a011c203672c48f9,2020-02,Norfolk Constabulary,Norfolk Constabulary,1.305389,52.623073,On or near Wherry Road,E01033441,Norwich 014D,Shoplifting,Awaiting court outcome,
f0d93e75aa408dd4c7d67f0affc2d3b86723f8e17cd9850594012c5fc8981400,2020-02,Norfolk Constabulary,Norfolk Constabulary,1.309259,52.623234,On or near Koblenz Avenue,E01033441,Norwich 014D,Shoplifting,Court result unavailable,
ccbe40a89e133fbd2fd3e2e29459cd18ce41aee7fce90d5b6e53de69129c3d1f,2020-02,Norfolk Constabulary,Norfolk Constabulary,1.305389,52.623073,On or near Wherry Road,E01033441,Norwich 014D,Shoplifting,Status update unavailable,
1308a414c1af55039c2e3eb6df957026cdd57689c222c0ffb3203f50913c4ba6,2020-02,Norfolk Constabulary,Norfolk Constabulary,1.308888,52.624000,On or near Supermarket,E01033441,Norwich 014D,Shoplifting,Investigation complete; no suspect identified,
36bd6008dff3cc056569583307ea528862acfc79e4d987efb555e7f167892064,2020-02,Norfolk Constabulary,Norfolk Constabulary,1.308888,52.624000,On or near Supermarket,E01033441,Norwich 014D,Shoplifting,Investigation complete; no suspect identified,
4f5a827e3f85008303e26c9750848ea83c74d477385c84817aa4676c5a5713f4,2020-02,Norfolk Constabulary,Norfolk Constabulary,1.309259,52.623234,On or near Koblenz Avenue,E01033441,Norwich 014D,Shoplifting,Investigation complete; no suspect identified,
bddc83af04f9693304d52eb6b533cc4f16f0d3a5d2d4588b10fedfd6ed44ac32,2020-02,Norfolk Constabulary,Norfolk Constabulary,1.309259,52.623234,On or near Koblenz Avenue,E01033441,Norwich 014D,Violence and sexual offences,Unable to prosecute suspect,
d2396ad0d35db45796ddf1fc0282ba7388f5f46e56b2ff67d3be3f3018970617,2020-02,Norfolk Constabulary,Norfolk Constabulary,1.303051,52.621861,On or near Argyle Street,E01033441,Norwich 014D,Violence and sexual offences,Unable to prosecute suspect,
0af502e07ee7150033b4f94563d3c63b1008e979094c031b3f700476c433e6bf,2020-02,Norfolk Constabulary,Norfolk Constabulary,1.310130,52.622841,On or near Carrow Road,E01033441,Norwich 014D,Violence and sexual offences,Investigation complete; no suspect identified,
943862dc24bab71c66a0d6a7c341a2428222b7773f65a46c13a7282976c95e72,2020-02,Norfolk Constabulary,Norfolk Constabulary,1.303051,52.621861,On or near Argyle Street,E01033441,Norwich 014D,Violence and sexual offences,Unable to prosecute suspect,
109a3879043dab3f31dd6139dd95dde85997cee1047d12136766696e64781584,2020-02,Norfolk Constabulary,Norfolk Constabulary,1.306923,52.624010,On or near Albion Way,E01033441,Norwich 014D,Violence and sexual offences,Investigation complete; no suspect identified,
c3fc347f07f19087add048a6a5f4df35878b8a6e52e9ce4e782cd4c04594f4da,2020-02,Norfolk Constabulary,Norfolk Constabulary,1.303051,52.621861,On or near Argyle Street,E01033441,Norwich 014D,Violence and sexual offences,Unable to prosecute suspect,
42a6281c85d65efde8c22f43838ff7d102e6fb1e813787bc52173525ef9dbb76,2020-02,Norfolk Constabulary,Norfolk Constabulary,1.307380,52.619294,On or near King Street,E01033441,Norwich 014D,Violence and sexual offences,Unable to prosecute suspect,
9c8489980689f12c35716831e016ca40c0c10acb18738b307b6fd43acb9cf5e4,2020-02,Norfolk Constabulary,Norfolk Constabulary,1.302466,52.624683,On or near Abbey Lane,E01033441,Norwich 014D,Violence and sexual offences,Unable to prosecute suspect,
45c251264c6b0283d68647152b2dca411c9abf3811ce070acd1548b31ecd3ad3,2020-02,Norfolk Constabulary,Norfolk Constabulary,1.307471,52.621279,On or near Sports/Recreation Area,E01033441,Norwich 014D,Violence and sexual offences,Court result unavailable,
c8d967c11c3d429b5cf9a18b595b59f9536465f68df6771c41e98547fd1bf1c7,2020-02,Norfolk Constabulary,Norfolk Constabulary,1.312058,52.614909,On or near Bracondale,E01033441,Norwich 014D,Violence and sexual offences,Unable to prosecute suspect,
cafed32911853a51f57bd4bd59e9902a16264e559bda00169804bd95eeb244d1,2020-02,Norfolk Constabulary,Norfolk Constabulary,1.307380,52.619294,On or near King Street,E01033441,Norwich 014D,Violence and sexual offences,Unable to prosecute suspect,
bd4407bedcb6de4710fac6670c85edef02889e679fb95592aa0663fa29e6bbeb,2020-02,Norfolk Constabulary,Norfolk Constabulary,1.312058,52.614909,On or near Bracondale,E01033441,Norwich 014D,Violence and sexual offences,Unable to prosecute suspect,
3f8989326c87e9c5c64d23e2cb3e2cfd7ecddea71ba7ef23b34fb41f566df280,2020-02,Norfolk Constabulary,Norfolk Constabulary,1.305389,52.623073,On or near Wherry Road,E01033441,Norwich 014D,Violence and sexual offences,Unable to prosecute suspect,
bf10f2b395b4843e5f41ccd32a3b0c6a340ca67f2c0c9bb9a586afa1ba1798d3,2020-02,Norfolk Constabulary,Norfolk Constabulary,1.303051,52.621861,On or near Argyle Street,E01033441,Norwich 014D,Violence and sexual offences,Unable to prosecute suspect,
,2020-02,Norfolk Constabulary,Norfolk Constabulary,1.307984,52.634746,On or near St James Meadow,E01026848,Norwich 015A,Anti-social behaviour,,
,2020-02,Norfolk Constabulary,Norfolk Constabulary,1.306904,52.637465,On or near Hassett Close,E01026848,Norwich 015A,Anti-social behaviour,,
,2020-02,Norfolk Constabulary,Norfolk Constabulary,1.307984,52.634746,On or near St James Meadow,E01026848,Norwich 015A,Anti-social behaviour,,
,2020-02,Norfolk Constabulary,Norfolk Constabulary,1.306229,52.636558,On or near St James Close,E01026848,Norwich 015A,Anti-social behaviour,,
,2020-02,Norfolk Constabulary,Norfolk Constabulary,1.310364,52.636505,On or near Heathgate,E01026848,Norwich 015A,Anti-social behaviour,,
a8dfb736334c30b9e0088dda7729b8f6a0a796a0a607393b3635d4b3e341ac02,2020-02,Norfolk Constabulary,Norfolk Constabulary,1.310364,52.636505,On or near Heathgate,E01026848,Norwich 015A,Bicycle theft,Investigation complete; no suspect identified,
4aed64f6a8bb612f6bec21509977eaf11df45c27706f4bb85b01e09ab14ebc28,2020-02,Norfolk Constabulary,Norfolk Constabulary,1.303625,52.638294,On or near Morley Street,E01026848,Norwich 015A,Bicycle theft,Investigation complete; no suspect identified,
054646867eeb6b0a56c1a56d752dd8ccf75ae974758fc167a2d999ca0cc1c645,2020-02,Norfolk Constabulary,Norfolk Constabulary,1.304146,52.637758,On or near Harcourt Close,E01026848,Norwich 015A,Bicycle theft,Action to be taken by another organisation,
6e04d2ea9f611ac44cb75434ceadc8fa78e9387698ed58c90f1f1b5eee2948a1,2020-02,Norfolk Constabulary,Norfolk Constabulary,1.306904,52.637465,On or near Hassett Close,E01026848,Norwich 015A,Criminal damage and arson,Offender given a caution,
d2aa228dceb0ae52d0be072af9a526b64275fd4074b693c2e1311c9d8c07671e,2020-02,Norfolk Constabulary,Norfolk Constabulary,1.305077,52.637939,On or near Balfour Street,E01026848,Norwich 015A,Criminal damage and arson,Unable to prosecute suspect,
e3dd19aad4e140acf69387f8cc02087625b136b04c4bbcfd5c05f244c27dab69,2020-02,Norfolk Constabulary,Norfolk Constabulary,1.310364,52.636505,On or near Heathgate,E01026848,Norwich 015A,Drugs,Awaiting court outcome,
5c9072653081b1a95bc466261e1dca1b4d7648ccb3999bbd2f0ddced2819b013,2020-02,Norfolk Constabulary,Norfolk Constabulary,1.306904,52.637465,On or near Hassett Close,E01026848,Norwich 015A,Other theft,Unable to prosecute suspect,
579ac4a08c9f4857e11fe443f73155112e347e9721ed4c889b1fb177c6288538,2020-02,Norfolk Constabulary,Norfolk Constabulary,1.309617,52.634439,On or near A147,E01026848,Norwich 015A,Public order,Unable to prosecute suspect,
33950083da23b1709c6cefcca001c5bcc0b0baca89a5e78926712fb3cd4b6a4d,2020-02,Norfolk Constabulary,Norfolk Constabulary,1.310364,52.636505,On or near Heathgate,E01026848,Norwich 015A,Public order,Unable to prosecute suspect,
5fda7ec92a393f0efb165a7be1bf7fb55ac727384e3fa5123be42578dd023bf5,2020-02,Norfolk Constabulary,Norfolk Constabulary,1.310364,52.636505,On or near Heathgate,E01026848,Norwich 015A,Public order,Unable to prosecute suspect,
c4d0e817e520f35f03b7095498d7d57bd0d743cf1cec1d15a13fc5cf008febb5,2020-02,Norfolk Constabulary,Norfolk Constabulary,1.307885,52.635585,On or near Cannell Green,E01026848,Norwich 015A,Vehicle crime,Investigation complete; no suspect identified,
02d69d452461eea4c02d9ed5ad43a9c3886036a6e9e8e8bcf6cbbb7a0968d499,2020-02,Norfolk Constabulary,Norfolk Constabulary,1.306904,52.637465,On or near Hassett Close,E01026848,Norwich 015A,Violence and sexual offences,Unable to prosecute suspect,
d07e52932b593967060858e005dc58fe2a436e7c7311ee495a2a0fdb1d69c051,2020-02,Norfolk Constabulary,Norfolk Constabulary,1.310364,52.636505,On or near Heathgate,E01026848,Norwich 015A,Violence and sexual offences,Unable to prosecute suspect,
bdab9d6e0dda7279943a0fb677faa43a782737b3cc6563e3a45f21b6fec720bf,2020-02,Norfolk Constabulary,Norfolk Constabulary,1.310364,52.636505,On or near Heathgate,E01026848,Norwich 015A,Violence and sexual offences,Unable to prosecute suspect,
6cef61c6e15c44d6867f3d9317dec17470e02d10e00e3c0f8822fb346b361ab6,2020-02,Norfolk Constabulary,Norfolk Constabulary,1.306904,52.637465,On or near Hassett Close,E01026848,Norwich 015A,Violence and sexual offences,Court result unavailable,
5a6b4d4876ec0c43f1295aefefd2e61bfaf9c6ec67800f8d7273dce2cbddf306,2020-02,Norfolk Constabulary,Norfolk Constabulary,1.307885,52.635585,On or near Cannell Green,E01026848,Norwich 015A,Violence and sexual offences,Unable to prosecute suspect,
841a3c47c0fb2ddc0d439947b5e0c78b10a6e6d1758ac7fb897943d1ee282f30,2020-02,Norfolk Constabulary,Norfolk Constabulary,1.310364,52.636505,On or near Heathgate,E01026848,Norwich 015A,Violence and sexual offences,Unable to prosecute suspect,
800a16d660a5a1424d963deb9117d6030be8a4199cb2615651e1e21a82beaff2,2020-02,Norfolk Constabulary,Norfolk Constabulary,1.305077,52.637939,On or near Balfour Street,E01026848,Norwich 015A,Violence and sexual offences,Unable to prosecute suspect,
2d259702db9b0bf5e688dea4366529669b93c2f4c341f817ec84a1c61a552aac,2020-02,Norfolk Constabulary,Norfolk Constabulary,1.307885,52.635585,On or near Cannell Green,E01026848,Norwich 015A,Violence and sexual offences,Unable to prosecute suspect,
c64dbe46c2371c9f7d56efc3a67fccf76e6e1e72422620dc756d128640c06d97,2020-02,Norfolk Constabulary,Norfolk Constabulary,1.306904,52.637465,On or near Hassett Close,E01026848,Norwich 015A,Violence and sexual offences,Unable to prosecute suspect,
2a510eb90a9139aa9cff1e0489d83fbf73171be8de8476c2ecfafcb51de320bb,2020-02,Norfolk Constabulary,Norfolk Constabulary,1.306904,52.637465,On or near Hassett Close,E01026848,Norwich 015A,Violence and sexual offences,Unable to prosecute suspect,
21b8578fe5a5afdda331bf71e1c5184a06d2e339f08cc579e107bbe5b219cefd,2020-02,Norfolk Constabulary,Norfolk Constabulary,1.304943,52.636369,On or near Anchor Close,E01026848,Norwich 015A,Other crime,Unable to prosecute suspect,
,2020-02,Norfolk Constabulary,Norfolk Constabulary,1.319565,52.624088,On or near Glendenning Road,E01026849,Norwich 015B,Anti-social behaviour,,
,2020-02,Norfolk Constabulary,Norfolk Constabulary,1.319565,52.624088,On or near Glendenning Road,E01026849,Norwich 015B,Anti-social behaviour,,
5768b1af993583beff11e6e8b1f039d1d53f7b7d3a32787308e0ba3aa0fb442e,2020-02,Norfolk Constabulary,Norfolk Constabulary,1.318505,52.628048,On or near Telegraph Lane East,E01026849,Norwich 015B,Burglary,Investigation complete; no suspect identified,
53ad6f256116bdf2ddbb7d7a530da58a40d2f41549074023a585ab4a262bac30,2020-02,Norfolk Constabulary,Norfolk Constabulary,1.324757,52.628043,On or near Stanley Avenue,E01026849,Norwich 015B,Criminal damage and arson,Formal action is not in the public interest,
a761bdd328f0f4968d2da47b9934a0e9960583cd2cec5f0b57cdf8b45883dddd,2020-02,Norfolk Constabulary,Norfolk Constabulary,1.324757,52.628043,On or near Stanley Avenue,E01026849,Norwich 015B,Violence and sexual offences,Formal action is not in the public interest,
95a9748033711104597137c45110182c1d288ddfc1a6d882374ebc26d0e0a07d,2020-02,Norfolk Constabulary,Norfolk Constabulary,1.324757,52.628043,On or near Stanley Avenue,E01026849,Norwich 015B,Violence and sexual offences,Formal action is not in the public interest,
c0bed12429d3dfbe69ad52778ca9055a9b22745589ffec45d49850a66cc96c1c,2020-02,Norfolk Constabulary,Norfolk Constabulary,1.324757,52.628043,On or near Stanley Avenue,E01026849,Norwich 015B,Violence and sexual offences,Formal action is not in the public interest,
af8bb41a6e453e4be61388102bd9df5a5b7ea2502667d6a992a91375367939eb,2020-02,Norfolk Constabulary,Norfolk Constabulary,1.324757,52.628043,On or near Stanley Avenue,E01026849,Norwich 015B,Violence and sexual offences,Formal action is not in the public interest,
f14cd8fbb1aca931bd63126bb93f75d41e2a225d1916c74ee4a957e64c186c33,2020-02,Norfolk Constabulary,Norfolk Constabulary,1.319565,52.624088,On or near Glendenning Road,E01026849,Norwich 015B,Violence and sexual offences,Unable to prosecute suspect,
8dfb91628abecf52301043956bd75d1031528c78526eee6a17c155fb3914c4bf,2020-02,Norfolk Constabulary,Norfolk Constabulary,1.315795,52.624661,On or near Thorpe Hamlet Police Station,E01026849,Norwich 015B,Other crime,Unable to prosecute suspect,
,2020-02,Norfolk Constabulary,Norfolk Constabulary,1.311681,52.628500,On or near Marion Road,E01026850,Norwich 015C,Anti-social behaviour,,
c184b7d5d0684389d9676c1104ae5c1595087655001f2e69d1e4578703a99192,2020-02,Norfolk Constabulary,Norfolk Constabulary,1.310720,52.631827,On or near Gas Hill,E01026850,Norwich 015C,Public order,Court result unavailable,
098df70c2134a19177b7e1aa6ac5e13e540e3dd9d40e0d0490b7356a7ddb128b,2020-02,Norfolk Constabulary,Norfolk Constabulary,1.314785,52.631822,On or near Camp Grove,E01026850,Norwich 015C,Shoplifting,Formal action is not in the public interest,
7812c9384b8b8d3b2f1c9647001003131c3e0cd963ac8eef4e1d1882e24d2bbd,2020-02,Norfolk Constabulary,Norfolk Constabulary,1.312295,52.628806,On or near Florence Road,E01026850,Norwich 015C,Vehicle crime,Investigation complete; no suspect identified,
458119a2a173935964225112543f32f2d23451384b010f6b64552c52b17b419c,2020-02,Norfolk Constabulary,Norfolk Constabulary,1.314785,52.631822,On or near Camp Grove,E01026850,Norwich 015C,Vehicle crime,Investigation complete; no suspect identified,
992aa3abbd68dfe103b2ba99176a1bd9a8299678538778f4569c4614620c45ea,2020-02,Norfolk Constabulary,Norfolk Constabulary,1.312109,52.627319,On or near Ethel Road,E01026850,Norwich 015C,Violence and sexual offences,Unable to prosecute suspect,
1e97511a389a4a49c5706ddce63f08e7910c3a85716ced0aa06212608ddc27fa,2020-02,Norfolk Constabulary,Norfolk Constabulary,1.312214,52.627918,On or near Hill House Road,E01026850,Norwich 015C,Violence and sexual offences,Unable to prosecute suspect,
84c3caf910590a05b7bef1c6f165128ad229595b4f1f983dc11650e955a4f62c,2020-02,Norfolk Constabulary,Norfolk Constabulary,1.312892,52.631416,On or near Albert Place,E01026850,Norwich 015C,Violence and sexual offences,Unable to prosecute suspect,
435c20dee861d307872cc14ba93563af611a83512dc33523462c799cc569bb92,2020-02,Norfolk Constabulary,Norfolk Constabulary,1.313210,52.633871,On or near Kett'S Hill,E01026850,Norwich 015C,Violence and sexual offences,Unable to prosecute suspect,
cf21030e304ac1e329859eb91991ed8f1681cdeb695df5fa6bb7d808bea8377a,2020-02,Norfolk Constabulary,Norfolk Constabulary,1.316469,52.632008,On or near Montcalm Road,E01026850,Norwich 015C,Violence and sexual offences,Investigation complete; no suspect identified,
0e6c17842feb97a18e3c43ca4668f6547c28232032bae3944c526b25feda59fd,2020-02,Norfolk Constabulary,Norfolk Constabulary,1.314785,52.631822,On or near Camp Grove,E01026850,Norwich 015C,Violence and sexual offences,Unable to prosecute suspect,
63f72f96c852c108a5eab7d636cd8d3061efd80f2934ad4d122e2172906a71a5,2020-02,Norfolk Constabulary,Norfolk Constabulary,1.314785,52.631822,On or near Camp Grove,E01026850,Norwich 015C,Violence and sexual offences,Unable to prosecute suspect,
1dcfa1e11530d7e6538b41096cdfb9d6f073ca061c90e507dcd5338000fdba04,2020-02,Norfolk Constabulary,Norfolk Constabulary,1.315177,52.631334,On or near Quebec Road,E01026850,Norwich 015C,Violence and sexual offences,Unable to prosecute suspect,
422708810867afa9485026a7efec35accd81d66735d028c69de51a446106b4ef,2020-02,Norfolk Constabulary,Norfolk Constabulary,1.315177,52.631334,On or near Quebec Road,E01026850,Norwich 015C,Other crime,Status update unavailable,
33615be47dbe7fdda432543933f3e96d8c4f99339b94d3797d0892fc94cbdcb2,2020-02,Norfolk Constabulary,Norfolk Constabulary,1.312109,52.627319,On or near Ethel Road,E01026850,Norwich 015C,Other crime,Action to be taken by another organisation,
b331838c09f009a9511303b44ea73fd0aca668d99220f531cd26c2727f385f99,2020-02,Norfolk Constabulary,Norfolk Constabulary,-0.277051,52.591889,On or near Raleigh Way,E01015662,Peterborough 009C,Vehicle crime,Awaiting court outcome,
ab24c43b2fae228fa30010da7a48146fadc36301aa485e7c0bea48eb9e075b44,2020-02,Norfolk Constabulary,Norfolk Constabulary,-0.277051,52.591889,On or near Raleigh Way,E01015662,Peterborough 009C,Violence and sexual offences,Status update unavailable,
8f41417e8b10f89330a7325960a3515334b83fc2f953f1f1d518008bf75be21f,2020-02,Norfolk Constabulary,Norfolk Constabulary,-3.677643,50.431211,On or near A385,E01020181,South Hams 003B,Violence and sexual offences,Status update unavailable,
483c6d482712e8e86a75dedd83fcbf9b3f32d6d76e98065a1781c992f7d39e56,2020-02,Norfolk Constabulary,Norfolk Constabulary,-0.645593,52.914409,On or near Union Street,E01026323,South Kesteven 004D,Violence and sexual offences,Status update unavailable,
199f983aa131312a2ffd320dd4769d15af7428bc0315a53161ca6e5438b906d0,2020-02,Norfolk Constabulary,Norfolk Constabulary,-0.661955,52.909011,On or near The Drive,E01026309,South Kesteven 005B,Violence and sexual offences,Action to be taken by another organisation,
885a1f308ac44e266be395d53cc3e493d930dd23950290f9cc15b490ded508ff,2020-02,Norfolk Constabulary,Norfolk Constabulary,-0.625666,52.915753,On or near Brittain Drive,E01026345,South Kesteven 006F,Violence and sexual offences,Unable to prosecute suspect,
,2020-02,Norfolk Constabulary,Norfolk Constabulary,1.234636,52.641378,On or near Petrol Station,E01026916,South Norfolk 001A,Anti-social behaviour,,
,2020-02,Norfolk Constabulary,Norfolk Constabulary,1.229352,52.645704,On or near Gurney Road,E01026916,South Norfolk 001A,Anti-social behaviour,,
f413bb5b76e804a19651a7f2a0bb9f6f868980c7813a07d345a5bae903b6a32e,2020-02,Norfolk Constabulary,Norfolk Constabulary,1.234636,52.641378,On or near Petrol Station,E01026916,South Norfolk 001A,Violence and sexual offences,Unable to prosecute suspect,
0fb68a91f846af7d8f25f4ddc58f5ca6d9b2b8529244fd97a3e8a114cfdd0c3f,2020-02,Norfolk Constabulary,Norfolk Constabulary,1.229352,52.645704,On or near Gurney Road,E01026916,South Norfolk 001A,Violence and sexual offences,Unable to prosecute suspect,
,2020-02,Norfolk Constabulary,Norfolk Constabulary,1.216225,52.645549,On or near Huntingfield Close,E01026917,South Norfolk 001B,Anti-social behaviour,,
6a81439ea90da8253d5922fbfd4f6a8c5095420ec7a38747fc4162ecfb221b71,2020-02,Norfolk Constabulary,Norfolk Constabulary,1.220037,52.648728,On or near Farmland Road,E01026917,South Norfolk 001B,Burglary,Unable to prosecute suspect,
0b66456867a4604916cda9b4b27a575e9fc57f2b2af58670a5540472029dd083,2020-02,Norfolk Constabulary,Norfolk Constabulary,1.217393,52.647352,On or near Upper Stafford Avenue,E01026917,South Norfolk 001B,Burglary,Investigation complete; no suspect identified,
da30b1da93ba788eb6a95dcd1222ab2891a21bb515709d693f092cc85b69ba4b,2020-02,Norfolk Constabulary,Norfolk Constabulary,1.223331,52.647064,On or near Grove Avenue,E01026917,South Norfolk 001B,Criminal damage and arson,Investigation complete; no suspect identified,
8950b8f8032f5da7d60381581e4112542b6628536942a784c2ce5bb6da37835b,2020-02,Norfolk Constabulary,Norfolk Constabulary,1.223331,52.647064,On or near Grove Avenue,E01026917,South Norfolk 001B,Criminal damage and arson,Investigation complete; no suspect identified,
70bf0f480e72e86d5f5a7a7acb469b11391ab8354c44b1a1d6572d964aca8ac3,2020-02,Norfolk Constabulary,Norfolk Constabulary,1.216195,52.644929,On or near Grays Fair,E01026917,South Norfolk 001B,Public order,Unable to prosecute suspect,
623a33ac00fc721cc0d7bbf844a470f8a7ac6193eb3df3bd4f1a0522ed848fb8,2020-02,Norfolk Constabulary,Norfolk Constabulary,1.216195,52.644929,On or near Grays Fair,E01026917,South Norfolk 001B,Public order,Unable to prosecute suspect,
ba682dd30d5c4bfd7d54ceca613e9c9f56d4ef97ca638921465e538609b3b7c3,2020-02,Norfolk Constabulary,Norfolk Constabulary,1.223331,52.647064,On or near Grove Avenue,E01026917,South Norfolk 001B,Violence and sexual offences,Unable to prosecute suspect,
e54a10e9dc0f37cc389c5847f839bb3fb3819d095704490a736f6d0bc96b3948,2020-02,Norfolk Constabulary,Norfolk Constabulary,1.234234,52.648143,On or near Norwich Road,E01026918,South Norfolk 001C,Criminal damage and arson,Court result unavailable,
87f2ed19ae2a7104958877cbc63f5701e72b5005c1db036515d005f8368f7627,2020-02,Norfolk Constabulary,Norfolk Constabulary,1.234967,52.647862,On or near Supermarket,E01026918,South Norfolk 001C,Shoplifting,Court result unavailable,
4e4bb8056312dbeaabda923f94412aee3a0116e859d51c6b93f9c13fdc2f1ea9,2020-02,Norfolk Constabulary,Norfolk Constabulary,1.234967,52.647862,On or near Supermarket,E01026918,South Norfolk 001C,Shoplifting,Unable to prosecute suspect,
d43bcb4bc677377845a55eec6ede7bbd47536bd59963b0d40e46c88f0154a141,2020-02,Norfolk Constabulary,Norfolk Constabulary,1.234967,52.647862,On or near Supermarket,E01026918,South Norfolk 001C,Shoplifting,Investigation complete; no suspect identified,
d37159ac533fb4702fd0bf5f64b7c3f381946f0bda3d8be8a70f4eeef75a1287,2020-02,Norfolk Constabulary,Norfolk Constabulary,1.234967,52.647862,On or near Supermarket,E01026918,South Norfolk 001C,Shoplifting,Investigation complete; no suspect identified,
7f45bcb71e9cdd37b3b5371bad47080ff90367a5758db89770c4bf6aa05a5356,2020-02,Norfolk Constabulary,Norfolk Constabulary,1.237199,52.648044,On or near Glenda Road,E01026918,South Norfolk 001C,Violence and sexual offences,Unable to prosecute suspect,
,2020-02,Norfolk Constabulary,Norfolk Constabulary,1.217746,52.668458,On or near Costessey Lane,E01026924,South Norfolk 001E,Anti-social behaviour,,
e8fe2c1325559774bd81c2606b2bf7f7ab89403b13e0a433c415089e4ac7fa93,2020-02,Norfolk Constabulary,Norfolk Constabulary,1.219892,52.664452,On or near St Edmunds Close,E01026924,South Norfolk 001E,Criminal damage and arson,Unable to prosecute suspect,
c32cda841efbd80930c3bda78d252bdf3d879b0a64147012acf1d81f441b94fa,2020-02,Norfolk Constabulary,Norfolk Constabulary,1.215238,52.649613,On or near Middleton Crescent,E01026924,South Norfolk 001E,Drugs,Court result unavailable,
c467b9b9f50740f0fee840e04e723d906a1b5d2582e29cced1dcec08f57a8b95,2020-02,Norfolk Constabulary,Norfolk Constabulary,1.215238,52.649613,On or near Middleton Crescent,E01026924,South Norfolk 001E,Other theft,Awaiting court outcome,
2430d23cf5f9364bd56fdccf6a9da9f6faefde87c6d27f4647275d1852fdf2d1,2020-02,Norfolk Constabulary,Norfolk Constabulary,1.215911,52.649721,On or near Elm Close,E01026924,South Norfolk 001E,Violence and sexual offences,Unable to prosecute suspect,
82e8e68d313373982115f0e446046a8ff88b5074b00b89230647e005f59a8137,2020-02,Norfolk Constabulary,Norfolk Constabulary,1.220699,52.656714,On or near Myrtle Avenue,E01026924,South Norfolk 001E,Violence and sexual offences,Unable to prosecute suspect,
b3790f41430991cdbb709b214da4984d62de9b643bf4dd0db44cbd2b297fca63,2020-02,Norfolk Constabulary,Norfolk Constabulary,1.214584,52.650378,On or near Poplar Close,E01026924,South Norfolk 001E,Violence and sexual offences,Unable to prosecute suspect,
55dc11ef60e42f3e9b08ac75b9ae9b1ea32cbebb2dd755d0649ce4e81dde3fd0,2020-02,Norfolk Constabulary,Norfolk Constabulary,1.215238,52.649613,On or near Middleton Crescent,E01026924,South Norfolk 001E,Violence and sexual offences,Unable to prosecute suspect,
a765da1600eaf297600e9f0b835a9d486d8fd95478c74ff14eec3db934ad8c88,2020-02,Norfolk Constabulary,Norfolk Constabulary,1.219892,52.664452,On or near St Edmunds Close,E01026924,South Norfolk 001E,Violence and sexual offences,Unable to prosecute suspect,
,2020-02,Norfolk Constabulary,Norfolk Constabulary,1.204924,52.647303,On or near Dereham Road,E01026925,South Norfolk 001F,Anti-social behaviour,,
,2020-02,Norfolk Constabulary,Norfolk Constabulary,1.212879,52.647501,On or near Richmond Road,E01026925,South Norfolk 001F,Anti-social behaviour,,
,2020-02,Norfolk Constabulary,Norfolk Constabulary,1.209914,52.645576,On or near Petrol Station,E01026925,South Norfolk 001F,Anti-social behaviour,,
3cb39c1219dda117aa4f313c00287396d3f57547392ce8afb85d4453e28c013c,2020-02,Norfolk Constabulary,Norfolk Constabulary,1.200185,52.647602,On or near Badger Road,E01026925,South Norfolk 001F,Burglary,Investigation complete; no suspect identified,
63aeef893dcd04b0e2173c1b1a68c4dbca7bcc14553a802e7e7cadd65486632e,2020-02,Norfolk Constabulary,Norfolk Constabulary,1.202581,52.645181,On or near Bawburgh Close,E01026925,South Norfolk 001F,Criminal damage and arson,Investigation complete; no suspect identified,
d033479849c9198b17a65147e2a150bba55557b3e96800ba712c26a57eecf7ef,2020-02,Norfolk Constabulary,Norfolk Constabulary,1.209914,52.645576,On or near Petrol Station,E01026925,South Norfolk 001F,Other theft,Unable to prosecute suspect,
38cb44a5dd1d7e9daadb136d28c78245b82da50e468baee2e092dc3301557ce1,2020-02,Norfolk Constabulary,Norfolk Constabulary,1.209914,52.645576,On or near Petrol Station,E01026925,South Norfolk 001F,Other theft,Action to be taken by another organisation,
7939f35434642e0450b04f0f812363570640abe565d393b6e6a3b6534c69dd86,2020-02,Norfolk Constabulary,Norfolk Constabulary,1.209914,52.645576,On or near Petrol Station,E01026925,South Norfolk 001F,Other theft,Unable to prosecute suspect,
20364ee251e921da84103192c751d9c2cd430ce3dc5ff7e72924c0e90e72e8fe,2020-02,Norfolk Constabulary,Norfolk Constabulary,1.209914,52.645576,On or near Petrol Station,E01026925,South Norfolk 001F,Other theft,Unable to prosecute suspect,
dbd4149f2ac7db15ee33f2cbf9d89d7e8bd87dcbd030cf4a0155db34f6988ab5,2020-02,Norfolk Constabulary,Norfolk Constabulary,1.205943,52.648085,On or near Round Well Road,E01026925,South Norfolk 001F,Public order,Unable to prosecute suspect,
95bd50960a427063011d2e7f75839889e0f4b34ef6f347c1c62323021b22e560,2020-02,Norfolk Constabulary,Norfolk Constabulary,1.209914,52.645576,On or near Petrol Station,E01026925,South Norfolk 001F,Public order,Unable to prosecute suspect,
0a0a11edc05e13d3a589c9a83317f19d8b01bb3d4ae953af52ac0b0ca612d1ca,2020-02,Norfolk Constabulary,Norfolk Constabulary,1.209914,52.645576,On or near Petrol Station,E01026925,South Norfolk 001F,Shoplifting,Investigation complete; no suspect identified,
8358061b8e761f75088bf07dbd0247955afaa559832e128f44e1d6c703905aa5,2020-02,Norfolk Constabulary,Norfolk Constabulary,1.209914,52.645576,On or near Petrol Station,E01026925,South Norfolk 001F,Shoplifting,Unable to prosecute suspect,
e805136478cee70314617297edcd55224c5889c271d2ec1ef880b01f868e5562,2020-02,Norfolk Constabulary,Norfolk Constabulary,1.206388,52.645887,On or near Highfields,E01026925,South Norfolk 001F,Violence and sexual offences,Court result unavailable,
6ad9feddda442e1e06ba6f460342554c8e0d41df5aba7bbe941961e0acd57d70,2020-02,Norfolk Constabulary,Norfolk Constabulary,1.203332,52.646150,On or near St Walstan'S Close,E01026925,South Norfolk 001F,Violence and sexual offences,Unable to prosecute suspect,
03cc9ba7a74ab5ec4005e1d2307478774ef902b019fecd5007db1cd6beb41041,2020-02,Norfolk Constabulary,Norfolk Constabulary,1.205943,52.648085,On or near Round Well Road,E01026925,South Norfolk 001F,Violence and sexual offences,Unable to prosecute suspect,
b54989d71d91fdeddc7d6981ec328fae8915222b020d78c36f67573444eb8a83,2020-02,Norfolk Constabulary,Norfolk Constabulary,1.206388,52.645887,On or near Highfields,E01026925,South Norfolk 001F,Violence and sexual offences,Unable to prosecute suspect,
56dd003b38343fb7e2e7d567ece65a4ca7f963eb232223f253ea7ca02f918cd1,2020-02,Norfolk Constabulary,Norfolk Constabulary,1.205943,52.648085,On or near Round Well Road,E01026925,South Norfolk 001F,Violence and sexual offences,Unable to prosecute suspect,
04ed99d0c7559ca873e3905e28524fb27089855046f72031b1f6928f4f8b3425,2020-02,Norfolk Constabulary,Norfolk Constabulary,1.206388,52.645887,On or near Highfields,E01026925,South Norfolk 001F,Violence and sexual offences,Unable to prosecute suspect,
8bea019709f0e12a1e41c5df1fa9e42ac4c8dd80585cd31985e9cd3126b903b0,2020-02,Norfolk Constabulary,Norfolk Constabulary,1.214787,52.646694,On or near Stafford Avenue,E01026925,South Norfolk 001F,Violence and sexual offences,Unable to prosecute suspect,
a7aa642373ebfc028a7aa2d6537bea6352a8613c8ca649160b544ea9b47d09ba,2020-02,Norfolk Constabulary,Norfolk Constabulary,1.204924,52.647303,On or near Dereham Road,E01026925,South Norfolk 001F,Violence and sexual offences,Unable to prosecute suspect,
fcce4f1d62acd02b53b94b77b533f029320752652613cafa8595f1c199f5791f,2020-02,Norfolk Constabulary,Norfolk Constabulary,1.205943,52.648085,On or near Round Well Road,E01026925,South Norfolk 001F,Violence and sexual offences,Unable to prosecute suspect,
2b6592aea41e3b811cba686d3c221efe4c7dd6f9878ae89fd327519b4d2fb9f5,2020-02,Norfolk Constabulary,Norfolk Constabulary,1.212879,52.647501,On or near Richmond Road,E01026925,South Norfolk 001F,Violence and sexual offences,Action to be taken by another organisation,
e473b86bd63b6de7cb0419b3cd9ac5e776e36d3c0785c976fcc9cf2a33c7390d,2020-02,Norfolk Constabulary,Norfolk Constabulary,1.208698,52.647551,On or near East Hills Road,E01026925,South Norfolk 001F,Violence and sexual offences,Unable to prosecute suspect,
5fd185e3e1b992ada7eca8bccbdf84d6cbf8eada10eb22e5e3f71a63255c84dd,2020-02,Norfolk Constabulary,Norfolk Constabulary,1.213581,52.649200,On or near Chestnut Close,E01026925,South Norfolk 001F,Violence and sexual offences,Action to be taken by another organisation,
2269fe502b344126fa3ea6d190b4f0a349354130d21d306348667b3b57b997d5,2020-02,Norfolk Constabulary,Norfolk Constabulary,1.201490,52.646640,On or near Triumph Court,E01026925,South Norfolk 001F,Violence and sexual offences,Unable to prosecute suspect,
c08651b9cb2c7371fe3583f6670cfef05925711f04d65e49a214dbfa53f76a70,2020-02,Norfolk Constabulary,Norfolk Constabulary,1.212879,52.647501,On or near Richmond Road,E01026925,South Norfolk 001F,Other crime,Investigation complete; no suspect identified,
d310636bbc2bde51af097de14b9cb31d40051f23cb1a79be50b652f1bcb24c65,2020-02,Norfolk Constabulary,Norfolk Constabulary,1.181375,52.654090,On or near Alex Moorhouse Way,E01033538,South Norfolk 001G,Burglary,Investigation complete; no suspect identified,
dec84e5aa7222f2e6fa38450602af2012e4b1432c81e484e363144aec1235cb4,2020-02,Norfolk Constabulary,Norfolk Constabulary,1.188735,52.653217,On or near Ernest Gage Avenue,E01033538,South Norfolk 001G,Criminal damage and arson,Investigation complete; no suspect identified,
2141c640d9ab9e5f6e6c1985f4399e41d3292bedb730050c20c71e6876eadb7a,2020-02,Norfolk Constabulary,Norfolk Constabulary,1.185309,52.653489,On or near William Frost Way,E01033538,South Norfolk 001G,Criminal damage and arson,Investigation complete; no suspect identified,
5bad57fad065b16849b3b93f6231b17d23c6c2a7cae8bbd78a546c3e7c582a01,2020-02,Norfolk Constabulary,Norfolk Constabulary,1.188735,52.653217,On or near Ernest Gage Avenue,E01033538,South Norfolk 001G,Criminal damage and arson,Investigation complete; no suspect identified,
79ee67ae65eacaad9463fc45b7d39e19da3ec8f23ee1a729d6ca54ee6dafc533,2020-02,Norfolk Constabulary,Norfolk Constabulary,1.184911,52.663465,On or near Rose Avenue,E01033538,South Norfolk 001G,Criminal damage and arson,Investigation complete; no suspect identified,
18674596be2517bc209339f1fc50536240202338e105141235e94e8fa76c8288,2020-02,Norfolk Constabulary,Norfolk Constabulary,1.184028,52.662913,On or near Magnolia Way,E01033538,South Norfolk 001G,Criminal damage and arson,Unable to prosecute suspect,
fb524408a342638326a4f4e84fac599b09db145d245be531f479f9698e44c75a,2020-02,Norfolk Constabulary,Norfolk Constabulary,1.181375,52.654090,On or near Alex Moorhouse Way,E01033538,South Norfolk 001G,Criminal damage and arson,Unable to prosecute suspect,
2df4d7ab739a8c270cfe3be9b3bcc8c8f0008e5f349957e3dd2dfe393f3bdf32,2020-02,Norfolk Constabulary,Norfolk Constabulary,1.179321,52.664910,On or near St Simon Close,E01033538,South Norfolk 001G,Criminal damage and arson,Investigation complete; no suspect identified,
6d6a9e81144799eb38b7b73749c120ae46eac16e2cd5206f445e3089ce65d78d,2020-02,Norfolk Constabulary,Norfolk Constabulary,1.181375,52.654090,On or near Alex Moorhouse Way,E01033538,South Norfolk 001G,Criminal damage and arson,Unable to prosecute suspect,
15cb4bdd8cc2a99c1b4a78fd6cbf8a7a788ddc33474fa70c00a3574676337ef1,2020-02,Norfolk Constabulary,Norfolk Constabulary,1.184574,52.665128,On or near Robin Close,E01033538,South Norfolk 001G,Other theft,Investigation complete; no suspect identified,
ae739aad2b318213dac9b3650b07d9558794673a5314198b953d9bd040be50bb,2020-02,Norfolk Constabulary,Norfolk Constabulary,1.181375,52.654090,On or near Alex Moorhouse Way,E01033538,South Norfolk 001G,Public order,Unable to prosecute suspect,
ad243fde5952e5ea16af4804f0ad937791a810111aef27bd6f660e1fe51fa6a9,2020-02,Norfolk Constabulary,Norfolk Constabulary,1.181375,52.654090,On or near Alex Moorhouse Way,E01033538,South Norfolk 001G,Public order,Unable to prosecute suspect,
60dbe16e7e78236e1f06fcd0a7de73e5ef241d5156886772febe2302c98272b4,2020-02,Norfolk Constabulary,Norfolk Constabulary,1.181375,52.654090,On or near Alex Moorhouse Way,E01033538,South Norfolk 001G,Public order,Unable to prosecute suspect,
44a099c3313b7d3325cf4480443ecd9428136f3a9120213d61b9fc0b6f4ecd59,2020-02,Norfolk Constabulary,Norfolk Constabulary,1.181375,52.654090,On or near Alex Moorhouse Way,E01033538,South Norfolk 001G,Public order,Unable to prosecute suspect,
db32edcf41d62bc2a23a10a5f1ec60b27561396dc8a3d5f247b96bc3581954fb,2020-02,Norfolk Constabulary,Norfolk Constabulary,1.185309,52.653489,On or near William Frost Way,E01033538,South Norfolk 001G,Shoplifting,Unable to prosecute suspect,
c7825f34f2ceb6ea67f6e503f4096d5e2c1e4cab5dca05f153f3e47a3824fc81,2020-02,Norfolk Constabulary,Norfolk Constabulary,1.181375,52.654090,On or near Alex Moorhouse Way,E01033538,South Norfolk 001G,Shoplifting,Status update unavailable,
101832e90d13bd74e07de9e9bffb81c957bc58aa90a446a84976d7688ee6e851,2020-02,Norfolk Constabulary,Norfolk Constabulary,1.185309,52.653489,On or near William Frost Way,E01033538,South Norfolk 001G,Shoplifting,Status update unavailable,
778067216a105963239517193cc7a5a6367f38cd23180baafb94977ba0ed0067,2020-02,Norfolk Constabulary,Norfolk Constabulary,1.185309,52.653489,On or near William Frost Way,E01033538,South Norfolk 001G,Shoplifting,Status update unavailable,
265d6591ae753df2cacea571b55ee18dd13b9f6c748bacc97f8ef4d4f8e0552d,2020-02,Norfolk Constabulary,Norfolk Constabulary,1.185309,52.653489,On or near William Frost Way,E01033538,South Norfolk 001G,Shoplifting,Court result unavailable,
3173095ad107ca508977b623b30d5ae99853990daf54dcf46d97fb2fab85b124,2020-02,Norfolk Constabulary,Norfolk Constabulary,1.181375,52.654090,On or near Alex Moorhouse Way,E01033538,South Norfolk 001G,Shoplifting,Investigation complete; no suspect identified,
f0b376cb81cac19dd7e1fc1c00524cca750798f37f2624df20ed96ee980b3933,2020-02,Norfolk Constabulary,Norfolk Constabulary,1.181375,52.654090,On or near Alex Moorhouse Way,E01033538,South Norfolk 001G,Shoplifting,Action to be taken by another organisation,
88d968668760d384e24ceb1da26935145713c38a0a44d18d3f07cee62bc07812,2020-02,Norfolk Constabulary,Norfolk Constabulary,1.181375,52.654090,On or near Alex Moorhouse Way,E01033538,South Norfolk 001G,Shoplifting,Unable to prosecute suspect,
f36337fa105880757089e5c596661ef9302a1a7bd39fab25e4cda2123bef7390,2020-02,Norfolk Constabulary,Norfolk Constabulary,1.181375,52.654090,On or near Alex Moorhouse Way,E01033538,South Norfolk 001G,Shoplifting,Unable to prosecute suspect,
03373aaadbd67c2c9b9150a461a662e4bc8a809ee9a9e78e8b358948bae16b2a,2020-02,Norfolk Constabulary,Norfolk Constabulary,1.185309,52.653489,On or near William Frost Way,E01033538,South Norfolk 001G,Shoplifting,Offender given penalty notice,
d9f92378ade9bb5bb6f9462e5dbf81527b46a20b1a862a42f00ca240e142614f,2020-02,Norfolk Constabulary,Norfolk Constabulary,1.185309,52.653489,On or near William Frost Way,E01033538,South Norfolk 001G,Vehicle crime,Investigation complete; no suspect identified,
ca66ad8bd0b6d8fcde1e91c85e3271e5d511c85f866b4799361d745cbe0eb4dd,2020-02,Norfolk Constabulary,Norfolk Constabulary,1.185309,52.653489,On or near William Frost Way,E01033538,South Norfolk 001G,Vehicle crime,Investigation complete; no suspect identified,
a085b1872fde35b629fe817b63567076f8c7f59a17396b5ca0a34f1f7ea1ef31,2020-02,Norfolk Constabulary,Norfolk Constabulary,1.185309,52.653489,On or near William Frost Way,E01033538,South Norfolk 001G,Vehicle crime,Investigation complete; no suspect identified,
c9c2be3e86f6dd456dd6c7ed1b7127e80db30c8ae94488784dd8a6e1ec4af04e,2020-02,Norfolk Constabulary,Norfolk Constabulary,1.186553,52.666109,On or near Heron Road,E01033538,South Norfolk 001G,Violence and sexual offences,Formal action is not in the public interest,
fe68e124725fbc7ad8576bb30f55325aa8c6cf83406ddcbecfa703ee1e3ade15,2020-02,Norfolk Constabulary,Norfolk Constabulary,1.181375,52.654090,On or near Alex Moorhouse Way,E01033538,South Norfolk 001G,Violence and sexual offences,Unable to prosecute suspect,
8559ce5fc62072e7297db08c11cb87332fb47c45981f22a11d1a3e61e4540e54,2020-02,Norfolk Constabulary,Norfolk Constabulary,1.185309,52.653489,On or near William Frost Way,E01033538,South Norfolk 001G,Violence and sexual offences,Awaiting court outcome,
88ffa9e19732349777550fe070589511db0cbe802a88dc3194cd1d9b5f3d13a0,2020-02,Norfolk Constabulary,Norfolk Constabulary,1.181643,52.662464,On or near Bahram Road,E01033538,South Norfolk 001G,Violence and sexual offences,Unable to prosecute suspect,
3304c31da8823c3399463770887cddec81eda15a7864ebb7d691d6a4d0a1b6cd,2020-02,Norfolk Constabulary,Norfolk Constabulary,1.185309,52.653489,On or near William Frost Way,E01033538,South Norfolk 001G,Violence and sexual offences,Unable to prosecute suspect,
,2020-02,Norfolk Constabulary,Norfolk Constabulary,1.196905,52.660596,On or near Tower Close,E01033540,South Norfolk 001H,Anti-social behaviour,,
,2020-02,Norfolk Constabulary,Norfolk Constabulary,1.196905,52.660596,On or near Tower Close,E01033540,South Norfolk 001H,Anti-social behaviour,,
,2020-02,Norfolk Constabulary,Norfolk Constabulary,1.196905,52.660596,On or near Tower Close,E01033540,South Norfolk 001H,Anti-social behaviour,,
1356c9af2ca229c4b8e319a7ac4192fe3b27ea2a1947e2a5548a42f309531dc5,2020-02,Norfolk Constabulary,Norfolk Constabulary,1.215637,52.657274,On or near Lime Tree Avenue,E01033540,South Norfolk 001H,Criminal damage and arson,Local resolution,
b9cc886c79e98d573ab96bcbd20e9622e80ab259164b9fc90d66b424636b59a8,2020-02,Norfolk Constabulary,Norfolk Constabulary,1.213479,52.660103,On or near Kirklands,E01033540,South Norfolk 001H,Violence and sexual offences,Unable to prosecute suspect,
,2020-02,Norfolk Constabulary,Norfolk Constabulary,1.261005,52.594400,On or near Eaton Gate,E01026881,South Norfolk 002A,Anti-social behaviour,,
c97d89ece8720a361d0fd08cf52da2fd8809b94197fc009ce9e35e42d13b9319,2020-02,Norfolk Constabulary,Norfolk Constabulary,1.235971,52.605205,On or near Newmarket Road,E01026881,South Norfolk 002A,Burglary,Investigation complete; no suspect identified,
465b24cf5d76df8ece663a04be60a06df0adfba86c4d96a48f293459fce87b19,2020-02,Norfolk Constabulary,Norfolk Constabulary,1.256906,52.589908,On or near College Lane,E01026881,South Norfolk 002A,Criminal damage and arson,Investigation complete; no suspect identified,
0d4eba908dc663ac1df85e342cfcc1cc3e59ae1c70d008029eed7c5268aec09c,2020-02,Norfolk Constabulary,Norfolk Constabulary,1.234529,52.604075,On or near Newmarket Road,E01026881,South Norfolk 002A,Criminal damage and arson,Court result unavailable,
42d609b93250d6fcc74e18e0f3fbcc39cc550d4fff8f69abf484e36021c5c181,2020-02,Norfolk Constabulary,Norfolk Constabulary,1.235971,52.605205,On or near Newmarket Road,E01026881,South Norfolk 002A,Other theft,Local resolution,
f4ba167599c6978f1d3621dfc9b3294231eeadf680327f03136c222e63451253,2020-02,Norfolk Constabulary,Norfolk Constabulary,1.256906,52.589908,On or near College Lane,E01026881,South Norfolk 002A,Other theft,Unable to prosecute suspect,
6afddde8bacb81527b47ee8531e0cabd64c80d1158d4b05b00c43935387d4dac,2020-02,Norfolk Constabulary,Norfolk Constabulary,1.256906,52.589908,On or near College Lane,E01026881,South Norfolk 002A,Vehicle crime,Investigation complete; no suspect identified,
,2020-02,Norfolk Constabulary,Norfolk Constabulary,1.223643,52.621163,On or near Colney Lane,E01026882,South Norfolk 002B,Anti-social behaviour,,
,2020-02,Norfolk Constabulary,Norfolk Constabulary,1.232424,52.607380,On or near Woodpecker Lane,E01026882,South Norfolk 002B,Anti-social behaviour,,
,2020-02,Norfolk Constabulary,Norfolk Constabulary,1.229293,52.609803,On or near Round House Way,E01026882,South Norfolk 002B,Anti-social behaviour,,
,2020-02,Norfolk Constabulary,Norfolk Constabulary,1.229293,52.609803,On or near Round House Way,E01026882,South Norfolk 002B,Anti-social behaviour,,
,2020-02,Norfolk Constabulary,Norfolk Constabulary,1.229293,52.609803,On or near Round House Way,E01026882,South Norfolk 002B,Anti-social behaviour,,
,2020-02,Norfolk Constabulary,Norfolk Constabulary,1.229293,52.609803,On or near Round House Way,E01026882,South Norfolk 002B,Anti-social behaviour,,
397554559cbcc73571a6696ad22ed3362cb17974175ecd0eece838e450d099e8,2020-02,Norfolk Constabulary,Norfolk Constabulary,1.229293,52.609803,On or near Round House Way,E01026882,South Norfolk 002B,Public order,Court result unavailable,
d2a7da074093191deebfbc216d80e80eea57a9b03308024caeeab10b58d39e8e,2020-02,Norfolk Constabulary,Norfolk Constabulary,1.240252,52.604755,On or near Hill Farm Close,E01026882,South Norfolk 002B,Vehicle crime,Unable to prosecute suspect,
d1cb324dbfad9afd60a9d2f0539e7f400ba49e1d8b7b60d3c2de5fadfe69c9d2,2020-02,Norfolk Constabulary,Norfolk Constabulary,1.229293,52.609803,On or near Round House Way,E01026882,South Norfolk 002B,Violence and sexual offences,Unable to prosecute suspect,
2033e2d066b661bb383a45483ffdebfac47b58bc1d32a549085ab3eca50b9d24,2020-02,Norfolk Constabulary,Norfolk Constabulary,1.229159,52.607586,On or near Peregrine Mews,E01026882,South Norfolk 002B,Violence and sexual offences,Investigation complete; no suspect identified,
8c1919e42a08ab11ee7862a176fb0f90625a21d47c385521a2ce8838b339b8b7,2020-02,Norfolk Constabulary,Norfolk Constabulary,1.238083,52.609195,On or near Newfound Drive,E01026882,South Norfolk 002B,Violence and sexual offences,Action to be taken by another organisation,
24408e13364704c513386420dc4276b109b8b4c05b3fea7046b5482e102446a5,2020-02,Norfolk Constabulary,Norfolk Constabulary,1.229293,52.609803,On or near Round House Way,E01026882,South Norfolk 002B,Violence and sexual offences,Unable to prosecute suspect,
bb7079fa12c303a468fc4df3b75501847f1e8be95668befad48563da56a9c060,2020-02,Norfolk Constabulary,Norfolk Constabulary,1.229293,52.609803,On or near Round House Way,E01026882,South Norfolk 002B,Violence and sexual offences,Unable to prosecute suspect,
4db6dfe7cb692600392523996734f0bce3d1d9a87d9aba880083dee6f57b2134,2020-02,Norfolk Constabulary,Norfolk Constabulary,1.242878,52.607516,On or near Gilbert Way,E01026882,South Norfolk 002B,Violence and sexual offences,Status update unavailable,
,2020-02,Norfolk Constabulary,Norfolk Constabulary,1.191968,52.644613,On or near Long Lane,E01026883,South Norfolk 002C,Anti-social behaviour,,
,2020-02,Norfolk Constabulary,Norfolk Constabulary,1.187180,52.632664,On or near Hockering Lane,E01026883,South Norfolk 002C,Anti-social behaviour,,
,2020-02,Norfolk Constabulary,Norfolk Constabulary,1.221052,52.618086,On or near Hospital,E01026883,South Norfolk 002C,Anti-social behaviour,,
4609db654bedf6b6478d8a10732b9a3e8cf8e136dedd51a00d0c7c949dec8946,2020-02,Norfolk Constabulary,Norfolk Constabulary,1.221052,52.618086,On or near Hospital,E01026883,South Norfolk 002C,Criminal damage and arson,Unable to prosecute suspect,
45bfa9ae647dcb73c557ffa6eb714bd313789ee37823f8347798b88858ca05c4,2020-02,Norfolk Constabulary,Norfolk Constabulary,1.221052,52.618086,On or near Hospital,E01026883,South Norfolk 002C,Criminal damage and arson,Status update unavailable,
3ef3435612154077e9b1622ffde2448d04638b40a3f7d8f26fd0a2bb6149390a,2020-02,Norfolk Constabulary,Norfolk Constabulary,1.221052,52.618086,On or near Hospital,E01026883,South Norfolk 002C,Public order,Court result unavailable,
787710bebdff92f55af942bdac32609df1c1bf6bf637bde748bc08ab211f540d,2020-02,Norfolk Constabulary,Norfolk Constabulary,1.223825,52.627058,On or near Old Watton Road,E01026883,South Norfolk 002C,Vehicle crime,Investigation complete; no suspect identified,
1918c8cf96e876f976b0eb22aa62761ba7bb2ad7ea26dbebb518bb82b6f545ed,2020-02,Norfolk Constabulary,Norfolk Constabulary,1.221052,52.618086,On or near Hospital,E01026883,South Norfolk 002C,Violence and sexual offences,Unable to prosecute suspect,
6ff89688df665885c55526d684146232fbf7b52a2a045f543960bb41a2432871,2020-02,Norfolk Constabulary,Norfolk Constabulary,1.184227,52.616834,On or near Ringwood Close,E01026883,South Norfolk 002C,Violence and sexual offences,Unable to prosecute suspect,
9d36578c4e90d7aeeecc4560bada09a57c2e2714b5d9718dd56365833389fb62,2020-02,Norfolk Constabulary,Norfolk Constabulary,1.184227,52.616834,On or near Ringwood Close,E01026883,South Norfolk 002C,Violence and sexual offences,Unable to prosecute suspect,
54dabfc10efbeba59472a7db50e2ce2a0f7c1261f2dd498d572d9e7c88a333d3,2020-02,Norfolk Constabulary,Norfolk Constabulary,1.191968,52.644613,On or near Long Lane,E01026883,South Norfolk 002C,Violence and sexual offences,Unable to prosecute suspect,
7cfa13fa8d57d9f274f779bf042a1dea59ddbe319bc6ba014fb06cbf3bad91bc,2020-02,Norfolk Constabulary,Norfolk Constabulary,1.184227,52.616834,On or near Ringwood Close,E01026883,South Norfolk 002C,Violence and sexual offences,Unable to prosecute suspect,
967f6b81a36bb68cd71e417f30c7a4ca84c6c4ed4162bb2e5f0f154d9117443f,2020-02,Norfolk Constabulary,Norfolk Constabulary,1.221052,52.618086,On or near Hospital,E01026883,South Norfolk 002C,Violence and sexual offences,Unable to prosecute suspect,
b47493d9102953e1df8616e5a4062d1b173cbea06672474af73d03052484e00e,2020-02,Norfolk Constabulary,Norfolk Constabulary,1.221052,52.618086,On or near Hospital,E01026883,South Norfolk 002C,Violence and sexual offences,Unable to prosecute suspect,
dbfac79d3ba1951a9b0b4a5dc65ba39e23ebe1d5765e764b92567c25498e0de5,2020-02,Norfolk Constabulary,Norfolk Constabulary,1.221052,52.618086,On or near Hospital,E01026883,South Norfolk 002C,Violence and sexual offences,Unable to prosecute suspect,
4a6dcd4c47cb95cfef0c1ed852c194428113143b168e4f64002a00443b63963a,2020-02,Norfolk Constabulary,Norfolk Constabulary,1.221052,52.618086,On or near Hospital,E01026883,South Norfolk 002C,Violence and sexual offences,Offender given a caution,
d7df2d0b7e86454c5dc4dfac96e44d166eeb697eaa7fc781cb6d5af4d01b631e,2020-02,Norfolk Constabulary,Norfolk Constabulary,1.197226,52.645551,On or near Dolphin Road,E01026883,South Norfolk 002C,Violence and sexual offences,Unable to prosecute suspect,
93f52c3ea6c295c1ca755cd67ab40b445696b3c1c2fe94ea70329c713dbcb4e1,2020-02,Norfolk Constabulary,Norfolk Constabulary,1.221052,52.618086,On or near Hospital,E01026883,South Norfolk 002C,Violence and sexual offences,Action to be taken by another organisation,
a527a25db35bb5ccdbc2dae9716bf62e429231e61c596003571c07eefbc4a566,2020-02,Norfolk Constabulary,Norfolk Constabulary,1.196187,52.614695,On or near Braymeadow,E01026883,South Norfolk 002C,Violence and sexual offences,Unable to prosecute suspect,
c37b4e596153ccda7fb3ff97efd56a08053514071158fe8bf5c9a2c5614d7acf,2020-02,Norfolk Constabulary,Norfolk Constabulary,1.221052,52.618086,On or near Hospital,E01026883,South Norfolk 002C,Violence and sexual offences,Unable to prosecute suspect,
70fa83a61817112eaff8b520aa4749263f3480af23def49fb7cda09c03599615,2020-02,Norfolk Constabulary,Norfolk Constabulary,1.221052,52.618086,On or near Hospital,E01026883,South Norfolk 002C,Other crime,Action to be taken by another organisation,
3d38e265d5516303dcbb8f77c54f39c4f4402e6031bfb29280a9ee879176d956,2020-02,Norfolk Constabulary,Norfolk Constabulary,1.203926,52.631025,On or near Park/Open Space,E01026883,South Norfolk 002C,Other crime,Offender given a caution,
bd0b330f2fec67616efcba34ae4cf36e72419f4161770b9c08ca7032026aa882,2020-02,Norfolk Constabulary,Norfolk Constabulary,1.221052,52.618086,On or near Hospital,E01026883,South Norfolk 002C,Other crime,Action to be taken by another organisation,
cf7a29119498a7e968e34214b09c73b51620b46ee1122f9784f5c249e7bc02e9,2020-02,Norfolk Constabulary,Norfolk Constabulary,1.221052,52.618086,On or near Hospital,E01026883,South Norfolk 002C,Other crime,Action to be taken by another organisation,
,2020-02,Norfolk Constabulary,Norfolk Constabulary,1.151012,52.656313,On or near Church Lane,E01026895,South Norfolk 002D,Anti-social behaviour,,
498b80fec0af52b95bb29b7bd64068e4c40b69b44d650873adb0adaf5a8cdcf5,2020-02,Norfolk Constabulary,Norfolk Constabulary,1.162244,52.653757,On or near Cardinal Close,E01026895,South Norfolk 002D,Public order,Unable to prosecute suspect,
9f7af6489d599cf7d0d24b8c95cb9af5a40b9f777e4f44a979e2d61bb78676bf,2020-02,Norfolk Constabulary,Norfolk Constabulary,1.160849,52.652049,On or near Eddington Way,E01026895,South Norfolk 002D,Violence and sexual offences,Unable to prosecute suspect,
,2020-02,Norfolk Constabulary,Norfolk Constabulary,1.129884,52.602177,On or near Green Lane,E01026896,South Norfolk 002E,Anti-social behaviour,,
9b776b0ccdc9481b2194c80665311a104f3e9037bd2aa8d8878b61b705f5d5b3,2020-02,Norfolk Constabulary,Norfolk Constabulary,1.116543,52.626865,On or near Church Lane,E01026896,South Norfolk 002E,Burglary,Investigation complete; no suspect identified,
7ef0d70b32f71aa99d23b67010170bd3f9254b8fd43f4ce2a36a88b52021b4ba,2020-02,Norfolk Constabulary,Norfolk Constabulary,1.119528,52.624789,On or near Cock Street,E01026896,South Norfolk 002E,Criminal damage and arson,Unable to prosecute suspect,
360758bba7b46c0b5c365efa653b109c36b1950ed21859c6f01219cdc43580f0,2020-02,Norfolk Constabulary,Norfolk Constabulary,1.123493,52.625467,On or near Park Avenue,E01026896,South Norfolk 002E,Other theft,Investigation complete; no suspect identified,
0c2548e0a8a011504f15b299676f77ff8653e5efed120648879034ca40039101,2020-02,Norfolk Constabulary,Norfolk Constabulary,1.149372,52.604718,On or near High Green,E01026896,South Norfolk 002E,Violence and sexual offences,Unable to prosecute suspect,
a2c3c68e2f91c079a9ac77e37bf73665d81342a6a46a753ec9b8644bd21fafde,2020-02,Norfolk Constabulary,Norfolk Constabulary,1.166852,52.598028,On or near Muriel Kenny Court,E01026905,South Norfolk 003A,Criminal damage and arson,Investigation complete; no suspect identified,
1c7d3d7b59fc346f94d800afebe96917593578684218ec1cc7478690066556dc,2020-02,Norfolk Constabulary,Norfolk Constabulary,1.172605,52.598746,On or near Park Drive,E01026905,South Norfolk 003A,Criminal damage and arson,Investigation complete; no suspect identified,
c049e87454ceb225625e839d49e387a668524aa22bd59b541362e3fde5ddef42,2020-02,Norfolk Constabulary,Norfolk Constabulary,1.172605,52.598746,On or near Park Drive,E01026905,South Norfolk 003A,Other theft,Unable to prosecute suspect,
,2020-02,Norfolk Constabulary,Norfolk Constabulary,1.166277,52.600300,On or near Childs Road,E01026906,South Norfolk 003B,Anti-social behaviour,,
7020632d20476365250375d08a533bc6064a4d2b1dbd7d9ad03e6488efa59031,2020-02,Norfolk Constabulary,Norfolk Constabulary,1.170079,52.601404,On or near Glengarry Close,E01026906,South Norfolk 003B,Burglary,Investigation complete; no suspect identified,
6d240b82d2f80988452627ee99445dc9557cbed592d500a0652180f7de123adc,2020-02,Norfolk Constabulary,Norfolk Constabulary,1.174734,52.596126,On or near Firs Road,E01026906,South Norfolk 003B,Criminal damage and arson,Investigation complete; no suspect identified,
60336abbe300be36a99d5d76bf429273ea7e8245b5e3faf19109cb09053ad203,2020-02,Norfolk Constabulary,Norfolk Constabulary,1.162912,52.589472,On or near Kett'S Oak,E01026906,South Norfolk 003B,Criminal damage and arson,Court result unavailable,
02c7295fcef51f689e90dc7163a210d98736c53e39c89154fec4311157fe15d8,2020-02,Norfolk Constabulary,Norfolk Constabulary,1.162912,52.589472,On or near Kett'S Oak,E01026906,South Norfolk 003B,Criminal damage and arson,Unable to prosecute suspect,
8ecb48e96d40b516e73cd7ba2314520184f6583e750f53a3c85216dfd1f02544,2020-02,Norfolk Constabulary,Norfolk Constabulary,1.176924,52.595374,On or near Priory Close,E01026906,South Norfolk 003B,Other theft,Unable to prosecute suspect,
f53b49af5e262652bbc4a7d388d4452b7ea4cdfbc43ea8ca63b5ce7eda66fe66,2020-02,Norfolk Constabulary,Norfolk Constabulary,1.162912,52.589472,On or near Kett'S Oak,E01026906,South Norfolk 003B,Other theft,Investigation complete; no suspect identified,
2b995f2d3b198dbfeb1d7b03d14d3fba22f89c16af2be76ae9dbd98a6c0b2097,2020-02,Norfolk Constabulary,Norfolk Constabulary,1.162912,52.589472,On or near Kett'S Oak,E01026906,South Norfolk 003B,Public order,Unable to prosecute suspect,
5a83aee7f9d37c04c737401575cfccd41656c913338e6c740e34af0142666a90,2020-02,Norfolk Constabulary,Norfolk Constabulary,1.170079,52.601404,On or near Glengarry Close,E01026906,South Norfolk 003B,Violence and sexual offences,Unable to prosecute suspect,
8686e6ea773c60af957cb7a3577aac37266efe6e37c507002d2d88966992f45f,2020-02,Norfolk Constabulary,Norfolk Constabulary,1.162912,52.589472,On or near Kett'S Oak,E01026906,South Norfolk 003B,Violence and sexual offences,Court result unavailable,
,2020-02,Norfolk Constabulary,Norfolk Constabulary,1.175172,52.601357,On or near Cromwell Close,E01026907,South Norfolk 003C,Anti-social behaviour,,
,2020-02,Norfolk Constabulary,Norfolk Constabulary,1.175172,52.601357,On or near Cromwell Close,E01026907,South Norfolk 003C,Anti-social behaviour,,
ef44ea5e057dce2be22534c1f1be9604f8bd5ab5472abde14e05a69712428e3c,2020-02,Norfolk Constabulary,Norfolk Constabulary,1.184285,52.597902,On or near The Old Orchard,E01026907,South Norfolk 003C,Other crime,Unable to prosecute suspect,
,2020-02,Norfolk Constabulary,Norfolk Constabulary,1.189408,52.603753,On or near Lakeland Way,E01026908,South Norfolk 003D,Anti-social behaviour,,
1f3f5e0c0c275181f5fc1df3831393bd08b500a3089fc93b9bacca957e7cf6a0,2020-02,Norfolk Constabulary,Norfolk Constabulary,1.188530,52.604074,On or near Birch Road,E01026908,South Norfolk 003D,Violence and sexual offences,Unable to prosecute suspect,
3e5d6eb4415105b457b03981a92f5d32116697acc4d3895f539ae2e6f1076b06,2020-02,Norfolk Constabulary,Norfolk Constabulary,1.187004,52.602388,On or near Cartmel,E01026908,South Norfolk 003D,Violence and sexual offences,Unable to prosecute suspect,
bc4979cef1b2d5b7cc1827c342ada956d4deaf41310a707cd2853a8aff084e3b,2020-02,Norfolk Constabulary,Norfolk Constabulary,1.188530,52.604074,On or near Birch Road,E01026908,South Norfolk 003D,Violence and sexual offences,Unable to prosecute suspect,
400c4a55bd4273bdecdcf5090454d6c387f2a5ed3d6391b592517185c07f70cd,2020-02,Norfolk Constabulary,Norfolk Constabulary,1.189408,52.603753,On or near Lakeland Way,E01026908,South Norfolk 003D,Violence and sexual offences,Unable to prosecute suspect,
2d64126d4dc816a9c36885bbd239e10eed92cbb29b42761f39484a5c7be03f3e,2020-02,Norfolk Constabulary,Norfolk Constabulary,1.188530,52.604074,On or near Birch Road,E01026908,South Norfolk 003D,Violence and sexual offences,Unable to prosecute suspect,
42c843d9eaa368b51f5aa39007d054b93b82394c93a8b2c9a918b46261f096cf,2020-02,Norfolk Constabulary,Norfolk Constabulary,1.188530,52.604074,On or near Birch Road,E01026908,South Norfolk 003D,Violence and sexual offences,Awaiting court outcome,
3780326d5211d545882ec670e57cd5afcc9c9268ef5fe8bbab3466fdcdb2697d,2020-02,Norfolk Constabulary,Norfolk Constabulary,1.186616,52.603145,On or near Kendal Close,E01026908,South Norfolk 003D,Violence and sexual offences,Unable to prosecute suspect,
b927e5b31391216fecf6e5db68303544be34c840972aa38536135d7fb192ca94,2020-02,Norfolk Constabulary,Norfolk Constabulary,1.188530,52.604074,On or near Birch Road,E01026908,South Norfolk 003D,Violence and sexual offences,Unable to prosecute suspect,
7d9f64d46f70690e460390e4cc0ba11d34f5dd2de1cd81210e0a12235e716428,2020-02,Norfolk Constabulary,Norfolk Constabulary,1.189408,52.603753,On or near Lakeland Way,E01026908,South Norfolk 003D,Violence and sexual offences,Unable to prosecute suspect,
2437ce5d915ec0eccc1a537b681bec836aa9c7c0e5de99d541a2a0a91ba448ac,2020-02,Norfolk Constabulary,Norfolk Constabulary,1.188530,52.604074,On or near Birch Road,E01026908,South Norfolk 003D,Violence and sexual offences,Unable to prosecute suspect,
3834d8ce050a1f74dc338eebf50c234ab5295bb5ee8e01058e6677fd03ff2482,2020-02,Norfolk Constabulary,Norfolk Constabulary,1.223700,52.603660,On or near A47,E01026908,South Norfolk 003D,Other crime,Court result unavailable,
,2020-02,Norfolk Constabulary,Norfolk Constabulary,0.989764,52.580394,On or near Ringers Lane,E01026909,South Norfolk 004A,Anti-social behaviour,,
a637d9d4d60693998cb117061215acedaea934b1887e7d5bcb8ec87e18b5d77f,2020-02,Norfolk Constabulary,Norfolk Constabulary,0.984121,52.578828,On or near Copper Lane,E01026909,South Norfolk 004A,Criminal damage and arson,Unable to prosecute suspect,
02d483a474ec130cd6352da344ede89d64e1c966888e08442e8bd654d9792848,2020-02,Norfolk Constabulary,Norfolk Constabulary,0.994694,52.580602,On or near Lincoln Avenue,E01026909,South Norfolk 004A,Violence and sexual offences,Unable to prosecute suspect,
04e123b955b866bb1b559455e719a9d04db81e53f8c7da3e29df56699e5a6e54,2020-02,Norfolk Constabulary,Norfolk Constabulary,0.965914,52.580059,On or near Watton Road,E01026910,South Norfolk 004B,Criminal damage and arson,Unable to prosecute suspect,
18334ad29e3d4a714b93ba740d8abf28e99fd93fc1a1a01586470a8f049f13ce,2020-02,Norfolk Constabulary,Norfolk Constabulary,0.988978,52.576664,On or near Mill Corner,E01026910,South Norfolk 004B,Public order,Unable to prosecute suspect,
037c23f4986ff79dc57683ad17622e859fd70f2fd1f875f7447c4ea85a7e3ebc,2020-02,Norfolk Constabulary,Norfolk Constabulary,0.977611,52.571636,On or near Attleborough Road,E01026910,South Norfolk 004B,Public order,Unable to prosecute suspect,
b20c3d3fcb353ffb30200af12e81cd14201a75a97eee0133e68f78aed81de113,2020-02,Norfolk Constabulary,Norfolk Constabulary,0.975346,52.582439,On or near Springfield Way,E01026910,South Norfolk 004B,Vehicle crime,Unable to prosecute suspect,
839384ffe6a0cd6ea034749e282ba1725f26ff00145a289c648c78561ec2faa2,2020-02,Norfolk Constabulary,Norfolk Constabulary,0.997988,52.580195,On or near Ironside Way,E01026910,South Norfolk 004B,Violence and sexual offences,Unable to prosecute suspect,
1a7ba18be47249ea9b3ca2356e908eed42f7573da30c3da9eedf665d44ca54be,2020-02,Norfolk Constabulary,Norfolk Constabulary,0.986868,52.573848,On or near Hall Moor Road,E01026910,South Norfolk 004B,Other crime,Unable to prosecute suspect,
c50a5bbc1700c8425d90635c30e22cf201e607c465e84370893703378a09f5e6,2020-02,Norfolk Constabulary,Norfolk Constabulary,1.084072,52.624334,On or near Norwich Road,E01026947,South Norfolk 004C,Burglary,Investigation complete; no suspect identified,
1c21a872c132d40c72698193e5006a82320f31a7ddb0ddce81dfde8a02190406,2020-02,Norfolk Constabulary,Norfolk Constabulary,1.068388,52.625326,On or near Mill Road,E01026947,South Norfolk 004C,Criminal damage and arson,Court result unavailable,
460dfa1dffb30ce40cf29cb9a20495186f96e3e982fc607fb328df0fc1568f73,2020-02,Norfolk Constabulary,Norfolk Constabulary,1.068388,52.625326,On or near Mill Road,E01026947,South Norfolk 004C,Robbery,Court result unavailable,
509e63454df59aaf7f4ba1ccdb4a6b460cf833dd1e6c02f4d0861b7acbcb6e7a,2020-02,Norfolk Constabulary,Norfolk Constabulary,1.095120,52.610852,On or near Low Road,E01026947,South Norfolk 004C,Violence and sexual offences,Investigation complete; no suspect identified,
4fcbc7493e5a37264e19ec680ee7f2ba013d3da40b07547aa1131cbc4e6b8bf6,2020-02,Norfolk Constabulary,Norfolk Constabulary,1.062514,52.630505,On or near Church Road,E01026947,South Norfolk 004C,Violence and sexual offences,Unable to prosecute suspect,
f41f123ec89e9c2cba92746dd1992797b53134d344fbbbb687d11047515de4a6,2020-02,Norfolk Constabulary,Norfolk Constabulary,1.095120,52.610852,On or near Low Road,E01026947,South Norfolk 004C,Violence and sexual offences,Investigation complete; no suspect identified,
6d3f744dd028f213a438b3d02324f2141ce99177ef2251fd615604ad038c563a,2020-02,Norfolk Constabulary,Norfolk Constabulary,1.061590,52.582775,On or near Hillside Crescent,E01026947,South Norfolk 004C,Violence and sexual offences,Unable to prosecute suspect,
,2020-02,Norfolk Constabulary,Norfolk Constabulary,1.056463,52.538814,On or near Sports/Recreation Area,E01026948,South Norfolk 004D,Anti-social behaviour,,
ae3d7c4e56cdb8f9b58a5014e1ea7928c54028e7cc553d178685a601bad6ea63,2020-02,Norfolk Constabulary,Norfolk Constabulary,1.054721,52.544309,On or near Golf Links Road,E01026948,South Norfolk 004D,Violence and sexual offences,Investigation complete; no suspect identified,
,2020-02,Norfolk Constabulary,Norfolk Constabulary,1.113117,52.571125,On or near Back Lane,E01026870,South Norfolk 005A,Anti-social behaviour,,
,2020-02,Norfolk Constabulary,Norfolk Constabulary,1.111431,52.569199,On or near Chandlers Close,E01026870,South Norfolk 005A,Anti-social behaviour,,
,2020-02,Norfolk Constabulary,Norfolk Constabulary,1.115205,52.568507,On or near Russell Way,E01026870,South Norfolk 005A,Anti-social behaviour,,
,2020-02,Norfolk Constabulary,Norfolk Constabulary,1.111431,52.569199,On or near Chandlers Close,E01026870,South Norfolk 005A,Anti-social behaviour,,
,2020-02,Norfolk Constabulary,Norfolk Constabulary,1.111193,52.569179,On or near Chandler'S Hill,E01026870,South Norfolk 005A,Anti-social behaviour,,
,2020-02,Norfolk Constabulary,Norfolk Constabulary,1.111431,52.569199,On or near Chandlers Close,E01026870,South Norfolk 005A,Anti-social behaviour,,
,2020-02,Norfolk Constabulary,Norfolk Constabulary,1.111431,52.569199,On or near Chandlers Close,E01026870,South Norfolk 005A,Anti-social behaviour,,
,2020-02,Norfolk Constabulary,Norfolk Constabulary,1.114417,52.570092,On or near Bridewell Street,E01026870,South Norfolk 005A,Anti-social behaviour,,
,2020-02,Norfolk Constabulary,Norfolk Constabulary,1.115205,52.568507,On or near Russell Way,E01026870,South Norfolk 005A,Anti-social behaviour,,
,2020-02,Norfolk Constabulary,Norfolk Constabulary,1.114417,52.570092,On or near Bridewell Street,E01026870,South Norfolk 005A,Anti-social behaviour,,
a62db49f90b58126aa1d71a35c6b385f7b89e1a65338cda98f1c8bdcfd8ae83d,2020-02,Norfolk Constabulary,Norfolk Constabulary,1.111425,52.574533,On or near Rattle Row,E01026870,South Norfolk 005A,Bicycle theft,Investigation complete; no suspect identified,
6e6f653411bc704919c3857a08c72114ef0d9a1239b6527787619362d36957ea,2020-02,Norfolk Constabulary,Norfolk Constabulary,1.114417,52.570092,On or near Bridewell Street,E01026870,South Norfolk 005A,Public order,Unable to prosecute suspect,
4523289cb9487ace3dd53f7c9a8f0d9367b2550b542018311b3eea2749c5c13d,2020-02,Norfolk Constabulary,Norfolk Constabulary,1.114417,52.570092,On or near Bridewell Street,E01026870,South Norfolk 005A,Shoplifting,Unable to prosecute suspect,
c21a292dd1cc032aab56a617be750db7b9fbcc0481896790952b6da92696e9bb,2020-02,Norfolk Constabulary,Norfolk Constabulary,1.114417,52.570092,On or near Bridewell Street,E01026870,South Norfolk 005A,Shoplifting,Court result unavailable,
2f122e42544ac7f442a96fc4f712696a305fe1d9b49e1cac91ecf44d41cec83a,2020-02,Norfolk Constabulary,Norfolk Constabulary,1.109069,52.573363,On or near West Gate,E01026870,South Norfolk 005A,Shoplifting,Investigation complete; no suspect identified,
5d5614a17467bd270b3ab84cf3fb15603b7c14a2b19507d3a605c0f74ab9d1ad,2020-02,Norfolk Constabulary,Norfolk Constabulary,1.114417,52.570092,On or near Bridewell Street,E01026870,South Norfolk 005A,Shoplifting,Court result unavailable,
400ec1f0b3f4b31648aeebe8486864cf5659d16977089699da7957a4df267654,2020-02,Norfolk Constabulary,Norfolk Constabulary,1.108686,52.574209,On or near Applegarth Court,E01026870,South Norfolk 005A,Violence and sexual offences,Unable to prosecute suspect,
5a370421c5e63fed816230fb29b4405ec6c8d5a2e4f4517a51f30828edcb9790,2020-02,Norfolk Constabulary,Norfolk Constabulary,1.110146,52.571688,On or near Middleton Street,E01026870,South Norfolk 005A,Violence and sexual offences,Further action is not in the public interest,
e8398b2914974785a3838d53bd443e1c11ec068333f3341d419825f883aa19ea,2020-02,Norfolk Constabulary,Norfolk Constabulary,1.110146,52.571688,On or near Middleton Street,E01026870,South Norfolk 005A,Violence and sexual offences,Unable to prosecute suspect,
29088c418e8f8c0324dbd645150311dc17043f64217ed0767d86b59b82e72a02,2020-02,Norfolk Constabulary,Norfolk Constabulary,1.114417,52.570092,On or near Bridewell Street,E01026870,South Norfolk 005A,Violence and sexual offences,Investigation complete; no suspect identified,
041e4d052bca03bf14d6868ed8d478c7cac882f5576008b28a3ce37053a39cb3,2020-02,Norfolk Constabulary,Norfolk Constabulary,1.112524,52.569620,On or near Brewery Lane,E01026870,South Norfolk 005A,Violence and sexual offences,Unable to prosecute suspect,
9a4b633c2e6b9d3f5b017a9ea068ada654f7d70436565d49ea0e53ae650054fc,2020-02,Norfolk Constabulary,Norfolk Constabulary,1.112007,52.571702,On or near Standley Court,E01026870,South Norfolk 005A,Violence and sexual offences,Unable to prosecute suspect,
93addd6edd097110f0ec3e4795707dbd9dc5aa9f86235642954c745cf4b52433,2020-02,Norfolk Constabulary,Norfolk Constabulary,1.115205,52.568507,On or near Russell Way,E01026870,South Norfolk 005A,Violence and sexual offences,Awaiting court outcome,
5222d9baf898b0f53a7d4df9a53273686d7f50f8bebff332fbb522f550b5aa3c,2020-02,Norfolk Constabulary,Norfolk Constabulary,1.116113,52.569238,On or near Avenue Road,E01026870,South Norfolk 005A,Violence and sexual offences,Unable to prosecute suspect,
,2020-02,Norfolk Constabulary,Norfolk Constabulary,1.100588,52.580771,On or near Longlands Drive,E01026871,South Norfolk 005B,Anti-social behaviour,,
846ef344deae0c4195f63df1ffa628bf8145e4e4fe9250f8f7965dfd191e2d11,2020-02,Norfolk Constabulary,Norfolk Constabulary,1.106908,52.577448,On or near Palm Close,E01026871,South Norfolk 005B,Vehicle crime,Investigation complete; no suspect identified,
,2020-02,Norfolk Constabulary,Norfolk Constabulary,1.115241,52.579630,On or near Clifton Road,E01026921,South Norfolk 005C,Anti-social behaviour,,
aed53ba545a7024df58c852b6d1ca37f8646cdc1579f038e35247ea22bdd16b9,2020-02,Norfolk Constabulary,Norfolk Constabulary,1.115241,52.579630,On or near Clifton Road,E01026921,South Norfolk 005C,Violence and sexual offences,Investigation complete; no suspect identified,
7e1f11a6fa07faf2cb36f2a94a58574a2a132d38fe9b872a273fcdddc778af7a,2020-02,Norfolk Constabulary,Norfolk Constabulary,1.119723,52.579332,On or near Talbot Close,E01026921,South Norfolk 005C,Violence and sexual offences,Unable to prosecute suspect,
9fb9be989b4d5cbe7fee0f226897047584e38d82f14245bb59c75d15e8c4fb83,2020-02,Norfolk Constabulary,Norfolk Constabulary,1.110999,52.580812,On or near Millway,E01026922,South Norfolk 005D,Criminal damage and arson,Investigation complete; no suspect identified,
45d4c9bd85cb6b1b6fb9b7220bd70056b873dc663691bcd1303ebc1fba2602af,2020-02,Norfolk Constabulary,Norfolk Constabulary,1.112454,52.576763,On or near Queensway,E01026922,South Norfolk 005D,Public order,Formal action is not in the public interest,
50fc1124ae04f621f4b26fb68d0a40831c79479fd2cccd494e7dda8132a5cb96,2020-02,Norfolk Constabulary,Norfolk Constabulary,1.112169,52.577733,On or near Edwin Close,E01026922,South Norfolk 005D,Violence and sexual offences,Unable to prosecute suspect,
5477bea5f61f347ef553e388536592913badd3f3190a9ce461c97e2f69a9ac93,2020-02,Norfolk Constabulary,Norfolk Constabulary,1.113364,52.578151,On or near Ethel Gooch Road,E01026922,South Norfolk 005D,Violence and sexual offences,Action to be taken by another organisation,
694814941258b333dec680905f384c7f24bd9b8c5c80961e5d6ebac4ffa23f93,2020-02,Norfolk Constabulary,Norfolk Constabulary,1.110293,52.576883,On or near May Close,E01026922,South Norfolk 005D,Violence and sexual offences,Unable to prosecute suspect,
9a063f699a10d36395ed564110a1978c883a932f2471179167bcce62460eb1b7,2020-02,Norfolk Constabulary,Norfolk Constabulary,1.377526,52.546540,On or near Churchill Place,E01026876,South Norfolk 006B,Other theft,Investigation complete; no suspect identified,
982175abf21cb5078bdb8cef8d4a244e8ea3089a742ef392ab036db1aaf1eee4,2020-02,Norfolk Constabulary,Norfolk Constabulary,1.405674,52.569566,On or near Loddon Road,E01026876,South Norfolk 006B,Violence and sexual offences,Unable to prosecute suspect,
,2020-02,Norfolk Constabulary,Norfolk Constabulary,1.340425,52.577435,On or near Oakcroft Drive,E01026926,South Norfolk 006C,Anti-social behaviour,,
,2020-02,Norfolk Constabulary,Norfolk Constabulary,1.337900,52.578594,On or near Highgrove Court,E01026926,South Norfolk 006C,Anti-social behaviour,,
,2020-02,Norfolk Constabulary,Norfolk Constabulary,1.337900,52.578594,On or near Highgrove Court,E01026926,South Norfolk 006C,Anti-social behaviour,,
,2020-02,Norfolk Constabulary,Norfolk Constabulary,1.341333,52.574037,On or near Hillside,E01026926,South Norfolk 006C,Anti-social behaviour,,
,2020-02,Norfolk Constabulary,Norfolk Constabulary,1.337900,52.578594,On or near Highgrove Court,E01026926,South Norfolk 006C,Anti-social behaviour,,
b5d5c20de46e2e799caa1dc24eeb479349da6ae79fb970deec560d35064e7612,2020-02,Norfolk Constabulary,Norfolk Constabulary,1.336911,52.575286,On or near Stoke Road,E01026926,South Norfolk 006C,Criminal damage and arson,Unable to prosecute suspect,
7076fda9f262eba3befa6c61bff9a28bdd017fa591a7688f2f06371cc0ebdda3,2020-02,Norfolk Constabulary,Norfolk Constabulary,1.337447,52.580208,On or near Parking Area,E01026926,South Norfolk 006C,Violence and sexual offences,Unable to prosecute suspect,
9ad0c516dd992c6c4d6ca263ee2f08c3311e3fb439b92428f2e3d4a4cf8054ac,2020-02,Norfolk Constabulary,Norfolk Constabulary,1.339879,52.579177,On or near Oaklands,E01026926,South Norfolk 006C,Violence and sexual offences,Unable to prosecute suspect,
adf3130911809843cbe1f923aeac7afe6d60c956c6f45d526e913cec6061cffd,2020-02,Norfolk Constabulary,Norfolk Constabulary,1.336911,52.575286,On or near Stoke Road,E01026926,South Norfolk 006C,Other crime,Unable to prosecute suspect,
d055a9aef1295f665f74a446a8d3c2e05e2811670365494ffa6b02568b52c370,2020-02,Norfolk Constabulary,Norfolk Constabulary,1.348258,52.572708,On or near Cawstons Meadow,E01026927,South Norfolk 006D,Violence and sexual offences,Unable to prosecute suspect,
c975ee6786e7ddb0f98d42198cc075144181e5b93637e4b4b142cb656653dd32,2020-02,Norfolk Constabulary,Norfolk Constabulary,1.348258,52.572708,On or near Cawstons Meadow,E01026927,South Norfolk 006D,Violence and sexual offences,Unable to prosecute suspect,
420215eaed3c30093d914c19f9aaee49172e097dbe28ee2ec3f2d73930ed4114,2020-02,Norfolk Constabulary,Norfolk Constabulary,1.345502,52.568504,On or near Windmill Close,E01026927,South Norfolk 006D,Violence and sexual offences,Unable to prosecute suspect,
5ddb069093a31a5a53f1d4f57ba0f57e9eeca0ed40185d1aece20b1cff0de3b1,2020-02,Norfolk Constabulary,Norfolk Constabulary,1.345502,52.568504,On or near Windmill Close,E01026927,South Norfolk 006D,Violence and sexual offences,Unable to prosecute suspect,
24eb8ee95bcfff0b02fd7e76fda8bea446d2ea3affef654745db97dbeaa70270,2020-02,Norfolk Constabulary,Norfolk Constabulary,1.345502,52.568504,On or near Windmill Close,E01026927,South Norfolk 006D,Violence and sexual offences,Offender given a caution,
,2020-02,Norfolk Constabulary,Norfolk Constabulary,1.346205,52.563970,On or near Baynes Close,E01026928,South Norfolk 006E,Anti-social behaviour,,
258f83dbd8a1040a13b63cce3a7716124f388b2b24df14baab45fd64cdcd09b7,2020-02,Norfolk Constabulary,Norfolk Constabulary,1.346633,52.561457,On or near Glenn Road,E01026928,South Norfolk 006E,Criminal damage and arson,Investigation complete; no suspect identified,
30c7a1822982ce91411f9a0d58b33172ba6e7df327dfcf231b9b1f97ea7bed9c,2020-02,Norfolk Constabulary,Norfolk Constabulary,1.345953,52.563761,On or near Bellamy Way,E01026928,South Norfolk 006E,Criminal damage and arson,Further action is not in the public interest,
6f4069a0515dd1774b5da1b2bf6241c878f3f724675596369455a75832e41eec,2020-02,Norfolk Constabulary,Norfolk Constabulary,1.346633,52.561457,On or near Glenn Road,E01026928,South Norfolk 006E,Criminal damage and arson,Investigation complete; no suspect identified,
f997b01128fd08a8676a0dc754b71a19cacd0de368c27fc81fa329c9390f8b3b,2020-02,Norfolk Constabulary,Norfolk Constabulary,1.346633,52.561457,On or near Glenn Road,E01026928,South Norfolk 006E,Criminal damage and arson,Investigation complete; no suspect identified,
6004ec246e8cc1722b0d56821d555c647a97c1969a5fc4fbc193fcebf908c607,2020-02,Norfolk Constabulary,Norfolk Constabulary,1.350009,52.566434,On or near Forge Close,E01026928,South Norfolk 006E,Violence and sexual offences,Action to be taken by another organisation,
4855cbfe7456688294dbc644fc8f340dd00188bfd83cb639cc8e773b8b035de1,2020-02,Norfolk Constabulary,Norfolk Constabulary,1.342315,52.569296,On or near Devlin Drive,E01026928,South Norfolk 006E,Violence and sexual offences,Unable to prosecute suspect,
d7fe86adb3af843994b2d28ce98d075af2563f178f96f79caba91aa85d7b29b0,2020-02,Norfolk Constabulary,Norfolk Constabulary,1.346663,52.566889,On or near Saxonfields,E01026928,South Norfolk 006E,Violence and sexual offences,Action to be taken by another organisation,
7c26ed66c96032d84a830f7d176b88a6d0fa9595774d1b39778db7b44c1cf91f,2020-02,Norfolk Constabulary,Norfolk Constabulary,1.299547,52.565460,On or near Webster Close,E01026936,South Norfolk 006F,Criminal damage and arson,Investigation complete; no suspect identified,
2afb43bdda9a300c5e8d7aa21fb88dc2b1677b749f4d2b1352f292f17f4d563d,2020-02,Norfolk Constabulary,Norfolk Constabulary,1.296677,52.570685,On or near Fiskes Court,E01026936,South Norfolk 006F,Criminal damage and arson,Investigation complete; no suspect identified,
84c9947c4134990b9c9af7547b808dbee37e9d89453bb3062502d08831c8de01,2020-02,Norfolk Constabulary,Norfolk Constabulary,1.299940,52.568147,On or near Sports/Recreation Area,E01026936,South Norfolk 006F,Vehicle crime,Unable to prosecute suspect,
7c03838b2603ba27578fbbd735cabb603ec3a30bf125c94f47187cdce9fca74e,2020-02,Norfolk Constabulary,Norfolk Constabulary,1.325307,52.580937,On or near South Wood Drive,E01026936,South Norfolk 006F,Violence and sexual offences,Unable to prosecute suspect,
ace415c20beffb9a7f7c9226f818e0059da1a1274c006770d0a3719b900f0518,2020-02,Norfolk Constabulary,Norfolk Constabulary,1.325307,52.580937,On or near South Wood Drive,E01026936,South Norfolk 006F,Violence and sexual offences,Unable to prosecute suspect,
3846726db9779f87c010fb9198f094d41071090369fb15304e0aa1c5c86909fb,2020-02,Norfolk Constabulary,Norfolk Constabulary,1.298086,52.568415,On or near Caudwell Close,E01026936,South Norfolk 006F,Violence and sexual offences,Unable to prosecute suspect,
,2020-02,Norfolk Constabulary,Norfolk Constabulary,1.324804,52.619516,On or near Parking Area,E01026937,South Norfolk 006G,Anti-social behaviour,,
0b16ca394fb9927c80a699ed9dec6809755a68f3a7d6a649c7a91a1cab74969c,2020-02,Norfolk Constabulary,Norfolk Constabulary,1.277586,52.595138,On or near Supermarket,E01026937,South Norfolk 006G,Criminal damage and arson,Unable to prosecute suspect,
8823891728687d25715d7bcdeac106e86e2f9d6bbe8c08e81b6cd6d3606ecaea,2020-02,Norfolk Constabulary,Norfolk Constabulary,1.277586,52.595138,On or near Supermarket,E01026937,South Norfolk 006G,Shoplifting,Offender given penalty notice,
0e4d53207883829bbe4c5bb15288102685a469fb308b9e203772a77d294e3b09,2020-02,Norfolk Constabulary,Norfolk Constabulary,1.277586,52.595138,On or near Supermarket,E01026937,South Norfolk 006G,Shoplifting,Local resolution,
3dd0c8eb31e7ae4ddf528e8e2f56918dcd018e6c55035d6f8c5672e3b92adab6,2020-02,Norfolk Constabulary,Norfolk Constabulary,1.277586,52.595138,On or near Supermarket,E01026937,South Norfolk 006G,Shoplifting,Offender given a caution,
74cb2cdca06f13bd0fcbc9e7e985142ecaf5d0f7b5510486f4d87417bd43dc4c,2020-02,Norfolk Constabulary,Norfolk Constabulary,1.329914,52.621225,On or near Parking Area,E01026937,South Norfolk 006G,Vehicle crime,Investigation complete; no suspect identified,
2f0096619908bb7fb9c6720b0b426df72d19ca341b2811e854e22f9fd20b65e2,2020-02,Norfolk Constabulary,Norfolk Constabulary,1.277586,52.595138,On or near Supermarket,E01026937,South Norfolk 006G,Violence and sexual offences,Unable to prosecute suspect,
,2020-02,Norfolk Constabulary,Norfolk Constabulary,1.117750,52.565481,On or near Parking Area,E01026884,South Norfolk 007A,Anti-social behaviour,,
,2020-02,Norfolk Constabulary,Norfolk Constabulary,1.120813,52.559572,On or near Beechwood Court,E01026884,South Norfolk 007A,Anti-social behaviour,,
,2020-02,Norfolk Constabulary,Norfolk Constabulary,1.117750,52.565481,On or near Parking Area,E01026884,South Norfolk 007A,Anti-social behaviour,,
27567a2da47efd335e0b409fbd74132645337388c221f39b6134ca849fdd3031,2020-02,Norfolk Constabulary,Norfolk Constabulary,1.119073,52.559375,On or near Silfield Avenue,E01026884,South Norfolk 007A,Burglary,Investigation complete; no suspect identified,
,2020-02,Norfolk Constabulary,Norfolk Constabulary,1.119734,52.530435,On or near Wattlefield Road,E01026885,South Norfolk 007B,Anti-social behaviour,,
,2020-02,Norfolk Constabulary,Norfolk Constabulary,1.074423,52.545067,On or near London Road,E01026885,South Norfolk 007B,Anti-social behaviour,,
,2020-02,Norfolk Constabulary,Norfolk Constabulary,1.084082,52.544393,On or near Eleven Mile Road,E01026885,South Norfolk 007B,Anti-social behaviour,,
,2020-02,Norfolk Constabulary,Norfolk Constabulary,1.074423,52.545067,On or near London Road,E01026885,South Norfolk 007B,Anti-social behaviour,,
f6a4feaa526ab0b0ecb5cfa1f2e711cd30419b91ddb90feeb0c6f80396cc4946,2020-02,Norfolk Constabulary,Norfolk Constabulary,1.084082,52.544393,On or near Eleven Mile Road,E01026885,South Norfolk 007B,Vehicle crime,Unable to prosecute suspect,
8f28b954db53d01c20a737343cd6e4f1571c81c8c3f5ae0ac03fd271a5d4475d,2020-02,Norfolk Constabulary,Norfolk Constabulary,1.105927,52.564209,On or near Chestnut Drive,E01026885,South Norfolk 007B,Violence and sexual offences,Unable to prosecute suspect,
fcae6dc89a2a588738dfb82a323f8f0e4e625a36fb5e147f995fe326b41bfe3c,2020-02,Norfolk Constabulary,Norfolk Constabulary,1.105927,52.564209,On or near Chestnut Drive,E01026885,South Norfolk 007B,Violence and sexual offences,Unable to prosecute suspect,
445a56042a004c0b47055f5cb8606f44c1edc57f33c9a51d9b827dea86997f96,2020-02,Norfolk Constabulary,Norfolk Constabulary,1.109257,52.565587,On or near Whartons Lane,E01026885,South Norfolk 007B,Violence and sexual offences,Unable to prosecute suspect,
f4bb5ec53dc65800faaf2d3ca8802a2cb483e5e19071912799e4371a9953f522,2020-02,Norfolk Constabulary,Norfolk Constabulary,1.089575,52.533565,On or near Queen Street,E01026885,South Norfolk 007B,Violence and sexual offences,Unable to prosecute suspect,
488495ec515968e0f4af857faa6395eace0d2728ea9f2f659d7ab521f5034678,2020-02,Norfolk Constabulary,Norfolk Constabulary,1.105927,52.564209,On or near Chestnut Drive,E01026885,South Norfolk 007B,Violence and sexual offences,Unable to prosecute suspect,
,2020-02,Norfolk Constabulary,Norfolk Constabulary,1.138190,52.583449,On or near Begonia Way,E01026933,South Norfolk 007C,Anti-social behaviour,,
,2020-02,Norfolk Constabulary,Norfolk Constabulary,1.137281,52.579399,On or near B1135,E01026933,South Norfolk 007C,Anti-social behaviour,,
,2020-02,Norfolk Constabulary,Norfolk Constabulary,1.137281,52.579399,On or near B1135,E01026933,South Norfolk 007C,Anti-social behaviour,,
,2020-02,Norfolk Constabulary,Norfolk Constabulary,1.137281,52.579399,On or near B1135,E01026933,South Norfolk 007C,Anti-social behaviour,,
,2020-02,Norfolk Constabulary,Norfolk Constabulary,1.137281,52.579399,On or near B1135,E01026933,South Norfolk 007C,Anti-social behaviour,,
,2020-02,Norfolk Constabulary,Norfolk Constabulary,1.137281,52.579399,On or near B1135,E01026933,South Norfolk 007C,Anti-social behaviour,,
,2020-02,Norfolk Constabulary,Norfolk Constabulary,1.137281,52.579399,On or near B1135,E01026933,South Norfolk 007C,Anti-social behaviour,,
,2020-02,Norfolk Constabulary,Norfolk Constabulary,1.137281,52.579399,On or near B1135,E01026933,South Norfolk 007C,Anti-social behaviour,,
,2020-02,Norfolk Constabulary,Norfolk Constabulary,1.130848,52.580900,On or near Estelle Way,E01026933,South Norfolk 007C,Anti-social behaviour,,
,2020-02,Norfolk Constabulary,Norfolk Constabulary,1.125575,52.576102,On or near Petrol Station,E01026933,South Norfolk 007C,Anti-social behaviour,,
7c788b0cc525dcb1cb1afd88ca0ff1802613c7312bc22061e04db405394688ed,2020-02,Norfolk Constabulary,Norfolk Constabulary,1.137281,52.579399,On or near B1135,E01026933,South Norfolk 007C,Criminal damage and arson,Awaiting court outcome,
f9c3ed57d732f43f1325650dec0f5c0dbfdb08d0b62d7dc27d58085c72afc0fa,2020-02,Norfolk Constabulary,Norfolk Constabulary,1.138190,52.583449,On or near Begonia Way,E01026933,South Norfolk 007C,Criminal damage and arson,Unable to prosecute suspect,
1e4cd28db25e74398a5e9b7ed4c8730234317e1cc464583751d2e774e50cf933,2020-02,Norfolk Constabulary,Norfolk Constabulary,1.124193,52.578261,On or near Willow Close,E01026933,South Norfolk 007C,Criminal damage and arson,Investigation complete; no suspect identified,
94a4945ebc513045073eb6ae7a0ec95fec778126f8ad5dd72cc807e71b5ddedf,2020-02,Norfolk Constabulary,Norfolk Constabulary,1.136636,52.581943,On or near Clematis Way,E01026933,South Norfolk 007C,Criminal damage and arson,Unable to prosecute suspect,
621824a4c98fb80649040690f53db79808a3671ef81525fd98077d19f6829792,2020-02,Norfolk Constabulary,Norfolk Constabulary,1.137281,52.579399,On or near B1135,E01026933,South Norfolk 007C,Drugs,Court result unavailable,
4dcfc1fdd856b55f26de50c6b93b935b9cc8cf44d51b020e1f91b3023a53f3d6,2020-02,Norfolk Constabulary,Norfolk Constabulary,1.137657,52.583013,On or near Daisy Street,E01026933,South Norfolk 007C,Other theft,Investigation complete; no suspect identified,
d345f0d47bda5a8b6928ff5e72fad3d76b9628bfd62afcbe5f86ad9a5be018e6,2020-02,Norfolk Constabulary,Norfolk Constabulary,1.135795,52.579267,On or near Supermarket,E01026933,South Norfolk 007C,Other theft,Investigation complete; no suspect identified,
7ac1d62136c50c0aa110b51acdbbe014071336926308682e828a2b6e7957f4d2,2020-02,Norfolk Constabulary,Norfolk Constabulary,1.124193,52.578261,On or near Willow Close,E01026933,South Norfolk 007C,Other theft,Investigation complete; no suspect identified,
a9a4401869f2da789f36c4828f54a9eb165065c7a74229cd9389c2202e19acf5,2020-02,Norfolk Constabulary,Norfolk Constabulary,1.137281,52.579399,On or near B1135,E01026933,South Norfolk 007C,Public order,Court result unavailable,
0063ebc5b4596b8c90b90959ee2c036e9478fafb712bc0695de8c7f7374c52af,2020-02,Norfolk Constabulary,Norfolk Constabulary,1.135795,52.579267,On or near Supermarket,E01026933,South Norfolk 007C,Theft from the person,Investigation complete; no suspect identified,
739cea91ee398a99180292341d2707c6388e75d369ae79088e07e89b308d521d,2020-02,Norfolk Constabulary,Norfolk Constabulary,1.130848,52.580900,On or near Estelle Way,E01026933,South Norfolk 007C,Violence and sexual offences,Unable to prosecute suspect,
c27a1462e7453a417a3158ba40b9e510dae1f119238c79ae446279608d26bd2a,2020-02,Norfolk Constabulary,Norfolk Constabulary,1.137281,52.579399,On or near B1135,E01026933,South Norfolk 007C,Violence and sexual offences,Unable to prosecute suspect,
3a440cc5ea206b8821b28f1910acc159cf21f210e13615708a4350fe309e6a90,2020-02,Norfolk Constabulary,Norfolk Constabulary,1.137657,52.583013,On or near Daisy Street,E01026933,South Norfolk 007C,Violence and sexual offences,Unable to prosecute suspect,
e20aa0f25f8c039addd02f3b3273599ee086f972f7c564f0c2e544ec2214b16a,2020-02,Norfolk Constabulary,Norfolk Constabulary,1.137281,52.579399,On or near B1135,E01026933,South Norfolk 007C,Violence and sexual offences,Unable to prosecute suspect,
fa17c80dca3ea68523b726814b5650e46b1d99c2a0ece7a38b1d14ee12689b9a,2020-02,Norfolk Constabulary,Norfolk Constabulary,1.130848,52.580900,On or near Estelle Way,E01026933,South Norfolk 007C,Violence and sexual offences,Unable to prosecute suspect,
34dbcc7a30a5a83f9d3846bbf0ede25ca99f519b298e145462e29c773b212e12,2020-02,Norfolk Constabulary,Norfolk Constabulary,1.143630,52.583331,On or near Skipping Block Row,E01026933,South Norfolk 007C,Violence and sexual offences,Status update unavailable,
bc00834a7c6fbb0d4047406c49dfc6663a37bbc7f43e828bbc46d507675193e0,2020-02,Norfolk Constabulary,Norfolk Constabulary,1.137281,52.579399,On or near B1135,E01026933,South Norfolk 007C,Violence and sexual offences,Unable to prosecute suspect,
925e023a09674dd63dc5b793ba96f0c63f8168772e6db8f00b4560156e882e2c,2020-02,Norfolk Constabulary,Norfolk Constabulary,1.137657,52.583013,On or near Daisy Street,E01026933,South Norfolk 007C,Violence and sexual offences,Unable to prosecute suspect,
521f20039fd423bb797f1b8e0a413dfef6bdce86b8ec20ad36c199720f63e94e,2020-02,Norfolk Constabulary,Norfolk Constabulary,1.125352,52.575667,On or near Norwich Road,E01026933,South Norfolk 007C,Violence and sexual offences,Unable to prosecute suspect,
72dd69983ea94c869330cdad52b3f41fe71ee40160bf8f873787345724cbea9b,2020-02,Norfolk Constabulary,Norfolk Constabulary,1.131630,52.579036,On or near Oakwood Drive,E01026933,South Norfolk 007C,Violence and sexual offences,Unable to prosecute suspect,
3f17d8284bd62e115850c0cdb571b3fc0ba4036758d5972528ccde18e10e8acd,2020-02,Norfolk Constabulary,Norfolk Constabulary,1.131630,52.579036,On or near Oakwood Drive,E01026933,South Norfolk 007C,Violence and sexual offences,Unable to prosecute suspect,
aa438ecd7b661d4d2966c7a21fe90a72a0d5d56f0116106095a44b5f2464e7b3,2020-02,Norfolk Constabulary,Norfolk Constabulary,1.131630,52.579036,On or near Oakwood Drive,E01026933,South Norfolk 007C,Violence and sexual offences,Unable to prosecute suspect,
0f71e04e57beb75d94419f69b404e247c0720740df6b5bf0b431946401d52348,2020-02,Norfolk Constabulary,Norfolk Constabulary,1.137281,52.579399,On or near B1135,E01026933,South Norfolk 007C,Violence and sexual offences,Status update unavailable,
1d47bf775cf2611db132f9a69aa91d1b0c20cfe708199989cef75d8d006e71f5,2020-02,Norfolk Constabulary,Norfolk Constabulary,1.137281,52.579399,On or near B1135,E01026933,South Norfolk 007C,Violence and sexual offences,Unable to prosecute suspect,
ba733f32fd5dd7ecdd9ca7548d17f5ffad73551f47410fc83d23fbae0fedabd0,2020-02,Norfolk Constabulary,Norfolk Constabulary,1.134902,52.581647,On or near Greenland Avenue,E01026933,South Norfolk 007C,Violence and sexual offences,Unable to prosecute suspect,
41a5da6cedf894eae3827692c6c7576261c7440227f771dfb8596e10807e1c29,2020-02,Norfolk Constabulary,Norfolk Constabulary,1.137281,52.579399,On or near B1135,E01026933,South Norfolk 007C,Violence and sexual offences,Awaiting court outcome,
d7c4e94977f691319ceaae76c8191bf4df454878654734c0fbbcd510a85c8ab7,2020-02,Norfolk Constabulary,Norfolk Constabulary,1.130848,52.580900,On or near Estelle Way,E01026933,South Norfolk 007C,Violence and sexual offences,Unable to prosecute suspect,
43fee1b28ea941d7462282e6cf969a800ac2c5a03f47b88703b2581fa2422583,2020-02,Norfolk Constabulary,Norfolk Constabulary,1.138190,52.583449,On or near Begonia Way,E01026933,South Norfolk 007C,Violence and sexual offences,Unable to prosecute suspect,
1945b962ae79b4a99bfcae9ffeedf39aed55f2c423a9e6658a736abb3708929a,2020-02,Norfolk Constabulary,Norfolk Constabulary,1.138190,52.583449,On or near Begonia Way,E01026933,South Norfolk 007C,Other crime,Status update unavailable,
,2020-02,Norfolk Constabulary,Norfolk Constabulary,1.119432,52.571705,On or near Postmill Close,E01026945,South Norfolk 007D,Anti-social behaviour,,
6d045a82d38b51636300f133bf2adaec76223c3b17d8824d40f64330a473f071,2020-02,Norfolk Constabulary,Norfolk Constabulary,1.135556,52.576126,On or near Penfold Drive,E01026945,South Norfolk 007D,Criminal damage and arson,Court result unavailable,
727972b8abab11d30fda3a3b74f4759c931e9b81de34744a623c4b882ff90bd6,2020-02,Norfolk Constabulary,Norfolk Constabulary,1.119432,52.571705,On or near Postmill Close,E01026945,South Norfolk 007D,Criminal damage and arson,Investigation complete; no suspect identified,
36ab295c191347adb92e9601435e2271a4698783d9f78ba13abd2f01dc01c1d7,2020-02,Norfolk Constabulary,Norfolk Constabulary,1.117236,52.570710,On or near Kimberley Street,E01026945,South Norfolk 007D,Criminal damage and arson,Investigation complete; no suspect identified,
9691254bf63097405731a665c25d759b44981608fd0cf10e362bf4831c78f5d9,2020-02,Norfolk Constabulary,Norfolk Constabulary,1.117236,52.570710,On or near Kimberley Street,E01026945,South Norfolk 007D,Criminal damage and arson,Investigation complete; no suspect identified,
546a0870b6008aa9edc31668e12313479603eccccea9680fc99c2193590eb30e,2020-02,Norfolk Constabulary,Norfolk Constabulary,1.135556,52.576126,On or near Penfold Drive,E01026945,South Norfolk 007D,Drugs,Formal action is not in the public interest,
a5435548f98744c2bd6fd34ebafc54552829684fc4614df4f76b26ae3617aeba,2020-02,Norfolk Constabulary,Norfolk Constabulary,1.135556,52.576126,On or near Penfold Drive,E01026945,South Norfolk 007D,Possession of weapons,Offender given a caution,
105c6025d7e667dfaf47f9ecc8502442b2dff71a37d9be3776797b27d1d18350,2020-02,Norfolk Constabulary,Norfolk Constabulary,1.117236,52.570710,On or near Kimberley Street,E01026945,South Norfolk 007D,Public order,Unable to prosecute suspect,
d2f6aaf7404b827885edeaa42a475b0f25475c7453d7da6de1633bb7f33f88ce,2020-02,Norfolk Constabulary,Norfolk Constabulary,1.126887,52.571103,On or near Blackthorn Road,E01026945,South Norfolk 007D,Violence and sexual offences,Unable to prosecute suspect,
518072f1cf4e271e6077cbc1cec273d7c5d91a664922d873eac13ab98a40914a,2020-02,Norfolk Constabulary,Norfolk Constabulary,1.135556,52.576126,On or near Penfold Drive,E01026945,South Norfolk 007D,Violence and sexual offences,Court result unavailable,
2920bba9ac45a32b83fd7d01e21c4d4f238fb9b2046bf18021c0e5507aeafd6b,2020-02,Norfolk Constabulary,Norfolk Constabulary,1.135556,52.576126,On or near Penfold Drive,E01026945,South Norfolk 007D,Violence and sexual offences,Court result unavailable,
47d29bf32793ceacfa194fc2b6b3c6316ef2ac01425d4eeee77aa25911255b3e,2020-02,Norfolk Constabulary,Norfolk Constabulary,1.135556,52.576126,On or near Penfold Drive,E01026945,South Norfolk 007D,Violence and sexual offences,Unable to prosecute suspect,
8bad4805cff7859a6d67fcc9e190fee077186273929efd4bafc064ddaf0593eb,2020-02,Norfolk Constabulary,Norfolk Constabulary,1.122503,52.573584,On or near Vimy Ridge,E01026945,South Norfolk 007D,Violence and sexual offences,Unable to prosecute suspect,
fcc2030579d4c7ef8bbb54dbfb0c446b60a1a426af7da211b430545350274c3e,2020-02,Norfolk Constabulary,Norfolk Constabulary,1.119432,52.571705,On or near Postmill Close,E01026945,South Norfolk 007D,Violence and sexual offences,Investigation complete; no suspect identified,
c2e674a93694498727daf6e66d509c1cdede48262383d106ce5f0775e42e39bc,2020-02,Norfolk Constabulary,Norfolk Constabulary,1.135556,52.576126,On or near Penfold Drive,E01026945,South Norfolk 007D,Violence and sexual offences,Unable to prosecute suspect,
,2020-02,Norfolk Constabulary,Norfolk Constabulary,1.116485,52.576360,On or near Folly Close,E01026946,South Norfolk 007E,Anti-social behaviour,,
d1ded14a3a730d22068896f0e0dee3d58b849496cb74a28af73dc918d0d6271e,2020-02,Norfolk Constabulary,Norfolk Constabulary,1.116485,52.576360,On or near Folly Close,E01026946,South Norfolk 007E,Drugs,Offender given penalty notice,
8cfed5be71a32b5ba511cc43b917f44534d0f9029afd0a228a7fbbe804e150cf,2020-02,Norfolk Constabulary,Norfolk Constabulary,1.118359,52.573433,On or near Sports/Recreation Area,E01026946,South Norfolk 007E,Other theft,Investigation complete; no suspect identified,
,2020-02,Norfolk Constabulary,Norfolk Constabulary,1.512095,52.554348,On or near Church Lane,E01026879,South Norfolk 008A,Anti-social behaviour,,
2fd11e1cf0e03fdb6ff3a4c927fca18da5b20225f8852ea9fbdfd7089a24c230,2020-02,Norfolk Constabulary,Norfolk Constabulary,1.480573,52.543507,On or near Proctor Road,E01026880,South Norfolk 008B,Other theft,Unable to prosecute suspect,
719e406dcda75b3765398f5bf3aea41f47041714413c56b53d859c10ec31b679,2020-02,Norfolk Constabulary,Norfolk Constabulary,1.480416,52.550833,On or near Forge Road,E01026880,South Norfolk 008B,Violence and sexual offences,Unable to prosecute suspect,
3f1238bac1ada714fad6a57fd9fe58899a436816d597231125ccf9b1520c223e,2020-02,Norfolk Constabulary,Norfolk Constabulary,1.480416,52.550833,On or near Forge Road,E01026880,South Norfolk 008B,Violence and sexual offences,Unable to prosecute suspect,
,2020-02,Norfolk Constabulary,Norfolk Constabulary,1.481098,52.535783,On or near Supermarket,E01026911,South Norfolk 008C,Anti-social behaviour,,
,2020-02,Norfolk Constabulary,Norfolk Constabulary,1.479561,52.529973,On or near Leman Grove,E01026911,South Norfolk 008C,Anti-social behaviour,,
,2020-02,Norfolk Constabulary,Norfolk Constabulary,1.475886,52.534794,On or near George Lane,E01026911,South Norfolk 008C,Anti-social behaviour,,
48cfa74261b3e17d855831cd5f9c8c2c2074776966b50dba9d2212b725d3cd87,2020-02,Norfolk Constabulary,Norfolk Constabulary,1.475858,52.533131,On or near Drury Lane,E01026911,South Norfolk 008C,Violence and sexual offences,Action to be taken by another organisation,
446f5552f36e205ea5c5c3f751978fe7818f5944b6b42e51552cf4c2300207fc,2020-02,Norfolk Constabulary,Norfolk Constabulary,1.481567,52.533512,On or near Old Mill Loke,E01026911,South Norfolk 008C,Violence and sexual offences,Action to be taken by another organisation,
78548e16b012027bdc6a16b1d82c35d73ecbca76ff7c6688284766b4f872508c,2020-02,Norfolk Constabulary,Norfolk Constabulary,1.475858,52.533131,On or near Drury Lane,E01026911,South Norfolk 008C,Other crime,Unable to prosecute suspect,
,2020-02,Norfolk Constabulary,Norfolk Constabulary,1.438304,52.539500,On or near Berghapton Road,E01026912,South Norfolk 008D,Anti-social behaviour,,
,2020-02,Norfolk Constabulary,Norfolk Constabulary,1.481834,52.535024,On or near Parking Area,E01026912,South Norfolk 008D,Anti-social behaviour,,
ab1db22c34a2424138c665eb0dc62335db4b70893cd2656f4b9478b0054ce0b0,2020-02,Norfolk Constabulary,Norfolk Constabulary,1.491105,52.535866,On or near Pyes Mill Road,E01026912,South Norfolk 008D,Criminal damage and arson,Investigation complete; no suspect identified,
5f7dd0cb98adfa62d01754fa30d61f236cdffde16aa1ee1dea6c991f8e8b103b,2020-02,Norfolk Constabulary,Norfolk Constabulary,1.481726,52.534407,On or near High Street,E01026912,South Norfolk 008D,Criminal damage and arson,Investigation complete; no suspect identified,
618f3d856e711818380d4434c77debdda93ae099adef824b9e87888da028b19a,2020-02,Norfolk Constabulary,Norfolk Constabulary,1.481834,52.535024,On or near Parking Area,E01026912,South Norfolk 008D,Other theft,Unable to prosecute suspect,
bd9fba6d8497567f5220475b280831d9e443a04fe10cc8b047274ad3fdc2855d,2020-02,Norfolk Constabulary,Norfolk Constabulary,1.481834,52.535024,On or near Parking Area,E01026912,South Norfolk 008D,Theft from the person,Unable to prosecute suspect,
19fe9f4f290edc0f846cc238180ba2b6770233abc6f3c35cccca25723bfa5355,2020-02,Norfolk Constabulary,Norfolk Constabulary,1.477810,52.528721,On or near Harvey Green,E01026912,South Norfolk 008D,Violence and sexual offences,Unable to prosecute suspect,
2e2d43f2db35c9b2816e5b989127827dcf45c8635f684c1242c7d287798b16c3,2020-02,Norfolk Constabulary,Norfolk Constabulary,1.469100,52.536082,On or near Parking Area,E01026912,South Norfolk 008D,Violence and sexual offences,Unable to prosecute suspect,
4b23875079fde7d083d93c622aa151a04b588f861538c7a3f7671ff8d95535dd,2020-02,Norfolk Constabulary,Norfolk Constabulary,1.484132,52.531449,On or near Foxes Loke,E01026912,South Norfolk 008D,Violence and sexual offences,Unable to prosecute suspect,
66810e525286bcfdc38504242c3a8430dfb89ead01e9639bdd8b2ee88d15d70f,2020-02,Norfolk Constabulary,Norfolk Constabulary,1.477810,52.528721,On or near Harvey Green,E01026912,South Norfolk 008D,Violence and sexual offences,Unable to prosecute suspect,
3aa8488e28107e37893374ca7ba5a40048cfefcfc23464604b38731d55f46ea6,2020-02,Norfolk Constabulary,Norfolk Constabulary,1.481834,52.535024,On or near Parking Area,E01026912,South Norfolk 008D,Violence and sexual offences,Unable to prosecute suspect,
3249b3c8a4624e663d710c783b8cc337177bcffe70f3cbdb78fadf136fcef45a,2020-02,Norfolk Constabulary,Norfolk Constabulary,1.469100,52.536082,On or near Parking Area,E01026912,South Norfolk 008D,Violence and sexual offences,Unable to prosecute suspect,
735a2ab1a7edb4520995d260c34137882038e79ff74c5d6078927780de104ada,2020-02,Norfolk Constabulary,Norfolk Constabulary,1.455215,52.504289,On or near Ingloss Lane,E01026912,South Norfolk 008D,Violence and sexual offences,Unable to prosecute suspect,
2266feb00f270780a56c0ca12b13a21ad8a920672476f1c6951b42d016fbc09f,2020-02,Norfolk Constabulary,Norfolk Constabulary,1.387975,52.592317,On or near The Street,E01026929,South Norfolk 008E,Violence and sexual offences,Unable to prosecute suspect,
73eae8185e3b9a3ec9098b722d8bbefeba2b4fd968acc63125c0e49f6fbc07a4,2020-02,Norfolk Constabulary,Norfolk Constabulary,1.387975,52.592317,On or near The Street,E01026929,South Norfolk 008E,Violence and sexual offences,Unable to prosecute suspect,
ee94746c5cacc5a6353239dc6d2d8db5ff09c519aa862900dcbd9830ae0013ee,2020-02,Norfolk Constabulary,Norfolk Constabulary,1.387975,52.592317,On or near The Street,E01026929,South Norfolk 008E,Violence and sexual offences,Unable to prosecute suspect,
1592a22e6ba6d8e3d724dc4ac1b5a4f6fb1041770859c9f54cd251cc83fcb7be,2020-02,Norfolk Constabulary,Norfolk Constabulary,1.412094,52.584365,On or near Rectory Lane,E01026930,South Norfolk 008F,Other theft,Unable to prosecute suspect,
9e42d2f02d98dff77d577b711013dc265c20bea0ec036196c95ab2fb63a3fa3e,2020-02,Norfolk Constabulary,Norfolk Constabulary,1.412536,52.606766,On or near Walnut Hill,E01026930,South Norfolk 008F,Other theft,Unable to prosecute suspect,
27f2f3b9ef8823297a8eeeb06ed9bb1454137b036c8d0bbe474d22da1fc6e9cf,2020-02,Norfolk Constabulary,Norfolk Constabulary,1.421723,52.606356,On or near The Green,E01026930,South Norfolk 008F,Violence and sexual offences,Unable to prosecute suspect,
,2020-02,Norfolk Constabulary,Norfolk Constabulary,1.231742,52.554004,On or near Ryefield Road,E01026913,South Norfolk 009A,Anti-social behaviour,,
,2020-02,Norfolk Constabulary,Norfolk Constabulary,1.232032,52.555534,On or near Cuckoofield Lane,E01026913,South Norfolk 009A,Anti-social behaviour,,
9a2a54abcc20d3833dba52ed65ef32c556b4b69dd465fc24589c452397d73411,2020-02,Norfolk Constabulary,Norfolk Constabulary,1.214668,52.552553,On or near Poorhouse Lane,E01026913,South Norfolk 009A,Violence and sexual offences,Unable to prosecute suspect,
4563bf75532280dd12169d51a6d585ae627393df87abe7b4aed736caa2105ea9,2020-02,Norfolk Constabulary,Norfolk Constabulary,1.214668,52.552553,On or near Poorhouse Lane,E01026913,South Norfolk 009A,Violence and sexual offences,Unable to prosecute suspect,
,2020-02,Norfolk Constabulary,Norfolk Constabulary,1.193104,52.580055,On or near Church Road,E01026914,South Norfolk 009B,Anti-social behaviour,,
,2020-02,Norfolk Constabulary,Norfolk Constabulary,1.245922,52.577376,On or near Sports/Recreation Area,E01026914,South Norfolk 009B,Anti-social behaviour,,
69e8292d57704d41efcd093f347be3169e7fe7a83ab18f235dc524d7d07a221f,2020-02,Norfolk Constabulary,Norfolk Constabulary,1.239952,52.558483,On or near Alder Close,E01026914,South Norfolk 009B,Burglary,Investigation complete; no suspect identified,
b526ec5c01e0ba52392c00a49ea987576ab947cc7dd6ffd626d7fdcaf82936da,2020-02,Norfolk Constabulary,Norfolk Constabulary,1.245259,52.560208,On or near Rectory Lane,E01026914,South Norfolk 009B,Criminal damage and arson,Investigation complete; no suspect identified,
2e85a9ebc072bc7d6908e6ff382aa401eb273f0d6838f6815eea479d888d141d,2020-02,Norfolk Constabulary,Norfolk Constabulary,1.245259,52.560208,On or near Rectory Lane,E01026914,South Norfolk 009B,Other theft,Unable to prosecute suspect,
932ef20841e25beb57663266c61b986afd590782d2ddbd3025e9cfd2149d2e46,2020-02,Norfolk Constabulary,Norfolk Constabulary,1.208887,52.572793,On or near Meadow Way,E01026914,South Norfolk 009B,Possession of weapons,Unable to prosecute suspect,
553d29984a6ff58257748e448f08f92af85ec040cf8ad7cb43c2665c37bcd8ec,2020-02,Norfolk Constabulary,Norfolk Constabulary,1.206203,52.590214,On or near Park/Open Space,E01026914,South Norfolk 009B,Vehicle crime,Investigation complete; no suspect identified,
4252c181deeeecfc5be126f511291845c4f81c7956c1cb02d40f319383862e1c,2020-02,Norfolk Constabulary,Norfolk Constabulary,1.208887,52.572793,On or near Meadow Way,E01026914,South Norfolk 009B,Violence and sexual offences,Unable to prosecute suspect,
8d71c174373f0b481d68e4c73029ada1fb59dadee6d35eb2c9ef907b3ae2830c,2020-02,Norfolk Constabulary,Norfolk Constabulary,1.248556,52.571863,On or near Wood Lane,E01026914,South Norfolk 009B,Violence and sexual offences,Unable to prosecute suspect,
3d86da963673e27849cf42af6c45863d9692d6bf948cb43f7abfaca5d1c3a114,2020-02,Norfolk Constabulary,Norfolk Constabulary,1.248556,52.571863,On or near Wood Lane,E01026914,South Norfolk 009B,Violence and sexual offences,Unable to prosecute suspect,
065f00f85efa7df73e80a5cba93dc0f8d5e7b8aa17a32ab859436ee4a0527819,2020-02,Norfolk Constabulary,Norfolk Constabulary,1.248556,52.571863,On or near Wood Lane,E01026914,South Norfolk 009B,Violence and sexual offences,Unable to prosecute suspect,
42a14ad44376819e5479d792e438e4f0b181cd9ced3f29234c64ff9a09f113fd,2020-02,Norfolk Constabulary,Norfolk Constabulary,1.247099,52.574520,On or near Cavell Close,E01026914,South Norfolk 009B,Violence and sexual offences,Unable to prosecute suspect,
a97f65d82316c126a6a1e7f888a1423f14060c3b3cb0ffa55c6c063f05b429dc,2020-02,Norfolk Constabulary,Norfolk Constabulary,1.240075,52.555952,On or near Primrose Close,E01026915,South Norfolk 009C,Public order,Unable to prosecute suspect,
cdd9c7de695c170db12517d40a3a3931243fc8cc03469d4355db816d17f17df5,2020-02,Norfolk Constabulary,Norfolk Constabulary,1.240075,52.555952,On or near Primrose Close,E01026915,South Norfolk 009C,Violence and sexual offences,Unable to prosecute suspect,
,2020-02,Norfolk Constabulary,Norfolk Constabulary,1.274688,52.558075,On or near Ipswich Road,E01026919,South Norfolk 009D,Anti-social behaviour,,
eec51f12281e7b7c5f66d2b6ee19cd8fca34815e0793a572f41f490ee4ab838c,2020-02,Norfolk Constabulary,Norfolk Constabulary,1.262036,52.538117,On or near Ipswich Road,E01026919,South Norfolk 009D,Drugs,Offender given a caution,
f2fdffdf3cd94b9872a5e2a62f7bfc14d07a8eeee4d1066440bc8683e7a8faed,2020-02,Norfolk Constabulary,Norfolk Constabulary,1.262036,52.538117,On or near Ipswich Road,E01026919,South Norfolk 009D,Drugs,Offender given a caution,
a2838fce654a27a72aec011d9827772eaa438fe8bf6f220e43e1bac2dc6439e5,2020-02,Norfolk Constabulary,Norfolk Constabulary,1.258387,52.537246,On or near Olive Avenue,E01026919,South Norfolk 009D,Violence and sexual offences,Status update unavailable,
926af346edf38babcc81fdcce3bb144ede2ca1e259f878e045e34fc511e2e244,2020-02,Norfolk Constabulary,Norfolk Constabulary,1.262036,52.538117,On or near Ipswich Road,E01026919,South Norfolk 009D,Violence and sexual offences,Unable to prosecute suspect,
,2020-02,Norfolk Constabulary,Norfolk Constabulary,1.223033,52.530004,On or near The Street,E01026920,South Norfolk 009E,Anti-social behaviour,,
3cca1b7cf4e2dbe3ec63cc49d5d9516b4000a0b104a9ff9c5ead9716795f6fad,2020-02,Norfolk Constabulary,Norfolk Constabulary,1.326842,52.536500,On or near Brooke Road,E01026941,South Norfolk 009F,Burglary,Unable to prosecute suspect,
b4b33814124c07772eca04265ea4643844c633fa2307e2f0ae4527ca577c8ec0,2020-02,Norfolk Constabulary,Norfolk Constabulary,1.259763,52.529348,On or near Ipswich Road,E01026941,South Norfolk 009F,Public order,Unable to prosecute suspect,
14c395c4b93e653ebf02d844fa4b310bb7414edc434f123f78f31501162386cc,2020-02,Norfolk Constabulary,Norfolk Constabulary,1.249145,52.513172,On or near Woodland Rise,E01026942,South Norfolk 009G,Vehicle crime,Investigation complete; no suspect identified,
,2020-02,Norfolk Constabulary,Norfolk Constabulary,1.513581,52.471026,On or near Station Road,E01026898,South Norfolk 010A,Anti-social behaviour,,
,2020-02,Norfolk Constabulary,Norfolk Constabulary,1.550263,52.476253,On or near Sports/Recreation Area,E01026898,South Norfolk 010A,Anti-social behaviour,,
cdcfd4531ebf424694d0863a5307cf19be357c8c90cc9315694fb238b8f95ad2,2020-02,Norfolk Constabulary,Norfolk Constabulary,1.522487,52.472623,On or near The Street,E01026898,South Norfolk 010A,Burglary,Investigation complete; no suspect identified,
e40f4ddd49d6849ba80adc650771c023fc71070b83c1d971b967bfaf7ff6b646,2020-02,Norfolk Constabulary,Norfolk Constabulary,1.540775,52.473110,On or near Geldeston Road,E01026898,South Norfolk 010A,Criminal damage and arson,Unable to prosecute suspect,
6bcb080c19c56d9ec9e7d3fe76b4952303b71bea4666089815b8b117e68efc0f,2020-02,Norfolk Constabulary,Norfolk Constabulary,1.474134,52.477319,On or near A143,E01026898,South Norfolk 010A,Other theft,Investigation complete; no suspect identified,
6ec5ce25bad76b57d39eba1f6bea4f6299f23b4437b9f9e30c1e7e7275375315,2020-02,Norfolk Constabulary,Norfolk Constabulary,1.510514,52.522367,On or near Briar Lane,E01026899,South Norfolk 010B,Criminal damage and arson,Further action is not in the public interest,
804a69a00ee7e7a85ea632fe3aaa0c44a2f87c6cd9732f354e119b6afbac651f,2020-02,Norfolk Constabulary,Norfolk Constabulary,1.506220,52.523061,On or near Sports/Recreation Area,E01026899,South Norfolk 010B,Public order,Awaiting court outcome,
39ce0f90677ec45fa93409ad256816a954a54f00decf897d267be633263afc36,2020-02,Norfolk Constabulary,Norfolk Constabulary,1.506220,52.523061,On or near Sports/Recreation Area,E01026899,South Norfolk 010B,Shoplifting,Court result unavailable,
b19a39ed39fa76bedf1b4d6391c4bef0db3ba55a91eafa2434981d642f61fb3c,2020-02,Norfolk Constabulary,Norfolk Constabulary,1.485847,52.482182,On or near Yarmouth Road,E01026899,South Norfolk 010B,Violence and sexual offences,Unable to prosecute suspect,
19e5f2f95603e2693097a21d68ae611942d7979138468b0dd51dc26d93842d56,2020-02,Norfolk Constabulary,Norfolk Constabulary,1.510514,52.522367,On or near Briar Lane,E01026899,South Norfolk 010B,Violence and sexual offences,Further action is not in the public interest,
,2020-02,Norfolk Constabulary,Norfolk Constabulary,1.574842,52.496514,On or near Fuller'S Close,E01026943,South Norfolk 010C,Anti-social behaviour,,
8954a97ce0a3c618346548e11a8bb7f0ee55543c906b9e379aa28253f8921765,2020-02,Norfolk Constabulary,Norfolk Constabulary,1.574842,52.496514,On or near Fuller'S Close,E01026943,South Norfolk 010C,Criminal damage and arson,Unable to prosecute suspect,
706a5c5a4cdbf6ecb7c4c79af1c5e4a76533235ac40899c7544e8ed8a4f866e7,2020-02,Norfolk Constabulary,Norfolk Constabulary,1.611305,52.497447,On or near Station Road,E01026943,South Norfolk 010C,Criminal damage and arson,Investigation complete; no suspect identified,
ea51525eeace22cf7f7d7c4cfa113a73d8c3b6070b0621d54ab9cf7b0546e5c1,2020-02,Norfolk Constabulary,Norfolk Constabulary,1.574842,52.496514,On or near Fuller'S Close,E01026943,South Norfolk 010C,Public order,Unable to prosecute suspect,
8d0bba30b8c6f719eb374ed1be8cddb142a5e2c3b425cc36fcb771a1e345731f,2020-02,Norfolk Constabulary,Norfolk Constabulary,1.652789,52.483921,On or near Middle Lane,E01026943,South Norfolk 010C,Vehicle crime,Unable to prosecute suspect,
faaa41fa2fa7ab3629e58be6bb12c3efab18dfa4e7053f6c0ae207018695b4c9,2020-02,Norfolk Constabulary,Norfolk Constabulary,1.611305,52.497447,On or near Station Road,E01026943,South Norfolk 010C,Vehicle crime,Investigation complete; no suspect identified,
8f9f7dbddab48df8cf0e8e9564ffb888e042ac819244923b19838312e4c9047a,2020-02,Norfolk Constabulary,Norfolk Constabulary,1.571157,52.502310,On or near Pound Lane,E01026943,South Norfolk 010C,Violence and sexual offences,Status update unavailable,
2c22beed39017832cd3045d957da95257323ca56ae9b3d995304bf944fedd450,2020-02,Norfolk Constabulary,Norfolk Constabulary,1.652789,52.483921,On or near Middle Lane,E01026943,South Norfolk 010C,Violence and sexual offences,Formal action is not in the public interest,
faf6ce23346763feefe8c3e85cac94b717086397383f8b5bda1bb591058edb5a,2020-02,Norfolk Constabulary,Norfolk Constabulary,1.652789,52.483921,On or near Middle Lane,E01026943,South Norfolk 010C,Violence and sexual offences,Awaiting court outcome,
1429f645ef82a9fa899a13a459dfd5724138b966019bcf1a6de20d5e3f0883ea,2020-02,Norfolk Constabulary,Norfolk Constabulary,1.574842,52.496514,On or near Fuller'S Close,E01026943,South Norfolk 010C,Violence and sexual offences,Unable to prosecute suspect,
d593ad1786014dd7a43d4371eb130d9a2b647fbc6f08a3d94c41d4ca00e7ba33,2020-02,Norfolk Constabulary,Norfolk Constabulary,1.104833,52.511951,On or near Wymondham Road,E01026877,South Norfolk 011A,Vehicle crime,Investigation complete; no suspect identified,
b9fdeae7a56d649e96c117fdfee99bf0cd2216cff4485e255c9e036fe437cd94,2020-02,Norfolk Constabulary,Norfolk Constabulary,1.117149,52.501860,On or near The Barns,E01026877,South Norfolk 011A,Violence and sexual offences,Unable to prosecute suspect,
,2020-02,Norfolk Constabulary,Norfolk Constabulary,1.133102,52.482300,On or near Brick Kiln Lane,E01026878,South Norfolk 011B,Anti-social behaviour,,
13678722ed38f99701f823d9bf76953bda83e1f60fde33623d74f3813a7ee754,2020-02,Norfolk Constabulary,Norfolk Constabulary,1.106644,52.494591,On or near Greenways,E01026878,South Norfolk 011B,Violence and sexual offences,Unable to prosecute suspect,
1a85f972219c6a9f47616515f15aa39e4113d45543c70ad3da53573d8ff2b738,2020-02,Norfolk Constabulary,Norfolk Constabulary,1.154734,52.496798,On or near Tabernacle Lane,E01026897,South Norfolk 011C,Violence and sexual offences,Unable to prosecute suspect,
36d14e959cc3123fda068d0361a15e05502949c3351395095ca52f8789b06d7a,2020-02,Norfolk Constabulary,Norfolk Constabulary,1.152047,52.505377,On or near Mckee Drive,E01026897,South Norfolk 011C,Violence and sexual offences,Action to be taken by another organisation,
fe41eaac47ae1f9e31079229cc340e2c1e94f90fa1ecb49e219ca2003c929e81,2020-02,Norfolk Constabulary,Norfolk Constabulary,1.153931,52.506163,On or near West Way,E01026897,South Norfolk 011C,Violence and sexual offences,Unable to prosecute suspect,
09be8ea50828ff96bfe3ea7f9d14c4aecf340c700d7ea22a1f73e3a1ba6f3f0a,2020-02,Norfolk Constabulary,Norfolk Constabulary,1.152047,52.505377,On or near Mckee Drive,E01026897,South Norfolk 011C,Other crime,Unable to prosecute suspect,
1b12de17d92e50ce54d7fe5c24974cfe1a1bde13e3156ea25c2fd5e7777eb01d,2020-02,Norfolk Constabulary,Norfolk Constabulary,1.153931,52.506163,On or near West Way,E01026897,South Norfolk 011C,Other crime,Unable to prosecute suspect,
,2020-02,Norfolk Constabulary,Norfolk Constabulary,1.238505,52.489164,On or near Oakfield Road,E01026938,South Norfolk 011D,Anti-social behaviour,,
864c1fe8b25b98724d78e5a3188cb1095db3f869d93cebd3c2195bf9df37fe47,2020-02,Norfolk Constabulary,Norfolk Constabulary,1.232916,52.485485,On or near Shopping Area,E01026938,South Norfolk 011D,Burglary,Investigation complete; no suspect identified,
ce6a98ea1125444eee06926a5936ff83bdda2d33433b75bae2df98f2a4c2c35b,2020-02,Norfolk Constabulary,Norfolk Constabulary,1.233719,52.487388,On or near Supermarket,E01026938,South Norfolk 011D,Burglary,Investigation complete; no suspect identified,
7b38545fecf5cf175e92b6d5861fcb06374d1d1c458a7040a7b460c8aff3d3dc,2020-02,Norfolk Constabulary,Norfolk Constabulary,1.235020,52.489466,On or near Queens Court,E01026938,South Norfolk 011D,Criminal damage and arson,Investigation complete; no suspect identified,
a4f766bd5eac1544c8245c28673b4f98e1e3fb20d00d37c47f2f230116e68187,2020-02,Norfolk Constabulary,Norfolk Constabulary,1.240067,52.492574,On or near Brookfield Close,E01026938,South Norfolk 011D,Other theft,Investigation complete; no suspect identified,
ac979538e67901b6faeae2621f4fd7de56324f3a94fcd5c3e4ac8ab900e7cca0,2020-02,Norfolk Constabulary,Norfolk Constabulary,1.228471,52.484941,On or near Flowerpot Lane,E01026938,South Norfolk 011D,Other theft,Action to be taken by another organisation,
d4376635039cabee49dfc26a4a4747a271885a7b8f0fe40d955baa878c28bff5,2020-02,Norfolk Constabulary,Norfolk Constabulary,1.234286,52.491105,On or near St Andrews Close,E01026938,South Norfolk 011D,Public order,Formal action is not in the public interest,
e85635f9fc01e4efb4e2027112015d2b314c80b705adf28c98e916112755c82b,2020-02,Norfolk Constabulary,Norfolk Constabulary,1.237285,52.490618,On or near Edges Lane,E01026938,South Norfolk 011D,Violence and sexual offences,Unable to prosecute suspect,
402cbf817a369798e5d26a11b34666a1f4e7402881e3ab58b78a82361d35d93c,2020-02,Norfolk Constabulary,Norfolk Constabulary,1.237447,52.488806,On or near Beech Court,E01026938,South Norfolk 011D,Violence and sexual offences,Unable to prosecute suspect,
7a8de02d1fda5c53e4744fee0865cebd9ee57ed9efd13fb6a4c596d6e480d51b,2020-02,Norfolk Constabulary,Norfolk Constabulary,1.240067,52.492574,On or near Brookfield Close,E01026938,South Norfolk 011D,Violence and sexual offences,Unable to prosecute suspect,
951868f2814fe9a3e3789c429dc6c383290d8dd70203e1c970d0fe1e44e2ce16,2020-02,Norfolk Constabulary,Norfolk Constabulary,1.228471,52.484941,On or near Flowerpot Lane,E01026938,South Norfolk 011D,Violence and sexual offences,Action to be taken by another organisation,
7bbb47e35ded4cbf0a6b6c069013a5828bbdb9ebafad963d6a51cdcc88751d36,2020-02,Norfolk Constabulary,Norfolk Constabulary,1.234286,52.491105,On or near St Andrews Close,E01026938,South Norfolk 011D,Violence and sexual offences,Unable to prosecute suspect,
6eea7c3ec64aaac6b77de6a8a301b5cf50d796a03de29b673fd0f9d7cbeb91e3,2020-02,Norfolk Constabulary,Norfolk Constabulary,1.239099,52.492439,On or near Poplar Close,E01026938,South Norfolk 011D,Violence and sexual offences,Unable to prosecute suspect,
f1c16e74909bbd680a7585b7e12cdae146ec5d50b47dfb4b7e56cc074969e50e,2020-02,Norfolk Constabulary,Norfolk Constabulary,1.231470,52.482647,On or near White House Drive,E01026939,South Norfolk 011E,Burglary,Investigation complete; no suspect identified,
c3ea5589dd18c747f775c8ac04b4a602b54dec81edee2a2abe796ab11043fe31,2020-02,Norfolk Constabulary,Norfolk Constabulary,1.233878,52.483139,On or near Bourne Close,E01026939,South Norfolk 011E,Burglary,Investigation complete; no suspect identified,
939f340c51ff0b9e4ef14cf244b14cb53825bf87035193867134d25dcea09e85,2020-02,Norfolk Constabulary,Norfolk Constabulary,1.231470,52.482647,On or near White House Drive,E01026939,South Norfolk 011E,Burglary,Investigation complete; no suspect identified,
1badc919ded9efd07d0190e4b7c2755521eee27f53e634f914c8f1f7b85a0bbd,2020-02,Norfolk Constabulary,Norfolk Constabulary,1.231598,52.480773,On or near Baxter Close,E01026939,South Norfolk 011E,Criminal damage and arson,Unable to prosecute suspect,
f158650e3093addb216b179a272d41cd7de6a42ba4077be79159ddf2a10623d9,2020-02,Norfolk Constabulary,Norfolk Constabulary,1.231470,52.482647,On or near White House Drive,E01026939,South Norfolk 011E,Criminal damage and arson,Investigation complete; no suspect identified,
1323419750d43caf630988aa8795c811f21ccce93906a1776ba7280ceff660ed,2020-02,Norfolk Constabulary,Norfolk Constabulary,1.230503,52.480299,On or near Willow Close,E01026939,South Norfolk 011E,Drugs,Further action is not in the public interest,
d9ffea438b044ea979e07a2192e73aaae29347bb103ef645267e6960dd7ecf26,2020-02,Norfolk Constabulary,Norfolk Constabulary,1.233878,52.483139,On or near Bourne Close,E01026939,South Norfolk 011E,Other theft,Investigation complete; no suspect identified,
f8330776127088efc2269c922a6b1f702ac7bcb57984db7d0cad2c6fa8af8cb8,2020-02,Norfolk Constabulary,Norfolk Constabulary,1.232037,52.483342,On or near Chapel Avenue,E01026939,South Norfolk 011E,Vehicle crime,Investigation complete; no suspect identified,
3e0ff3303c541c859655ef16201908b04a77f48a18a352c5fb5b874f983cf2d7,2020-02,Norfolk Constabulary,Norfolk Constabulary,1.255636,52.499683,On or near Brick Kiln Lane,E01026939,South Norfolk 011E,Violence and sexual offences,Unable to prosecute suspect,
4fee1a587996701b5c1c097741e5da4bac28d30eb95cdccc6e5b76df98f9ba5f,2020-02,Norfolk Constabulary,Norfolk Constabulary,1.204586,52.475761,On or near Hall Lane,E01026939,South Norfolk 011E,Violence and sexual offences,Unable to prosecute suspect,
12ea0416ea130969f97821dd7190dc882fa42b5880701d3fb65d2edf2fc55bed,2020-02,Norfolk Constabulary,Norfolk Constabulary,1.204586,52.475761,On or near Hall Lane,E01026939,South Norfolk 011E,Violence and sexual offences,Unable to prosecute suspect,
2ec2f49ae1e5ef9b813196e689687bd37eed81c3371b6faec97e2a017b357597,2020-02,Norfolk Constabulary,Norfolk Constabulary,1.204586,52.475761,On or near Hall Lane,E01026939,South Norfolk 011E,Violence and sexual offences,Unable to prosecute suspect,
e62c26ab51517db7c78be0fefc6bbc7c1d01ffffc56ae77ad36ded2c8397c92e,2020-02,Norfolk Constabulary,Norfolk Constabulary,1.231598,52.480773,On or near Baxter Close,E01026939,South Norfolk 011E,Violence and sexual offences,Unable to prosecute suspect,
898c18654ba56e004d8e1fa87bde9b6cbed313ed74d5ff385af797fc738a23e4,2020-02,Norfolk Constabulary,Norfolk Constabulary,1.231598,52.480773,On or near Baxter Close,E01026939,South Norfolk 011E,Violence and sexual offences,Unable to prosecute suspect,
,2020-02,Norfolk Constabulary,Norfolk Constabulary,1.227510,52.490930,On or near Sports/Recreation Area,E01026940,South Norfolk 011F,Anti-social behaviour,,
,2020-02,Norfolk Constabulary,Norfolk Constabulary,1.231706,52.490285,On or near Swan Lane,E01026940,South Norfolk 011F,Anti-social behaviour,,
d53f4828b27cb432c28f4a6f28ca68b9ed53c7ca4193f10176deb111dd2964ba,2020-02,Norfolk Constabulary,Norfolk Constabulary,1.228985,52.487931,On or near Manor Road,E01026940,South Norfolk 011F,Burglary,Investigation complete; no suspect identified,
c0a0217cca23f9e6c494d7c624ab460d04e781f2a2a57a7286fd43bd513dd3f7,2020-02,Norfolk Constabulary,Norfolk Constabulary,1.231706,52.490285,On or near Swan Lane,E01026940,South Norfolk 011F,Criminal damage and arson,Unable to prosecute suspect,
9703f66d03af6bcc4b1548f800d86b19ce8754b4e998ee71a93227ebd113ad79,2020-02,Norfolk Constabulary,Norfolk Constabulary,1.208681,52.527336,On or near Norwich Road,E01026940,South Norfolk 011F,Criminal damage and arson,Unable to prosecute suspect,
3609b8c76a3c311ead957b7302938a471a8738b5039c7362452589187a6efd1f,2020-02,Norfolk Constabulary,Norfolk Constabulary,1.231706,52.490285,On or near Swan Lane,E01026940,South Norfolk 011F,Public order,Unable to prosecute suspect,
4619a46cf054ef34b3117bbff4cd76d978c753a077edb4ec8df7e1987048dcf1,2020-02,Norfolk Constabulary,Norfolk Constabulary,1.231706,52.490285,On or near Swan Lane,E01026940,South Norfolk 011F,Public order,Formal action is not in the public interest,
1bb4ebe6cb8dbb56a87931f2fedeb04e29d3869ffffa025f00c5b434371d3894,2020-02,Norfolk Constabulary,Norfolk Constabulary,1.227510,52.490930,On or near Sports/Recreation Area,E01026940,South Norfolk 011F,Public order,Formal action is not in the public interest,
855d4d9c8a44b86ce3c67fb026aaad2da65f56ae4580e633c2b5200d9f1803a2,2020-02,Norfolk Constabulary,Norfolk Constabulary,1.228985,52.487931,On or near Manor Road,E01026940,South Norfolk 011F,Public order,Court result unavailable,
bbc8e5757451287035bb5d3ac6d260600c51340db3e1382568461615b58e4511,2020-02,Norfolk Constabulary,Norfolk Constabulary,1.208076,52.523485,On or near Cow Lane,E01026940,South Norfolk 011F,Violence and sexual offences,Investigation complete; no suspect identified,
20aa008b38fdf1d49607b9f6937d4669e96a1ca7e8a761c3d86646d70508edf5,2020-02,Norfolk Constabulary,Norfolk Constabulary,1.225798,52.502759,On or near Hall Lane,E01026940,South Norfolk 011F,Violence and sexual offences,Unable to prosecute suspect,
a99f5eeb1210143ae956e3f9edb03ae238eac075be181034fcb6b3fd30574bb8,2020-02,Norfolk Constabulary,Norfolk Constabulary,1.231411,52.487460,On or near Francis Road,E01026940,South Norfolk 011F,Violence and sexual offences,Unable to prosecute suspect,
007446a5863f2287d5a0c4b3d9cafa32822eb967fb1257f57251a786b0fb6b89,2020-02,Norfolk Constabulary,Norfolk Constabulary,1.225798,52.502759,On or near Hall Lane,E01026940,South Norfolk 011F,Violence and sexual offences,Unable to prosecute suspect,
caa491e16505008d5de4fc117cf0f12226b8bd61c4bae417a7a676f6aedc52f4,2020-02,Norfolk Constabulary,Norfolk Constabulary,1.224269,52.489112,On or near Jermyn Way,E01026940,South Norfolk 011F,Violence and sexual offences,Unable to prosecute suspect,
0634a6371bb50c222b3a74ab5c715edc9cd7ec936cb325df835b1685a2aeb171,2020-02,Norfolk Constabulary,Norfolk Constabulary,1.227510,52.490930,On or near Sports/Recreation Area,E01026940,South Norfolk 011F,Other crime,Action to be taken by another organisation,
,2020-02,Norfolk Constabulary,Norfolk Constabulary,1.442388,52.470117,On or near Wildflower Way,E01026892,South Norfolk 012A,Anti-social behaviour,,
be198d8b69abe104e15921befc93da85eed6d89208d72df5c725bdc553e2765e,2020-02,Norfolk Constabulary,Norfolk Constabulary,1.442388,52.470117,On or near Wildflower Way,E01026892,South Norfolk 012A,Criminal damage and arson,Investigation complete; no suspect identified,
d0a5c2d59dd04073a85882b58d61f6420cddd4ee3818c339a85794f9e09136ca,2020-02,Norfolk Constabulary,Norfolk Constabulary,1.441401,52.468788,On or near Hollow Hill Road,E01026892,South Norfolk 012A,Drugs,Unable to prosecute suspect,
223254f3fb32189d487780be4d0048cb51d6479cb3fa5606b09f4e590392d09c,2020-02,Norfolk Constabulary,Norfolk Constabulary,1.442388,52.470117,On or near Wildflower Way,E01026892,South Norfolk 012A,Violence and sexual offences,Unable to prosecute suspect,
60ba6bbd5ac13e68150239a05e6a327ad510e16b5d83c562688ef08a53ee4ee3,2020-02,Norfolk Constabulary,Norfolk Constabulary,1.448280,52.466177,On or near Green Lane,E01026893,South Norfolk 012B,Violence and sexual offences,Unable to prosecute suspect,
34a845d534f28eef8116a12a86587271fb8bd2d8bcfc998972a47468e014f2db,2020-02,Norfolk Constabulary,Norfolk Constabulary,1.393678,52.458179,On or near Park/Open Space,E01026894,South Norfolk 012C,Burglary,Investigation complete; no suspect identified,
d8896efdfdc9f34ef11157b500459c58ed88303f6c8159ae9b104366a11997bb,2020-02,Norfolk Constabulary,Norfolk Constabulary,1.393678,52.458179,On or near Park/Open Space,E01026894,South Norfolk 012C,Burglary,Investigation complete; no suspect identified,
7c0da42207e0f0f153bd23173da15efb322340018d48a31238eeac2a4b41d3be,2020-02,Norfolk Constabulary,Norfolk Constabulary,1.355648,52.453536,On or near Norwich Road,E01026894,South Norfolk 012C,Violence and sexual offences,Unable to prosecute suspect,
8a5a0d4fbf7015a7ae7872e1e7912b8d573b1f35c77beea697bdfcc009633be9,2020-02,Norfolk Constabulary,Norfolk Constabulary,1.295867,52.504792,On or near Roberts Close,E01026903,South Norfolk 012D,Bicycle theft,Investigation complete; no suspect identified,
ce6117ad1ee0e837ed8f77620171c711929a49e0eb6e312c3ab631ec697ff8eb,2020-02,Norfolk Constabulary,Norfolk Constabulary,1.283394,52.493465,On or near The Street,E01026903,South Norfolk 012D,Violence and sexual offences,Unable to prosecute suspect,
,2020-02,Norfolk Constabulary,Norfolk Constabulary,1.373727,52.496255,On or near Suckling Place,E01026904,South Norfolk 012E,Anti-social behaviour,,
10ed36f310e48518b2da7d644df18a2ba4822e5fbc8bf8a53d9a6442e1bf986c,2020-02,Norfolk Constabulary,Norfolk Constabulary,1.299709,52.499028,On or near Coronation Crescent,E01026904,South Norfolk 012E,Violence and sexual offences,Unable to prosecute suspect,
b1fa8e370fa54cda7bf90c3df25ca0b8c0f591c5e0ed9293a123ab0f563b3fbd,2020-02,Norfolk Constabulary,Norfolk Constabulary,1.371585,52.495030,On or near Jenkinsons Pightle,E01026904,South Norfolk 012E,Violence and sexual offences,Unable to prosecute suspect,
,2020-02,Norfolk Constabulary,Norfolk Constabulary,1.247858,52.422965,On or near Chestnut Road,E01026872,South Norfolk 013A,Anti-social behaviour,,
77ec4dce73d3679c1ffc53b6db0e7ea572a827b9aa233c0ef956b70ad4ba51a3,2020-02,Norfolk Constabulary,Norfolk Constabulary,1.242413,52.422332,On or near Norwich Road,E01026872,South Norfolk 013A,Bicycle theft,Investigation complete; no suspect identified,
158b094b3e23fa6eceec9825f47d5b585597a4dc70225de7c804dd32e95a4241,2020-02,Norfolk Constabulary,Norfolk Constabulary,1.250610,52.420983,On or near Church Close,E01026872,South Norfolk 013A,Criminal damage and arson,Unable to prosecute suspect,
dfb28b4f1f958e2e8a613a0a5ef489e2d2035522067cdd7df217c31ece31c1b0,2020-02,Norfolk Constabulary,Norfolk Constabulary,1.214842,52.443303,On or near Norwich Road,E01026872,South Norfolk 013A,Other theft,Investigation complete; no suspect identified,
6032841861465a01150b5b333fad3256662b2ab14a90eba985d636e700be8cca,2020-02,Norfolk Constabulary,Norfolk Constabulary,1.243890,52.411409,On or near Sports/Recreation Area,E01026872,South Norfolk 013A,Vehicle crime,Investigation complete; no suspect identified,
13b3952440cf47b90e278f4d665099f61bacde542bcd93dbde9d07e3df482c99,2020-02,Norfolk Constabulary,Norfolk Constabulary,1.244847,52.420431,On or near Mill Lane,E01026872,South Norfolk 013A,Vehicle crime,Investigation complete; no suspect identified,
c8375d4cc0e1507193fee155f98394cacfc2c03af33401d83d50ca586f137451,2020-02,Norfolk Constabulary,Norfolk Constabulary,1.225123,52.432141,On or near Julians Way,E01026872,South Norfolk 013A,Violence and sexual offences,Unable to prosecute suspect,
0953aec1bdf2ed19f1dbcfe847e467a6d3dac8bb745853e306d1854bd1d52f53,2020-02,Norfolk Constabulary,Norfolk Constabulary,1.228812,52.430277,On or near Falcon Road,E01026872,South Norfolk 013A,Violence and sexual offences,Unable to prosecute suspect,
afd23efbc7c42a18da4eaf9fef1e3b649b5c508a67ac5af14e0f24c507882fb1,2020-02,Norfolk Constabulary,Norfolk Constabulary,1.228812,52.430277,On or near Falcon Road,E01026872,South Norfolk 013A,Violence and sexual offences,Status update unavailable,
a64d71f1576d3f9b0b4f841cef2b451c8799440d034230872c21b2693326ba96,2020-02,Norfolk Constabulary,Norfolk Constabulary,1.225123,52.432141,On or near Julians Way,E01026872,South Norfolk 013A,Other crime,Further investigation is not in the public interest,
,2020-02,Norfolk Constabulary,Norfolk Constabulary,1.294328,52.400651,On or near Wilderness Lane,E01026900,South Norfolk 013B,Anti-social behaviour,,
9c9a2d88f9c4f728e05f7198be2c6395ca78d24cce9adaf008d4400be61cda67,2020-02,Norfolk Constabulary,Norfolk Constabulary,1.296374,52.397320,On or near Pemberton Road,E01026900,South Norfolk 013B,Criminal damage and arson,Unable to prosecute suspect,
7f9aa05fd208646e41ce43c236387321646a0eb346dc5a00ffc8dec46a5be284,2020-02,Norfolk Constabulary,Norfolk Constabulary,1.294299,52.398277,On or near Wilderness Close,E01026900,South Norfolk 013B,Other theft,Unable to prosecute suspect,
,2020-02,Norfolk Constabulary,Norfolk Constabulary,1.297515,52.405517,On or near Pilgrim'S Way,E01026901,South Norfolk 013C,Anti-social behaviour,,
d5993c08d395e4c9b3a4907c799e64177b411c51325273e1a2aa0c06e44ae834,2020-02,Norfolk Constabulary,Norfolk Constabulary,1.307938,52.405478,On or near St Mary'S Close,E01026901,South Norfolk 013C,Other theft,Investigation complete; no suspect identified,
,2020-02,Norfolk Constabulary,Norfolk Constabulary,1.306986,52.401988,On or near Martin Road,E01026902,South Norfolk 013D,Anti-social behaviour,,
,2020-02,Norfolk Constabulary,Norfolk Constabulary,1.299853,52.403150,On or near Bullock Fair Close,E01026902,South Norfolk 013D,Anti-social behaviour,,
1709c547b893e22915acc114a22f831e0544ca78fed1638a1eb6000d6cb7a1ed,2020-02,Norfolk Constabulary,Norfolk Constabulary,1.298910,52.401755,On or near Market Place,E01026902,South Norfolk 013D,Public order,Unable to prosecute suspect,
e22a8613981f66fc00725b6b3ade02059be4135729ec65af116fd8bae6dec4e9,2020-02,Norfolk Constabulary,Norfolk Constabulary,1.298887,52.404391,On or near Tudor Rose Way,E01026902,South Norfolk 013D,Vehicle crime,Investigation complete; no suspect identified,
75c0468f82d04caabe7fa151b05ef5deb997e7f6af7f090a6d3a2e41e68554d3,2020-02,Norfolk Constabulary,Norfolk Constabulary,1.297386,52.403785,On or near Paddock Road,E01026902,South Norfolk 013D,Vehicle crime,Investigation complete; no suspect identified,
ebed530ac212f95c4b9f7418d063d03eb3a84406150e70b85ff09aad92b86812,2020-02,Norfolk Constabulary,Norfolk Constabulary,1.295631,52.403330,On or near Allthorpe Road,E01026902,South Norfolk 013D,Violence and sexual offences,Investigation complete; no suspect identified,
f5459aa4e431f472099a5cdad7f56ad102cbcbc9df774a4e24160aac37612780,2020-02,Norfolk Constabulary,Norfolk Constabulary,1.300392,52.403081,On or near The Thoroughfare,E01026902,South Norfolk 013D,Violence and sexual offences,Unable to prosecute suspect,
15a32a576ff11629c4664eec08c808897d0768c3b8aaf94f7d04c5de60f3da5d,2020-02,Norfolk Constabulary,Norfolk Constabulary,1.300392,52.403081,On or near The Thoroughfare,E01026902,South Norfolk 013D,Violence and sexual offences,Unable to prosecute suspect,
27a87388e4e223cc72f18bfd7b8cdf922bae8f329a0dda0f48b851bc59a0e26d,2020-02,Norfolk Constabulary,Norfolk Constabulary,1.298887,52.404391,On or near Tudor Rose Way,E01026902,South Norfolk 013D,Violence and sexual offences,Unable to prosecute suspect,
8fbb1f14fcc9b2844bb39df0e27ae8443f93d81c674e7babef85cafe0358f9d2,2020-02,Norfolk Constabulary,Norfolk Constabulary,1.300742,52.403053,On or near Broad Street,E01026902,South Norfolk 013D,Violence and sexual offences,Unable to prosecute suspect,
cb0c45e5f62f3de1f6802aa8354dd06dbaf620ec46cf4ad18d63c0db2a30594e,2020-02,Norfolk Constabulary,Norfolk Constabulary,1.061946,52.385022,On or near Parking Area,E01026873,South Norfolk 014A,Other theft,Unable to prosecute suspect,
c96b9c6987a588ed6507f5c10d0eb109dc3310e5a6d3b9b4bcf1b6cc3d8d5899,2020-02,Norfolk Constabulary,Norfolk Constabulary,1.133589,52.414746,On or near Hall Road,E01026874,South Norfolk 014B,Other theft,Investigation complete; no suspect identified,
0e3a994a05fcabcd8b2e98bebcd8e170b5baa7692f6ac51db85766def15ecf7a,2020-02,Norfolk Constabulary,Norfolk Constabulary,1.161450,52.422404,On or near Grove Road,E01026874,South Norfolk 014B,Vehicle crime,Investigation complete; no suspect identified,
f94d47404c81768d043ccdeeb9a58784d4c5da0b72a320a756da7df1b591290c,2020-02,Norfolk Constabulary,Norfolk Constabulary,1.154069,52.416899,On or near Burston Road,E01026874,South Norfolk 014B,Vehicle crime,Investigation complete; no suspect identified,
560df8174b6b09830574b891de56fd7c4bc52cbc02e0d3fed92819d25e1bfbd9,2020-02,Norfolk Constabulary,Norfolk Constabulary,1.142930,52.404228,On or near Audley Close,E01026874,South Norfolk 014B,Violence and sexual offences,Unable to prosecute suspect,
bf3ab7fb808e8e42136b88bab18d0d0c244621394aaa76be759f2ae26c879d93,2020-02,Norfolk Constabulary,Norfolk Constabulary,1.142930,52.404228,On or near Audley Close,E01026874,South Norfolk 014B,Violence and sexual offences,Unable to prosecute suspect,
,2020-02,Norfolk Constabulary,Norfolk Constabulary,1.173547,52.443349,On or near Hales Street,E01026886,South Norfolk 014C,Anti-social behaviour,,
ec0eb133beeee06e6d8762fa61abaca4c9c36d8d1d51e142a6f0cabfa4a592b4,2020-02,Norfolk Constabulary,Norfolk Constabulary,1.175995,52.455893,On or near Station Road,E01026886,South Norfolk 014C,Violence and sexual offences,Unable to prosecute suspect,
61e69e5deb3bb737ef5bd475de6643f34cfd4f0a544ad8b161a68496bb0253c0,2020-02,Norfolk Constabulary,Norfolk Constabulary,1.173782,52.394841,On or near Back Lane,E01026887,South Norfolk 014D,Public order,Unable to prosecute suspect,
c49b151dc2157eda0e48d29db6923593a7d98de9400d703725ced02f25c3a34d,2020-02,Norfolk Constabulary,Norfolk Constabulary,1.230122,52.400310,On or near Airstation Lane,E01026887,South Norfolk 014D,Vehicle crime,Investigation complete; no suspect identified,
d89a384b9eb0f76fc0d126eb498c6eab9be32a6d4df825fa10eed416f5237aaa,2020-02,Norfolk Constabulary,Norfolk Constabulary,1.160297,52.364759,On or near St Leonards Close,E01026934,South Norfolk 014E,Criminal damage and arson,Investigation complete; no suspect identified,
55bf10384abc68436a1aabc04feb928f91529849aca28d71201944292b66a7cd,2020-02,Norfolk Constabulary,Norfolk Constabulary,1.161657,52.368167,On or near Ransome Avenue,E01026934,South Norfolk 014E,Criminal damage and arson,Investigation complete; no suspect identified,
1e3698d72fcb5ed9c8488f1d7f62832c698c1cfa3b5bd2c2d4de4a021bf1e3c7,2020-02,Norfolk Constabulary,Norfolk Constabulary,1.154145,52.365841,On or near Diss Road,E01026934,South Norfolk 014E,Violence and sexual offences,Status update unavailable,
15af09b79f6fb295508eab0b88db4dac2cc36faeb2a6cecf4c7d64b4ad75fc1b,2020-02,Norfolk Constabulary,Norfolk Constabulary,1.161657,52.368167,On or near Ransome Avenue,E01026934,South Norfolk 014E,Violence and sexual offences,Unable to prosecute suspect,
89a9e09eb0b38f576ce88d3b858ae9910c2121e15a00d2009570f13ea26473bf,2020-02,Norfolk Constabulary,Norfolk Constabulary,1.158621,52.365353,On or near St Andrews Road,E01026934,South Norfolk 014E,Violence and sexual offences,Unable to prosecute suspect,
58a7a67f1305f2a66246734792e182774499bd71e05c7ac30e4d90eaa3e187dd,2020-02,Norfolk Constabulary,Norfolk Constabulary,1.158621,52.365353,On or near St Andrews Road,E01026934,South Norfolk 014E,Violence and sexual offences,Unable to prosecute suspect,
cb9189c14ef6b93c587839821b601d6971cee1e6a1e668073bfde0459cb340cc,2020-02,Norfolk Constabulary,Norfolk Constabulary,1.161657,52.368167,On or near Ransome Avenue,E01026934,South Norfolk 014E,Other crime,Action to be taken by another organisation,
55c4c128ab7e59c6ab411a25afd39ded9917475ac816cf763941f1be6f8b7aec,2020-02,Norfolk Constabulary,Norfolk Constabulary,1.161657,52.368167,On or near Ransome Avenue,E01026934,South Norfolk 014E,Other crime,Action to be taken by another organisation,
8217cc90ccf5ec155281f93d4191d736eea343db9bb9ae5ad64431c2f9db3b43,2020-02,Norfolk Constabulary,Norfolk Constabulary,1.161657,52.368167,On or near Ransome Avenue,E01026934,South Norfolk 014E,Other crime,Action to be taken by another organisation,
92f75233108bfae2eaf1c725d1803f4bd9a1ae764c4a1817d12ed83050e13f2d,2020-02,Norfolk Constabulary,Norfolk Constabulary,1.161657,52.368167,On or near Ransome Avenue,E01026934,South Norfolk 014E,Other crime,Action to be taken by another organisation,
8564704d5cc58e3cb0328343dfb43424ba1e29c12ecce06793d6348b6f250efe,2020-02,Norfolk Constabulary,Norfolk Constabulary,1.161657,52.368167,On or near Ransome Avenue,E01026934,South Norfolk 014E,Other crime,Action to be taken by another organisation,
9330d24750b76dbbe134f5be544e3503f7813beb290523b2813f1b38b125252b,2020-02,Norfolk Constabulary,Norfolk Constabulary,1.161657,52.368167,On or near Ransome Avenue,E01026934,South Norfolk 014E,Other crime,Action to be taken by another organisation,
1442d99cc42d2f2dc197d5159701bb8c18e253a01f57a3ec9042df1054304063,2020-02,Norfolk Constabulary,Norfolk Constabulary,1.161657,52.368167,On or near Ransome Avenue,E01026934,South Norfolk 014E,Other crime,Action to be taken by another organisation,
1bb34a1cdf1e8d081b95f0639b3218a0e153f3e61542552c7638e4fa84117c7f,2020-02,Norfolk Constabulary,Norfolk Constabulary,1.161657,52.368167,On or near Ransome Avenue,E01026934,South Norfolk 014E,Other crime,Action to be taken by another organisation,
1cc5d8aeb6f82fa058f58ac352860ef979e694ce4d4927a52867689dab670621,2020-02,Norfolk Constabulary,Norfolk Constabulary,1.270139,52.388705,On or near A143,E01026935,South Norfolk 014F,Public order,Unable to prosecute suspect,
52701f130feea85df280a17e3331dc9a236e03cb361b1d498422093bef02cfd4,2020-02,Norfolk Constabulary,Norfolk Constabulary,1.284163,52.392668,On or near High Road,E01026935,South Norfolk 014F,Violence and sexual offences,Action to be taken by another organisation,
cab6195b89640a8bbcc36a7450484f9aa29ba16acf5bca163931a8608a996378,2020-02,Norfolk Constabulary,Norfolk Constabulary,1.284163,52.392668,On or near High Road,E01026935,South Norfolk 014F,Violence and sexual offences,Action to be taken by another organisation,
23c202e8cdf9192faf048d6be85003044e20ebe3c446bd5a4efafbf1e040b9c4,2020-02,Norfolk Constabulary,Norfolk Constabulary,1.258346,52.377482,On or near Tumbril Lane,E01026935,South Norfolk 014F,Other crime,Action to be taken by another organisation,
1f6b5307720bcdfae29c6436f0a537ca8c1b52ac1bd28255fa6fc37f74882674,2020-02,Norfolk Constabulary,Norfolk Constabulary,1.116330,52.378581,On or near Willbye Avenue,E01026888,South Norfolk 015A,Burglary,Investigation complete; no suspect identified,
7a8fe1f8c93ccb120b996b3c562c0255c6a7606e7ca94797d11f56bb678c8e89,2020-02,Norfolk Constabulary,Norfolk Constabulary,1.112645,52.379047,On or near Uplands Way,E01026888,South Norfolk 015A,Criminal damage and arson,Investigation complete; no suspect identified,
77e4da9e45e3888138e70cf0bba8280c533ecdc203362575185eeb70f17b6174,2020-02,Norfolk Constabulary,Norfolk Constabulary,1.119881,52.376635,On or near Field House Gardens,E01026888,South Norfolk 015A,Vehicle crime,Investigation complete; no suspect identified,
2d5a0ea5957be37af64acbe0f9e756406179dc26e1dfaa1277cab6cce4d3bccf,2020-02,Norfolk Constabulary,Norfolk Constabulary,1.112645,52.379047,On or near Uplands Way,E01026888,South Norfolk 015A,Vehicle crime,Investigation complete; no suspect identified,
c335c82d19dea4eec1c74027601186ef1281d74a6e9ae63558b4cf61c9d71739,2020-02,Norfolk Constabulary,Norfolk Constabulary,1.112645,52.379047,On or near Uplands Way,E01026888,South Norfolk 015A,Violence and sexual offences,Unable to prosecute suspect,
089b1ce622fe1c71b82ae285605d9d8ed586bcaa2702b2621adb28e7fa2f929a,2020-02,Norfolk Constabulary,Norfolk Constabulary,1.112645,52.379047,On or near Uplands Way,E01026888,South Norfolk 015A,Violence and sexual offences,Unable to prosecute suspect,
cbe335fdafe1ea3302a6c4a3fe24b62bd6f32c0059e25f574fc65d48988792c0,2020-02,Norfolk Constabulary,Norfolk Constabulary,1.112645,52.379047,On or near Uplands Way,E01026888,South Norfolk 015A,Violence and sexual offences,Unable to prosecute suspect,
ca3fbf9376c4edc49708f46362630714d1c02cc7d205c786657cc0ff1a855181,2020-02,Norfolk Constabulary,Norfolk Constabulary,1.112645,52.379047,On or near Uplands Way,E01026888,South Norfolk 015A,Violence and sexual offences,Action to be taken by another organisation,
ed4ebe89e604e0d3ec2df4a449d2035aa2d3ac3ef70a67df31ab79553a3fe1e0,2020-02,Norfolk Constabulary,Norfolk Constabulary,1.097421,52.379484,On or near Brewers Green Lane,E01026889,South Norfolk 015B,Criminal damage and arson,Unable to prosecute suspect,
b2b3af227c7fcf2c2b5cb0648ae41ceb5bb3003211f7277fb2a25c074cf0ae31,2020-02,Norfolk Constabulary,Norfolk Constabulary,1.099032,52.380880,On or near Egremont Road,E01026889,South Norfolk 015B,Violence and sexual offences,Action to be taken by another organisation,
,2020-02,Norfolk Constabulary,Norfolk Constabulary,1.109522,52.372681,On or near Supermarket,E01026891,South Norfolk 015D,Anti-social behaviour,,
,2020-02,Norfolk Constabulary,Norfolk Constabulary,1.105373,52.376999,On or near Beehive Yard,E01026891,South Norfolk 015D,Anti-social behaviour,,
,2020-02,Norfolk Constabulary,Norfolk Constabulary,1.109522,52.372681,On or near Supermarket,E01026891,South Norfolk 015D,Anti-social behaviour,,
,2020-02,Norfolk Constabulary,Norfolk Constabulary,1.100888,52.374221,On or near Police Station,E01026891,South Norfolk 015D,Anti-social behaviour,,
,2020-02,Norfolk Constabulary,Norfolk Constabulary,1.105373,52.376999,On or near Beehive Yard,E01026891,South Norfolk 015D,Anti-social behaviour,,
,2020-02,Norfolk Constabulary,Norfolk Constabulary,1.098447,52.376516,On or near Buxton Road,E01026891,South Norfolk 015D,Anti-social behaviour,,
,2020-02,Norfolk Constabulary,Norfolk Constabulary,1.109522,52.372681,On or near Supermarket,E01026891,South Norfolk 015D,Anti-social behaviour,,
,2020-02,Norfolk Constabulary,Norfolk Constabulary,1.107533,52.377410,On or near St Nicholas Street,E01026891,South Norfolk 015D,Anti-social behaviour,,
,2020-02,Norfolk Constabulary,Norfolk Constabulary,1.107533,52.377410,On or near St Nicholas Street,E01026891,South Norfolk 015D,Anti-social behaviour,,
dc69a47dfc6c30b2fd8bc254192a48e6ff8f162d6ef65841373d2d9444329eff,2020-02,Norfolk Constabulary,Norfolk Constabulary,1.099834,52.375760,On or near Ladbrooke Close,E01026891,South Norfolk 015D,Criminal damage and arson,Investigation complete; no suspect identified,
f442dac1eb472791220a4abea8dab781fc4e5aac95475abe0ff7cc88c46d2552,2020-02,Norfolk Constabulary,Norfolk Constabulary,1.108789,52.376676,On or near Market Place,E01026891,South Norfolk 015D,Criminal damage and arson,Status update unavailable,
52142c56a148a74a0f9c3d4e40690c984783b4b46c0729c1e2e37ad7064f52f0,2020-02,Norfolk Constabulary,Norfolk Constabulary,1.107533,52.377410,On or near St Nicholas Street,E01026891,South Norfolk 015D,Criminal damage and arson,Investigation complete; no suspect identified,
c1fd35fccb4519c3dfe63a4e791a3cf495e2aaf3c9bbc1e22a37c96c7a15a99d,2020-02,Norfolk Constabulary,Norfolk Constabulary,1.109558,52.375909,On or near Chapel Street,E01026891,South Norfolk 015D,Drugs,Awaiting court outcome,
709e3f5d5a316b79f62eff6b63face3cfb903cc072cfc05f8025a25ed48acdae,2020-02,Norfolk Constabulary,Norfolk Constabulary,1.108505,52.374093,On or near Supermarket,E01026891,South Norfolk 015D,Other theft,Unable to prosecute suspect,
ef2d72a39c708d467616114435e4233bd39f67d3a27ac85f0a7edaedd363f4f7,2020-02,Norfolk Constabulary,Norfolk Constabulary,1.109522,52.372681,On or near Supermarket,E01026891,South Norfolk 015D,Other theft,Offender given a caution,
d09e2da5c9a62ca55c3983afe31681e948a85e0ea11d46eec720d482739aa36d,2020-02,Norfolk Constabulary,Norfolk Constabulary,1.113071,52.374449,On or near Mere Manor Court,E01026891,South Norfolk 015D,Public order,Unable to prosecute suspect,
e4d4401fa39db497ae8abfad01ab49fd27d9e4615a97051fcb2160704ef82d15,2020-02,Norfolk Constabulary,Norfolk Constabulary,1.109522,52.372681,On or near Supermarket,E01026891,South Norfolk 015D,Public order,Unable to prosecute suspect,
7da52238022070b85fcbf238673fccf51dd6db72352d090ab9c63efb616ae54a,2020-02,Norfolk Constabulary,Norfolk Constabulary,1.108789,52.376676,On or near Market Place,E01026891,South Norfolk 015D,Public order,Unable to prosecute suspect,
9942b47db450632d46953664518ba3db9f4a190f951c46d171898ff99e6338b7,2020-02,Norfolk Constabulary,Norfolk Constabulary,1.109522,52.372681,On or near Supermarket,E01026891,South Norfolk 015D,Public order,Unable to prosecute suspect,
03b9ad53724199be39086e6adb026cd058bbc10cc82abdc1c0f44b5dbe510709,2020-02,Norfolk Constabulary,Norfolk Constabulary,1.109522,52.372681,On or near Supermarket,E01026891,South Norfolk 015D,Public order,Unable to prosecute suspect,
f8ca60b2bdc22dc18b002f44884a10849226b291ea1fa1565c7903b650bdd88e,2020-02,Norfolk Constabulary,Norfolk Constabulary,1.109522,52.372681,On or near Supermarket,E01026891,South Norfolk 015D,Shoplifting,Court result unavailable,
2060b1b561c10582db492b6127c5da4ff0599b4d97b90b11cbd740b9a5fd5e79,2020-02,Norfolk Constabulary,Norfolk Constabulary,1.109522,52.372681,On or near Supermarket,E01026891,South Norfolk 015D,Shoplifting,Court result unavailable,
38c2fc4bb59e5a09b6988ddaa9f1a74941152401ac968a69ba383c1e1eacd74b,2020-02,Norfolk Constabulary,Norfolk Constabulary,1.109522,52.372681,On or near Supermarket,E01026891,South Norfolk 015D,Shoplifting,Investigation complete; no suspect identified,
a5642e107640e46bed561cb16eb135d62ece38ad5353ad3ff8e22b661d06f568,2020-02,Norfolk Constabulary,Norfolk Constabulary,1.108789,52.376676,On or near Market Place,E01026891,South Norfolk 015D,Violence and sexual offences,Unable to prosecute suspect,
02bab92e62d514a7e9a5f471ab11b99b9abe6358067f50d618658ce2cacd1e9b,2020-02,Norfolk Constabulary,Norfolk Constabulary,1.100888,52.374221,On or near Police Station,E01026891,South Norfolk 015D,Violence and sexual offences,Unable to prosecute suspect,
f4e6010d4e7ea1c57d27d75848c976d7207b14d2194de9159e08979d2babcf4b,2020-02,Norfolk Constabulary,Norfolk Constabulary,1.100888,52.374221,On or near Police Station,E01026891,South Norfolk 015D,Violence and sexual offences,Offender given a caution,
0b8e5d62d686a4f1924847a835bf9a1f3483085d0d5eab99be4360ca2ab2b7e0,2020-02,Norfolk Constabulary,Norfolk Constabulary,1.109522,52.372681,On or near Supermarket,E01026891,South Norfolk 015D,Violence and sexual offences,Unable to prosecute suspect,
ed96b04ba5746089f3597d0b03436aaa3ba24fd0dedd87f3d03c9e0f7b0d9a8f,2020-02,Norfolk Constabulary,Norfolk Constabulary,1.109522,52.372681,On or near Supermarket,E01026891,South Norfolk 015D,Violence and sexual offences,Unable to prosecute suspect,
ea5f477a42191fce4122e02cd54c958ad6509080a596c4533f6287281f082398,2020-02,Norfolk Constabulary,Norfolk Constabulary,1.108789,52.376676,On or near Market Place,E01026891,South Norfolk 015D,Violence and sexual offences,Unable to prosecute suspect,
f9308b62a9c423ce58eab0154dfa9f6deda62991dbaa934de8e66e16eb726d57,2020-02,Norfolk Constabulary,Norfolk Constabulary,1.098447,52.376516,On or near Buxton Road,E01026891,South Norfolk 015D,Violence and sexual offences,Unable to prosecute suspect,
0ca8d157c8634dc7c78b407d637ac39106efd9c9825800d66645ffaf1d730957,2020-02,Norfolk Constabulary,Norfolk Constabulary,1.099834,52.375760,On or near Ladbrooke Close,E01026891,South Norfolk 015D,Violence and sexual offences,Court result unavailable,
697f896e97ff37da7d90a543c4dc28fbac433078c9889a421549eb928f1747e0,2020-02,Norfolk Constabulary,Norfolk Constabulary,1.083135,52.383266,On or near Swamp Lane,E01026931,South Norfolk 015E,Burglary,Investigation complete; no suspect identified,
0b1ba516c4cb3e6cdc244bf72cc938028dc53d6e7c8956897182cf3f8d6c0e6a,2020-02,Norfolk Constabulary,Norfolk Constabulary,1.081469,52.388040,On or near Snow Street,E01026931,South Norfolk 015E,Burglary,Investigation complete; no suspect identified,
669918d1792628bade98563eea25735a1dddfd79f9df49f1f2ceee8f8b1ac5f8,2020-02,Norfolk Constabulary,Norfolk Constabulary,1.089635,52.380794,On or near Manor Road,E01026932,South Norfolk 015F,Criminal damage and arson,Investigation complete; no suspect identified,
5a4ffa2f993a36ca2ed5da1a21de42d6c1ce760419be2ea8277ded1675907003,2020-02,Norfolk Constabulary,Norfolk Constabulary,1.104360,52.381829,On or near Brushmakers Way,E01026932,South Norfolk 015F,Public order,Further action is not in the public interest,
77c7a4220c22c099f9d9b59e7aff07755e3a283eec2c10bf9d07b6d33c65297c,2020-02,Norfolk Constabulary,Norfolk Constabulary,1.089137,52.380600,On or near Queensway,E01026932,South Norfolk 015F,Public order,Unable to prosecute suspect,
45c308982f3c59a89bb1772f7a33a56c22a0df854125622ab6917a52dba3b9cb,2020-02,Norfolk Constabulary,Norfolk Constabulary,1.103375,52.383698,On or near Louie'S Lane,E01026932,South Norfolk 015F,Violence and sexual offences,Unable to prosecute suspect,
99a37c8b200695fef2a73a1c2f7888e73ea7f8298121da705347cdae79b7e359,2020-02,Norfolk Constabulary,Norfolk Constabulary,1.104360,52.381829,On or near Brushmakers Way,E01026932,South Norfolk 015F,Violence and sexual offences,Unable to prosecute suspect,
a2283d9af1f9e6eae3f493c5ddb68c4365ff6113a7cf050c37a1dc38eac8dcfb,2020-02,Norfolk Constabulary,Norfolk Constabulary,1.089137,52.380600,On or near Queensway,E01026932,South Norfolk 015F,Violence and sexual offences,Unable to prosecute suspect,
7cc3859dbf4d7210e55129bc9c98e1353dce816c99f0b6f8fe5305473f822ba1,2020-02,Norfolk Constabulary,Norfolk Constabulary,1.089635,52.380794,On or near Manor Road,E01026932,South Norfolk 015F,Violence and sexual offences,Unable to prosecute suspect,
c49afd1a6cbe629ddda94084e75d6b6047609a3631e5af3420ea1dbbbe42fbae,2020-02,Norfolk Constabulary,Norfolk Constabulary,1.122856,52.370270,On or near Prince Regent Way,E01033539,South Norfolk 015G,Other theft,Unable to prosecute suspect,
cef105566f986e82ecd02b8e67eeeb96fcd41793dfa2254f71575e3d1ddedc63,2020-02,Norfolk Constabulary,Norfolk Constabulary,1.120633,52.370841,On or near Petrol Station,E01033539,South Norfolk 015G,Shoplifting,Investigation complete; no suspect identified,
d7e61c0ed3e42aac7fc4abd7c14f4afcd60c8d85cb45dd526428ab9367de39ff,2020-02,Norfolk Constabulary,Norfolk Constabulary,1.125722,52.369241,On or near Clement Gardens,E01033539,South Norfolk 015G,Violence and sexual offences,Unable to prosecute suspect,
4c2863a2870724849aca2b25da59c47278862287936a3ae38f0aeb19db2eb501,2020-02,Norfolk Constabulary,Norfolk Constabulary,1.124267,52.370484,On or near Tavern Close,E01033539,South Norfolk 015G,Violence and sexual offences,Action to be taken by another organisation,
0b0a614c5e1f1e44fe435768a69e9be292d9816cf91af5690af29a2e84114a6d,2020-02,Norfolk Constabulary,Norfolk Constabulary,1.128035,52.374324,On or near Hopper Way,E01033539,South Norfolk 015G,Violence and sexual offences,Investigation complete; no suspect identified,
549cfe4ca3d4fde02c9e8a648f5807742817d36a874803c02266f34d66359007,2020-02,Norfolk Constabulary,Norfolk Constabulary,1.123043,52.377496,On or near Sycamore Way,E01033539,South Norfolk 015G,Violence and sexual offences,Unable to prosecute suspect,
,2020-02,Norfolk Constabulary,Norfolk Constabulary,1.122577,52.368398,On or near Riverside Maltings,E01033541,South Norfolk 015H,Anti-social behaviour,,
04a7a5cc33cf2ca340790957f3e73b94216638bb0c66278fdafc32ab709b54ed,2020-02,Norfolk Constabulary,Norfolk Constabulary,1.122872,52.367589,On or near Lower Rose Lane,E01033541,South Norfolk 015H,Burglary,Investigation complete; no suspect identified,
edfe9ab6398d813b15f7f8d014e2a35257d35c81d454e4c15ae6a3fe60d2cbd8,2020-02,Norfolk Constabulary,Norfolk Constabulary,1.113892,52.372134,On or near Victoria Close,E01033541,South Norfolk 015H,Criminal damage and arson,Formal action is not in the public interest,
32752ceb5f695e2c3d15f6c1bed57cb30c17d6d49d5f6e4f672f7d40e93a2ab4,2020-02,Norfolk Constabulary,Norfolk Constabulary,1.113892,52.372134,On or near Victoria Close,E01033541,South Norfolk 015H,Violence and sexual offences,Formal action is not in the public interest,
d3574ce75d4c6dcefa90b311664fb11d34d89e8d67bf9fa5e6db8ca94816c508,2020-02,Norfolk Constabulary,Norfolk Constabulary,1.113892,52.372134,On or near Victoria Close,E01033541,South Norfolk 015H,Violence and sexual offences,Formal action is not in the public interest,
bc095ff6dd4b6f9c0575596281db07f8c228896b77280dc2788e8cba02b1ab5a,2020-02,Norfolk Constabulary,Norfolk Constabulary,1.113892,52.372134,On or near Victoria Close,E01033541,South Norfolk 015H,Violence and sexual offences,Formal action is not in the public interest,
34390fbc6d47a45acdf1347db9f5ca1a606055f09d5d75eb4abeec6507437be8,2020-02,Norfolk Constabulary,Norfolk Constabulary,1.113892,52.372134,On or near Victoria Close,E01033541,South Norfolk 015H,Violence and sexual offences,Formal action is not in the public interest,
55e8c1f644ad9a5831013936e68c3201353dc6e427e39df9cc37fd7558da66e0,2020-02,Norfolk Constabulary,Norfolk Constabulary,1.113892,52.372134,On or near Victoria Close,E01033541,South Norfolk 015H,Violence and sexual offences,Formal action is not in the public interest,
681e2df67d6a15dc0ca62131e4f4609d41f51f6a94367e9df108f7dae9f9f1df,2020-02,Norfolk Constabulary,Norfolk Constabulary,1.113892,52.372134,On or near Victoria Close,E01033541,South Norfolk 015H,Violence and sexual offences,Formal action is not in the public interest,
a3126bb57cfac086d25c646c4a304654c414063344dd674e195312d1abfeb390,2020-02,Norfolk Constabulary,Norfolk Constabulary,0.709183,52.232022,On or near Park/Open Space,E01030142,St Edmundsbury 009B,Public order,Court result unavailable,
c4c37b7fea096f64491bef7d6d183f0a6f28eeafb88845b52b327950636758f3,2020-02,Norfolk Constabulary,Norfolk Constabulary,0.709183,52.232022,On or near Park/Open Space,E01030142,St Edmundsbury 009B,Violence and sexual offences,Court result unavailable,
432ed03607c188dbfa985061655c51ecb9eac25df8bec4e2e84a73511f6a493a,2020-02,Norfolk Constabulary,Norfolk Constabulary,1.737185,52.491950,On or near Castleton Close,E01030279,Waveney 002D,Violence and sexual offences,Unable to prosecute suspect,
28b9c5cd1cfa3e02abdc87cb759832a7890d92b3f0e99eb0a33d07bd32b40ba3,2020-02,Norfolk Constabulary,Norfolk Constabulary,1.723899,52.466401,On or near Beechwood Gardens,E01030291,Waveney 008E,Violence and sexual offences,Court result unavailable,
da3f5a877d1d9195089d8c009dd4500f7a823c5344791d94dc72a63d9d13b11d,2020-02,Norfolk Constabulary,Norfolk Constabulary,1.715275,52.421743,On or near Lincoln Court,E01030253,Waveney 012D,Other theft,Unable to prosecute suspect,
1b79e16685d19a448d9f3488c9f50c1e10b41b49debfa9143e38fad551c5e187,2020-02,Norfolk Constabulary,Norfolk Constabulary,-0.770143,53.389762,On or near Washington Street,E01026382,West Lindsey 004D,Violence and sexual offences,Unable to prosecute suspect,
30c212556b8fc8bc53050162584f6298bd5bd7ef3fb74ded294bcaf5134f62fd,2020-02,Norfolk Constabulary,Norfolk Constabulary,-2.057012,52.604872,On or near Wyrley Road,E01010563,Wolverhampton 010D,Violence and sexual offences,Status update unavailable,
97de986b0989343ae818ac7e2d0592de735b16ba9bd444d8bb958fe857ea6f31,2020-02,Norfolk Constabulary,Norfolk Constabulary,-2.111836,52.592390,On or near Tumbler Grove,E01010472,Wolverhampton 015B,Other crime,Status update unavailable,
90851d5d647cc8ccabbf697beb806c6ed691544683de87040fec31edaab4dbc4,2020-02,Norfolk Constabulary,Norfolk Constabulary,-2.090313,52.570600,On or near Hall Park Street,E01010420,Wolverhampton 023C,Violence and sexual offences,Action to be taken by another organisation,
6712301379bb979a81fa4b0c116104da560e113566a91c406b2f8da400fea657,2020-02,Norfolk Constabulary,Norfolk Constabulary,-2.090313,52.570600,On or near Hall Park Street,E01010420,Wolverhampton 023C,Violence and sexual offences,Action to be taken by another organisation,
fbe8035c6299412f8718ad242b02e9874421ca00a41510abf7d029517ee3c676,2020-02,Norfolk Constabulary,Norfolk Constabulary,,,No Location,,,Bicycle theft,Investigation complete; no suspect identified,
a082da48e10ec4086bcea43941c1fbd2897ac59156cf7ffb0a7a393b6e419781,2020-02,Norfolk Constabulary,Norfolk Constabulary,,,No Location,,,Bicycle theft,Investigation complete; no suspect identified,
c95d996ef1d08de7e7d6b177e58cbc733fb483e066539ecddf978782b47f4dda,2020-02,Norfolk Constabulary,Norfolk Constabulary,,,No Location,,,Burglary,Unable to prosecute suspect,
54e2e1c45b7f442f736c396f42920cc46ef326d08b60b2bb1f664905597029d5,2020-02,Norfolk Constabulary,Norfolk Constabulary,,,No Location,,,Burglary,Investigation complete; no suspect identified,
a5bbecd5f6af2f43d31cd847cf737f94deba8f2987b9726462bd150010b7ec6f,2020-02,Norfolk Constabulary,Norfolk Constabulary,,,No Location,,,Burglary,Investigation complete; no suspect identified,
8a07a1736e9809b51e9d5835d3a2fcfbceb38c9745806c3c20f6789636820487,2020-02,Norfolk Constabulary,Norfolk Constabulary,,,No Location,,,Burglary,Investigation complete; no suspect identified,
cfa97dffcc31740524064277fd81880f03655c333dd12c6ab09a32ed53a76452,2020-02,Norfolk Constabulary,Norfolk Constabulary,,,No Location,,,Burglary,Awaiting court outcome,
0ac7a8e37c353a0439ddd30d1098dde4ffdaeafa43e4489dbf9e30796fa97ba5,2020-02,Norfolk Constabulary,Norfolk Constabulary,,,No Location,,,Burglary,Investigation complete; no suspect identified,
94014e9ce3c1f4ebd5c2d5fd6a8d659f2dabd60602a4b22f5f40a52001c9adf6,2020-02,Norfolk Constabulary,Norfolk Constabulary,,,No Location,,,Criminal damage and arson,Investigation complete; no suspect identified,
371b2cba2628144f9caac5b15e7fe8ae2acbe533b42690328932083ca1f04d86,2020-02,Norfolk Constabulary,Norfolk Constabulary,,,No Location,,,Criminal damage and arson,Investigation complete; no suspect identified,
1705174f113cf268adffc7e85c71b9cd2bb78231953a60ac72578e8062088020,2020-02,Norfolk Constabulary,Norfolk Constabulary,,,No Location,,,Criminal damage and arson,Action to be taken by another organisation,
42857860c2dc0748c5620e3b3a81938f5c043eeadf87c83358696f0ce484df4f,2020-02,Norfolk Constabulary,Norfolk Constabulary,,,No Location,,,Criminal damage and arson,Unable to prosecute suspect,
93bb8fa2136b91a2acd250ba4eb6f8e2ba8424aa1660b543c9563546bea3fb6e,2020-02,Norfolk Constabulary,Norfolk Constabulary,,,No Location,,,Criminal damage and arson,Local resolution,
0f90b93c8fea51ff963e8b827beceebdfe2e321dd651c3d0f8a742ecea0a3af3,2020-02,Norfolk Constabulary,Norfolk Constabulary,,,No Location,,,Criminal damage and arson,Status update unavailable,
ce70324c326158abdd605d5c96013894f1539e1031612fd669b85639273f3653,2020-02,Norfolk Constabulary,Norfolk Constabulary,,,No Location,,,Criminal damage and arson,Action to be taken by another organisation,
9ced7dbf96941953643f7c5f725e8e2ee3275b70040dc278a1f4037d8bfc91eb,2020-02,Norfolk Constabulary,Norfolk Constabulary,,,No Location,,,Criminal damage and arson,Unable to prosecute suspect,
7c45530bb6d334be29c7279f90e67f44e4164c263db456c616bdff8e78059dae,2020-02,Norfolk Constabulary,Norfolk Constabulary,,,No Location,,,Criminal damage and arson,Investigation complete; no suspect identified,
dfe8c273ab91aa5ba561d1ebbcd1b98f048c5571948de9c8cee0d2f605ae6082,2020-02,Norfolk Constabulary,Norfolk Constabulary,,,No Location,,,Criminal damage and arson,Unable to prosecute suspect,
0cd9e9c9b8cc6d26d239ee1dfe67f687d2953bf7df4edfb0710c60f7d83ef7fe,2020-02,Norfolk Constabulary,Norfolk Constabulary,,,No Location,,,Criminal damage and arson,Investigation complete; no suspect identified,
101ffd120952daba2321f4fb8662e67f3d65beb1aa01fdda4f76ffa05ffe66df,2020-02,Norfolk Constabulary,Norfolk Constabulary,,,No Location,,,Criminal damage and arson,Investigation complete; no suspect identified,
3f7c2c40e9f44a8eaf87cc76a2072b508a877c7569909b079b35ffdc4630eae5,2020-02,Norfolk Constabulary,Norfolk Constabulary,,,No Location,,,Criminal damage and arson,Unable to prosecute suspect,
a2d9d070fd0a462e359fedc9e1cf3cbbc6b845ea3cc645258b4529ee237140d2,2020-02,Norfolk Constabulary,Norfolk Constabulary,,,No Location,,,Drugs,Awaiting court outcome,
859d3f4e31dfca195883cd796eb25cc8ae8b3d2fbc7755b5e1797270b80c5a32,2020-02,Norfolk Constabulary,Norfolk Constabulary,,,No Location,,,Drugs,Offender given a drugs possession warning,
ddd05d357827d24d8cd89eef2006150fe9e19e34c9d465b4f7f401e5db3bc5a3,2020-02,Norfolk Constabulary,Norfolk Constabulary,,,No Location,,,Drugs,Formal action is not in the public interest,
3ff5bcbf5af74f31f2181a6cea78b5facc3adce6310cf447d66d55f0a0fe8449,2020-02,Norfolk Constabulary,Norfolk Constabulary,,,No Location,,,Drugs,Court result unavailable,
2fe657d0709ee1b30286ad82643754d0e89cb3a57b33d765309a409efd670fd8,2020-02,Norfolk Constabulary,Norfolk Constabulary,,,No Location,,,Drugs,Offender given a drugs possession warning,
2bf6d9b57a5bde5301b97a5dfc7cf5de21d6b9ecc815a137edb38df01aa11b2c,2020-02,Norfolk Constabulary,Norfolk Constabulary,,,No Location,,,Other theft,Investigation complete; no suspect identified,
0d02b40c7bd3462d20a930ac7bd9f62af80aa614eab8c9657fe506980e0165c9,2020-02,Norfolk Constabulary,Norfolk Constabulary,,,No Location,,,Other theft,Investigation complete; no suspect identified,
e8912f2dfd0b597801bc4e656a76947fd4cb33c96e9e61aed4fc2e91c17feaee,2020-02,Norfolk Constabulary,Norfolk Constabulary,,,No Location,,,Other theft,Unable to prosecute suspect,
ecd2bc7de5cd86b781024adb91e9d15e868581c0617986f9dfdf5becf47150c3,2020-02,Norfolk Constabulary,Norfolk Constabulary,,,No Location,,,Other theft,Investigation complete; no suspect identified,
e41432f88f112b0e85b7030687efdbc4fa315a188aa5411eff3910cc389ebf51,2020-02,Norfolk Constabulary,Norfolk Constabulary,,,No Location,,,Other theft,Local resolution,
f91153121251ccf1152f805da45be3a85e0297bc1b56e245d27659378591b2be,2020-02,Norfolk Constabulary,Norfolk Constabulary,,,No Location,,,Other theft,Unable to prosecute suspect,
b2f22cd96a07b5d50b595fdb33bb623ea8d52a706cdcd10eeeacee2e339af36c,2020-02,Norfolk Constabulary,Norfolk Constabulary,,,No Location,,,Other theft,Investigation complete; no suspect identified,
20c1b4fa9a67512e1d4aa0a5a590d56fb037cd0b1157f6cd2871661c5500c90d,2020-02,Norfolk Constabulary,Norfolk Constabulary,,,No Location,,,Other theft,Investigation complete; no suspect identified,
78da52e496debbbcbff02e874ac74818f4993171d5fda9d81598a933af78d663,2020-02,Norfolk Constabulary,Norfolk Constabulary,,,No Location,,,Other theft,Investigation complete; no suspect identified,
dbb8ca77033777bc22cf44c46facc87efd0d0011068a9b23a820e1dd6016a048,2020-02,Norfolk Constabulary,Norfolk Constabulary,,,No Location,,,Other theft,Awaiting court outcome,
a0a1f5862b462602d2adcf6b7997a13dc95c8c9419be7ea2330393bc9dddba04,2020-02,Norfolk Constabulary,Norfolk Constabulary,,,No Location,,,Other theft,Investigation complete; no suspect identified,
090ea6d70313bab46513f60242c25b6cb0b23cc4686f382d9f6d324c2d5a1800,2020-02,Norfolk Constabulary,Norfolk Constabulary,,,No Location,,,Other theft,Unable to prosecute suspect,
ae7b6ecdb3dd3958aeedfe4678e1453c76c0a71bc83d37da8608f6d21abbd827,2020-02,Norfolk Constabulary,Norfolk Constabulary,,,No Location,,,Other theft,Unable to prosecute suspect,
4233ab38e3de2eff29e5c197de7dfd7caca9b806191d3def0011cda5182f89e8,2020-02,Norfolk Constabulary,Norfolk Constabulary,,,No Location,,,Other theft,Investigation complete; no suspect identified,
3dad87a2dabd954c329cd8f55b313cea38c8006465a44d41f1cbf212d15bcea5,2020-02,Norfolk Constabulary,Norfolk Constabulary,,,No Location,,,Other theft,Investigation complete; no suspect identified,
9686f6431a201b1b558b4088435de2df462e8aeae85e439aa6edc31ac7808fe9,2020-02,Norfolk Constabulary,Norfolk Constabulary,,,No Location,,,Other theft,Investigation complete; no suspect identified,
d06f5726bb37bdf1ed90a3b173a2a0fbfeaf1c7fab5d951e1e6897c19cd7e872,2020-02,Norfolk Constabulary,Norfolk Constabulary,,,No Location,,,Other theft,Investigation complete; no suspect identified,
b00fab487bd20d95df5d664d4fae56a062f3c9752462d1301aab109f776fac9e,2020-02,Norfolk Constabulary,Norfolk Constabulary,,,No Location,,,Other theft,Investigation complete; no suspect identified,
d2a8888abe6e86c8e3a7ccc35e6d7d2f6ff641d4f9b5f5f39be73da75cb7768b,2020-02,Norfolk Constabulary,Norfolk Constabulary,,,No Location,,,Other theft,Investigation complete; no suspect identified,
cd9bf7863e45134f7963a9e1e966af702d97b8d18ff0f05c60f8b4684eb65275,2020-02,Norfolk Constabulary,Norfolk Constabulary,,,No Location,,,Other theft,Investigation complete; no suspect identified,
a035fb47657b4fb0839761fc3baf49a8c7874e53c50aa1d0adc512235d89ac2a,2020-02,Norfolk Constabulary,Norfolk Constabulary,,,No Location,,,Other theft,Court result unavailable,
1bf2e5ef67dd0994d8dfeb01823c5bdc40a37d84cfe112e58934422a7874b2a1,2020-02,Norfolk Constabulary,Norfolk Constabulary,,,No Location,,,Possession of weapons,Unable to prosecute suspect,
d33fd90492b86199e843b4d3734238f3e18bcccb15e36ed6c73ca97291771072,2020-02,Norfolk Constabulary,Norfolk Constabulary,,,No Location,,,Possession of weapons,Court result unavailable,
c63920d495bbfa5fa3b414747cb6f09236e2aa97d2059f40235a1698f68a3882,2020-02,Norfolk Constabulary,Norfolk Constabulary,,,No Location,,,Possession of weapons,Court result unavailable,
02d7f9ae279447f29b930c194482ba22e5285afea5ceafae3ff980c333aa012f,2020-02,Norfolk Constabulary,Norfolk Constabulary,,,No Location,,,Public order,Unable to prosecute suspect,
c234b572ba589384eea5643af3d22e0d6219c553bf942a5d1adf32936f752c11,2020-02,Norfolk Constabulary,Norfolk Constabulary,,,No Location,,,Public order,Unable to prosecute suspect,
24b86f28085aae5defa2035e27baa5b8d771561fb5ac42f6e2315fdc6467a827,2020-02,Norfolk Constabulary,Norfolk Constabulary,,,No Location,,,Public order,Investigation complete; no suspect identified,
d3f92af1055899d56ae24e1922fc52b8e8645e9ad635b6844b554284ed34a0c2,2020-02,Norfolk Constabulary,Norfolk Constabulary,,,No Location,,,Public order,Unable to prosecute suspect,
6cf26164eb980008c195b4259f095a12ba22c02087b459b0bb2cd4394ca7e9ba,2020-02,Norfolk Constabulary,Norfolk Constabulary,,,No Location,,,Public order,Investigation complete; no suspect identified,
e10999f8cccc9202d6ec40df52da20fedbade61259b6109b89d02369cbbc3d84,2020-02,Norfolk Constabulary,Norfolk Constabulary,,,No Location,,,Public order,Unable to prosecute suspect,
a380af9539b1a38668010ff513a27daba9f797b6a595114f1259b0cf2be8abd4,2020-02,Norfolk Constabulary,Norfolk Constabulary,,,No Location,,,Public order,Formal action is not in the public interest,
8cdc3939b07dd1cd20823543424b946bc52e3ba7e23e4d8a8f823ee5b534d3a4,2020-02,Norfolk Constabulary,Norfolk Constabulary,,,No Location,,,Public order,Unable to prosecute suspect,
15391e107450211f1cc225ffcc213805a235ccf0114987dca8666a06c4acff9d,2020-02,Norfolk Constabulary,Norfolk Constabulary,,,No Location,,,Public order,Unable to prosecute suspect,
ed6731c71861e8c8b962c59a24832320433de0bfbdade139d33f026324f29464,2020-02,Norfolk Constabulary,Norfolk Constabulary,,,No Location,,,Public order,Formal action is not in the public interest,
356ccfc201928570bb87da620db70b41ba07a03789abdf587a412939f1e8b0d6,2020-02,Norfolk Constabulary,Norfolk Constabulary,,,No Location,,,Public order,Investigation complete; no suspect identified,
a180e9a6f70fb6b3b45f7bfc0c933a2a5875d705cfbfc932dc12490a87a9cac9,2020-02,Norfolk Constabulary,Norfolk Constabulary,,,No Location,,,Public order,Court result unavailable,
d14b26235e7035727848605ab2bcbee2543209a8aa0131d03e12cf7aba451e06,2020-02,Norfolk Constabulary,Norfolk Constabulary,,,No Location,,,Public order,Unable to prosecute suspect,
df7db56781e70f6704b1fc03206080f1c371ccecdc6e165b4cd742e8a1af46b8,2020-02,Norfolk Constabulary,Norfolk Constabulary,,,No Location,,,Public order,Court result unavailable,
b4f70b93d27692f590d8fd40d74c17a5cffb802cbab5d80472a4b15277e5b56b,2020-02,Norfolk Constabulary,Norfolk Constabulary,,,No Location,,,Public order,Unable to prosecute suspect,
6ecfa89a40a885ca773036ed8bff330dee5ac25202aa3c3286387d57cac7c7b4,2020-02,Norfolk Constabulary,Norfolk Constabulary,,,No Location,,,Robbery,Investigation complete; no suspect identified,
c19cf1ed9d8ef8542df5720c1736f869a294314c196c57c64f2a435c4f78469f,2020-02,Norfolk Constabulary,Norfolk Constabulary,,,No Location,,,Robbery,Investigation complete; no suspect identified,
e1b2b7f7d3ad43352e95d5627b5e3eba07ecc1ce54aae9edd30aa2a53e6210a0,2020-02,Norfolk Constabulary,Norfolk Constabulary,,,No Location,,,Shoplifting,Unable to prosecute suspect,
c5cac21b9e23558dbb5e86f0a7f65281cda150fc2deb7403e97954f5bf67239e,2020-02,Norfolk Constabulary,Norfolk Constabulary,,,No Location,,,Shoplifting,Unable to prosecute suspect,
f2773de9b89beffadaddac5c00b17d70306f9f42521f27de6242c9b80d43de3a,2020-02,Norfolk Constabulary,Norfolk Constabulary,,,No Location,,,Shoplifting,Unable to prosecute suspect,
ff92b16377a419727dbb28a00a407e0fed52c3531d6a68a85e2e55889fef5419,2020-02,Norfolk Constabulary,Norfolk Constabulary,,,No Location,,,Shoplifting,Investigation complete; no suspect identified,
4587d80730b9fcd04ae5c9af3c1fc78ab982ed29965ea56f724da626761bfceb,2020-02,Norfolk Constabulary,Norfolk Constabulary,,,No Location,,,Shoplifting,Unable to prosecute suspect,
0837dd7c87286a341c1578116c4d5f4112a67cb36835f91bc54e6f1a295eb525,2020-02,Norfolk Constabulary,Norfolk Constabulary,,,No Location,,,Shoplifting,Court result unavailable,
9708d92acedf973cbc4cd5b8341a59507fd225e4865798ffca2e802761eb94c7,2020-02,Norfolk Constabulary,Norfolk Constabulary,,,No Location,,,Shoplifting,Unable to prosecute suspect,
4037317413008ac6b1507761cb6115016beb396d8f1a0acae336bfd4563cb30d,2020-02,Norfolk Constabulary,Norfolk Constabulary,,,No Location,,,Shoplifting,Offender given penalty notice,
701e9506fa5b65d00179aa018f83c97a7095452d5d4b5b3c717ce80e43941cd3,2020-02,Norfolk Constabulary,Norfolk Constabulary,,,No Location,,,Shoplifting,Court result unavailable,
f602c5937e7776645e23a4873206fba2c5ed71d4d10eef61ab0f774d41a12549,2020-02,Norfolk Constabulary,Norfolk Constabulary,,,No Location,,,Shoplifting,Court result unavailable,
6ca2c4f0a6075b15b4c83b60265ae6f856bf6805e515eca862d109f3bf94be31,2020-02,Norfolk Constabulary,Norfolk Constabulary,,,No Location,,,Shoplifting,Court result unavailable,
951df12779670ec09a27fb317e3dd6fc5f5ee0d6858a4a214e912d75986a3485,2020-02,Norfolk Constabulary,Norfolk Constabulary,,,No Location,,,Shoplifting,Further action is not in the public interest,
9f95557c7051c87180a4bf6b70cc3fce7f674cdf81cbb26a560c7066ba49cc2c,2020-02,Norfolk Constabulary,Norfolk Constabulary,,,No Location,,,Shoplifting,Investigation complete; no suspect identified,
3d410621a0fd863af6e0e2fa4005536690af275f3def18e1cfd33011abbe6c52,2020-02,Norfolk Constabulary,Norfolk Constabulary,,,No Location,,,Shoplifting,Further action is not in the public interest,
6ea73af6d78bdea2d990c9615adf2d3de77df599ab8077de9e19486953223379,2020-02,Norfolk Constabulary,Norfolk Constabulary,,,No Location,,,Shoplifting,Further action is not in the public interest,
d080ae2b83eb112bf1928b711ece4bd848f00c65f59809c205540b67f656d104,2020-02,Norfolk Constabulary,Norfolk Constabulary,,,No Location,,,Shoplifting,Investigation complete; no suspect identified,
0f4e70f8c29aaad8212f95034606c37becb44bb751ba67e206b43b32c103c100,2020-02,Norfolk Constabulary,Norfolk Constabulary,,,No Location,,,Shoplifting,Unable to prosecute suspect,
567282af980032f15464dd900f6d7e2d092be21d44bc567723d835c4ca7cf613,2020-02,Norfolk Constabulary,Norfolk Constabulary,,,No Location,,,Shoplifting,Unable to prosecute suspect,
1f6e0f3b33526eb39dd68592a8e83b7e9e469482424acdd718392f86f165b9a6,2020-02,Norfolk Constabulary,Norfolk Constabulary,,,No Location,,,Shoplifting,Investigation complete; no suspect identified,
c5fd13aed6f87a9c3215ffb271ef07cae4717db4c19a752af09050c2a8625cb0,2020-02,Norfolk Constabulary,Norfolk Constabulary,,,No Location,,,Shoplifting,Court result unavailable,
53b72a6c60278b6a9d60604170d10f99e6becddef7e7ef9a928064ca05781745,2020-02,Norfolk Constabulary,Norfolk Constabulary,,,No Location,,,Shoplifting,Court result unavailable,
77a6b82583b117238c3332e452e10087cc041a3cd7285358dc14c715e87bd76d,2020-02,Norfolk Constabulary,Norfolk Constabulary,,,No Location,,,Shoplifting,Formal action is not in the public interest,
5bd0c1dc3300ff0b7c57646bb747ec64e841c618da1cf3c0117f65272749c119,2020-02,Norfolk Constabulary,Norfolk Constabulary,,,No Location,,,Shoplifting,Investigation complete; no suspect identified,
d924072c92bbe1574eb9b4b8a1f6d0c022d829124ea37919b7ff1d5fb1c8006d,2020-02,Norfolk Constabulary,Norfolk Constabulary,,,No Location,,,Shoplifting,Action to be taken by another organisation,
725e36e3430433f14ef6e2aabbd50c4309b0ac7e353b358c8e57ef537654d6d8,2020-02,Norfolk Constabulary,Norfolk Constabulary,,,No Location,,,Shoplifting,Court result unavailable,
ef40fce049c325a94acb6239b509d1dd9d1c61ff30d438796abe42d6c6303908,2020-02,Norfolk Constabulary,Norfolk Constabulary,,,No Location,,,Shoplifting,Unable to prosecute suspect,
ba3476a7061a9b617d3c1e6bec9d5f72dbfb0df638e02223d8443995a6f6258d,2020-02,Norfolk Constabulary,Norfolk Constabulary,,,No Location,,,Shoplifting,Further action is not in the public interest,
b76fb688024f3e250c0885506684a81d5cf2dcebc92137b88d8d2e7232db95cd,2020-02,Norfolk Constabulary,Norfolk Constabulary,,,No Location,,,Shoplifting,Unable to prosecute suspect,
3ad2e43c1402f3e5a1ca66ab84cc6d4fabbc3b36ea6d39fc39d0c422d6f88a78,2020-02,Norfolk Constabulary,Norfolk Constabulary,,,No Location,,,Theft from the person,Investigation complete; no suspect identified,
4e17deac3cdd1a597b451440493bce7b3d9cce6f0318e878396907dda8195325,2020-02,Norfolk Constabulary,Norfolk Constabulary,,,No Location,,,Theft from the person,Unable to prosecute suspect,
7d080fc519e15f7069a5db948bae534aa02b6a8df5ed83eebfbbeae3f0338731,2020-02,Norfolk Constabulary,Norfolk Constabulary,,,No Location,,,Vehicle crime,Investigation complete; no suspect identified,
758ee79b9a83d6d779ccbaacf5fd514ee413282be7987fe10bc5997443cbac78,2020-02,Norfolk Constabulary,Norfolk Constabulary,,,No Location,,,Vehicle crime,Status update unavailable,
7f76a78d307811d898cb8f1505291e81f8c0b4ebba92ef6270de09c288c9b4ac,2020-02,Norfolk Constabulary,Norfolk Constabulary,,,No Location,,,Vehicle crime,Investigation complete; no suspect identified,
dde9bcfcad16aef55a013772183e2ed07c8f2ef854c1b7ef4406d73a30a8c96c,2020-02,Norfolk Constabulary,Norfolk Constabulary,,,No Location,,,Vehicle crime,Investigation complete; no suspect identified,
edd672a404cf2f5f01574996da8c89121dd2a314fec03daae9686eeb275779ca,2020-02,Norfolk Constabulary,Norfolk Constabulary,,,No Location,,,Vehicle crime,Unable to prosecute suspect,
44007d212aa9438d0637839fc9c5d86f751107291c8407309f76fa97d4975f76,2020-02,Norfolk Constabulary,Norfolk Constabulary,,,No Location,,,Vehicle crime,Court result unavailable,
dbd4b70312ab737013da02d4d118f1ae799ea84c58dc4254e7fc1162f986a598,2020-02,Norfolk Constabulary,Norfolk Constabulary,,,No Location,,,Vehicle crime,Status update unavailable,
094ea9c096e87d8afb238f30dd51f0af97b32c2335a77a26afc7b10cfafc284b,2020-02,Norfolk Constabulary,Norfolk Constabulary,,,No Location,,,Violence and sexual offences,Investigation complete; no suspect identified,
0470320abc84a6c6270214103f476b883d10387dc53f7d945da3baba9056bacd,2020-02,Norfolk Constabulary,Norfolk Constabulary,,,No Location,,,Violence and sexual offences,Unable to prosecute suspect,
69d952d481cc983817edaf5d60b0f49954c132f0ea7689bb98bdc52f30d03364,2020-02,Norfolk Constabulary,Norfolk Constabulary,,,No Location,,,Violence and sexual offences,Unable to prosecute suspect,
add2d12f1e1598b23aaa319150851ff95f6f622b1e913daf8d2f6df09285fa91,2020-02,Norfolk Constabulary,Norfolk Constabulary,,,No Location,,,Violence and sexual offences,Unable to prosecute suspect,
01399c82140fb5078eac2e0d50bd9e5415026d1f0231b6a4819d912a99e7ebf4,2020-02,Norfolk Constabulary,Norfolk Constabulary,,,No Location,,,Violence and sexual offences,Unable to prosecute suspect,
1d75b35e954ec92c7063fbec03484cb871a93d01caeac2ba7291cf0604744f95,2020-02,Norfolk Constabulary,Norfolk Constabulary,,,No Location,,,Violence and sexual offences,Unable to prosecute suspect,
3b49bd4cf8ae010fe6eb9ff322831a4e9c6dd122820e26db0b3987547733a04c,2020-02,Norfolk Constabulary,Norfolk Constabulary,,,No Location,,,Violence and sexual offences,Unable to prosecute suspect,
a930927c24d98891398bd8d98d50f6f7179ec8ee303f716d8794b2b076cab307,2020-02,Norfolk Constabulary,Norfolk Constabulary,,,No Location,,,Violence and sexual offences,Local resolution,
9b46fcb387b0e0e1b4324f5e2c464c2e8ed9739e714ae85929e5371ba7072f59,2020-02,Norfolk Constabulary,Norfolk Constabulary,,,No Location,,,Violence and sexual offences,Unable to prosecute suspect,
52542ac3cd3da2e94e05e21f5b78ddcddd9167d954b66979a34456b7d887c6af,2020-02,Norfolk Constabulary,Norfolk Constabulary,,,No Location,,,Violence and sexual offences,Unable to prosecute suspect,
8bf6ec44a29daf24c984e202f6f950714bb829732ffce31d2a472a7d20c14c83,2020-02,Norfolk Constabulary,Norfolk Constabulary,,,No Location,,,Violence and sexual offences,Unable to prosecute suspect,
d07b4e28237647998ed60fabc8571baebf51f0edb0250deab61e46ac25343d5c,2020-02,Norfolk Constabulary,Norfolk Constabulary,,,No Location,,,Violence and sexual offences,Unable to prosecute suspect,
c4784e33190f8c717aee4e072fdebff5c190ac51437099c43855f6826019b874,2020-02,Norfolk Constabulary,Norfolk Constabulary,,,No Location,,,Violence and sexual offences,Offender given a caution,
65a7cbdb1fc309aaabd29dfa0670c66d9bfdeeb9c07b015a38d3cdf42441fa18,2020-02,Norfolk Constabulary,Norfolk Constabulary,,,No Location,,,Violence and sexual offences,Unable to prosecute suspect,
af93088523a1ebd781aebdc173768ba3f98937225a886ec1ce7d62d1c9509741,2020-02,Norfolk Constabulary,Norfolk Constabulary,,,No Location,,,Violence and sexual offences,Offender given a caution,
aebfec16346243e30d7ecf1b3877d420a4638d5e2561ac65babc38fdc0c5bdd5,2020-02,Norfolk Constabulary,Norfolk Constabulary,,,No Location,,,Violence and sexual offences,Unable to prosecute suspect,
19f12a88854a08178e73bcd895ec330c68f9607bccedd7e9451f06b6fe2447e3,2020-02,Norfolk Constabulary,Norfolk Constabulary,,,No Location,,,Violence and sexual offences,Unable to prosecute suspect,
39a52bc1885614c7bc82a0da0862e6655f6480839617b6e740dd313eb26e3e74,2020-02,Norfolk Constabulary,Norfolk Constabulary,,,No Location,,,Violence and sexual offences,Unable to prosecute suspect,
a235fc3f6968100553633b6c94296e17402feb2c2ed3abb3c2ec68f396eae0a9,2020-02,Norfolk Constabulary,Norfolk Constabulary,,,No Location,,,Violence and sexual offences,Unable to prosecute suspect,
6a8f6e1fb0e9c8faea4ab47ec665932fd46c77a2ceea02a52d0f8195797893fb,2020-02,Norfolk Constabulary,Norfolk Constabulary,,,No Location,,,Violence and sexual offences,Court result unavailable,
97a16dd4ce8c8fa3421e4c78bbba35d90e3b91c7929cea361a5805db575e9a71,2020-02,Norfolk Constabulary,Norfolk Constabulary,,,No Location,,,Violence and sexual offences,Unable to prosecute suspect,
98c061090c6394bb42020c6d47fa1413f955e5fbc49c80e8ed2b0985419cfb2c,2020-02,Norfolk Constabulary,Norfolk Constabulary,,,No Location,,,Violence and sexual offences,Unable to prosecute suspect,
8bd5b1f752e9bdc5d1306ef6e175e5a599e25491038e3094340020606f93f817,2020-02,Norfolk Constabulary,Norfolk Constabulary,,,No Location,,,Violence and sexual offences,Unable to prosecute suspect,
7881b7dc0b9b9520225387729fba76c354ef179eb7d1c2eb3976bf2df1b5c3c5,2020-02,Norfolk Constabulary,Norfolk Constabulary,,,No Location,,,Violence and sexual offences,Unable to prosecute suspect,
ac49bd3711580a733a200ff9db8d3a3483c9af0e2fbc531faa4765c4ff429c78,2020-02,Norfolk Constabulary,Norfolk Constabulary,,,No Location,,,Violence and sexual offences,Unable to prosecute suspect,
f6f67dd0166f671e5f9c99ee44400319166e209764ab759ac26f3bd700c88c87,2020-02,Norfolk Constabulary,Norfolk Constabulary,,,No Location,,,Violence and sexual offences,Unable to prosecute suspect,
4c3534f77c993937bae0ed660f8fbcc352b337d401c75ba4ce3cd5b6335b0280,2020-02,Norfolk Constabulary,Norfolk Constabulary,,,No Location,,,Violence and sexual offences,Unable to prosecute suspect,
c6724c73962f7c8899f670fa68383f4398f377e0f1e2d8204622525b5e9e9d29,2020-02,Norfolk Constabulary,Norfolk Constabulary,,,No Location,,,Violence and sexual offences,Offender given a caution,
9bcc2c7776eae45892a377753cc60897c0880b040189d060833832d62b7ada3c,2020-02,Norfolk Constabulary,Norfolk Constabulary,,,No Location,,,Violence and sexual offences,Unable to prosecute suspect,
5861f68b320c752929ae80e3e58553b182b872cf4758e0c97324e8e90fe7c02b,2020-02,Norfolk Constabulary,Norfolk Constabulary,,,No Location,,,Violence and sexual offences,Unable to prosecute suspect,
9170bb67845eb88f434b788478239c875cc72e8a9721daa795696f7009d3a6cf,2020-02,Norfolk Constabulary,Norfolk Constabulary,,,No Location,,,Violence and sexual offences,Unable to prosecute suspect,
14b850a12331df6e4d03b8976077fb65c711722dfcd4fcf1ce19d94e639e4d16,2020-02,Norfolk Constabulary,Norfolk Constabulary,,,No Location,,,Violence and sexual offences,Unable to prosecute suspect,
d602b7a80d2d73054777d84fcf4d82617894c465314475cf5fdebeaa3ce7dad2,2020-02,Norfolk Constabulary,Norfolk Constabulary,,,No Location,,,Violence and sexual offences,Action to be taken by another organisation,
5532e4a277a0a32ad6574a7f747838dd2088a658003059428175bd993a3da014,2020-02,Norfolk Constabulary,Norfolk Constabulary,,,No Location,,,Violence and sexual offences,Unable to prosecute suspect,
f2777bbfe5a1b822aee62b4a7e2a122cc0b702c6dddb398c968f5c4d4b058e54,2020-02,Norfolk Constabulary,Norfolk Constabulary,,,No Location,,,Violence and sexual offences,Unable to prosecute suspect,
9655d05631f274c61f4ab8c67c74df1685144f8ab8a3669380d322010202d6ad,2020-02,Norfolk Constabulary,Norfolk Constabulary,,,No Location,,,Violence and sexual offences,Offender given a caution,
9075409ebd33384cee02ad58840b8ebaaf7c58109bff40ccc62436e5097e732f,2020-02,Norfolk Constabulary,Norfolk Constabulary,,,No Location,,,Violence and sexual offences,Unable to prosecute suspect,
20341dde711b40c75bbfd0fddf8a7b17631a925831f0ef09c50b92595865778e,2020-02,Norfolk Constabulary,Norfolk Constabulary,,,No Location,,,Violence and sexual offences,Investigation complete; no suspect identified,
0df4cfed86f550313e147e0ce1421001886975de896ae8f1691dbda0c154a17e,2020-02,Norfolk Constabulary,Norfolk Constabulary,,,No Location,,,Violence and sexual offences,Investigation complete; no suspect identified,
979c793cf8c5ed988fb788380f9f6c943c45d66f0f40298f401f1dd8c108d166,2020-02,Norfolk Constabulary,Norfolk Constabulary,,,No Location,,,Violence and sexual offences,Court result unavailable,
2b96decd8a47338e63ed6be7fa107c30002f7f1a699456fe0887e460d6711e45,2020-02,Norfolk Constabulary,Norfolk Constabulary,,,No Location,,,Violence and sexual offences,Status update unavailable,
5dcad5a240c5600cfafec3071e698befecb712db95e38523358e643126c62229,2020-02,Norfolk Constabulary,Norfolk Constabulary,,,No Location,,,Violence and sexual offences,Unable to prosecute suspect,
e9e83519b6a7792b4f23fd28422d0dd3211498c3c6ae9e35a56ceb9051ae3f83,2020-02,Norfolk Constabulary,Norfolk Constabulary,,,No Location,,,Violence and sexual offences,Investigation complete; no suspect identified,
e0136f08ed79766529d3f7d61c5643da670e1593f6a3fd6303c4e5690f2b11d8,2020-02,Norfolk Constabulary,Norfolk Constabulary,,,No Location,,,Violence and sexual offences,Unable to prosecute suspect,
8b1ad5fa9782b51a0fc9b21ad433dd7ccf64958a7f88778be69eba09e216c599,2020-02,Norfolk Constabulary,Norfolk Constabulary,,,No Location,,,Violence and sexual offences,Unable to prosecute suspect,
043450cfffe7e725a1c32e59fb798a8faaa28a18479d378229ad65e06ce32f61,2020-02,Norfolk Constabulary,Norfolk Constabulary,,,No Location,,,Violence and sexual offences,Unable to prosecute suspect,
7b072a59d7fe3e463914f04c603684ce957038b45eb6bd9c213abd0904ded0b3,2020-02,Norfolk Constabulary,Norfolk Constabulary,,,No Location,,,Violence and sexual offences,Investigation complete; no suspect identified,
51ecec6dab70b01d611691014fe9aa27f484e4e5ebca3a586291a92f396c3642,2020-02,Norfolk Constabulary,Norfolk Constabulary,,,No Location,,,Violence and sexual offences,Unable to prosecute suspect,
0cdf0cda0d21fc061485166fe4fb8c8af11e1b76cc02714e8583aa8958977449,2020-02,Norfolk Constabulary,Norfolk Constabulary,,,No Location,,,Violence and sexual offences,Unable to prosecute suspect,
f65f47eaf5d7606f18fd024b681b5b6d8741c00ddac58d3d3749b141222afbbc,2020-02,Norfolk Constabulary,Norfolk Constabulary,,,No Location,,,Violence and sexual offences,Unable to prosecute suspect,
2edea382a859643580dad34cb8afa92e2d483b2bc948b4caa6bc0446ea500ac3,2020-02,Norfolk Constabulary,Norfolk Constabulary,,,No Location,,,Other crime,Action to be taken by another organisation,
b467a80300190b121e878f684ccb43c908e19c035f78044f4e5ba5d077ad37ef,2020-02,Norfolk Constabulary,Norfolk Constabulary,,,No Location,,,Other crime,Action to be taken by another organisation,
